CTD_data/C212_2_3.cnv
* Sea-Bird SBE 25 Data File:
* FileName = C:\CTD_Data\C212_2\C212_2_3.hex
* Software Version Seasave V 7.19
* Temperature SN = 4430
* Conductivity SN = 3138
* System UpLoad Time = May 08 2014 16:53:15
** Ship: Hermano Gines
** Station: Car 212_2
** Operator: Luis Medina
** Latitude: 10 30.10 N
** Longitude: 64 39.86 W
** tercer perfil
# nquan = 24                                
# nvalues = 1815                        
# units = specified
# name 0 = scan: Scan Count
# name 1 = prSM: Pressure, Strain Gauge [db]
# name 2 = depSM: Depth [salt water, m]
# name 3 = t090C: Temperature [ITS-90, deg C]
# name 4 = c0S/m: Conductivity [S/m]
# name 5 = sbeox0V: Oxygen Voltage, SBE 43
# name 6 = flECO-AFL: Fluorescence, Wetlab ECO-AFL/FL [mg/m^3]
# name 7 = bat: Beam Attenuation, Chelsea/Seatech/Wetlab CStar [1/m]
# name 8 = dz/dtM: Descent Rate [m/s]
# name 9 = oxsatML/L: Oxygen Saturation [ml/l]
# name 10 = oxsatMg/L: Oxygen Saturation [mg/l]
# name 11 = sbeox0ML/L: Oxygen, SBE 43 [ml/l], WS = 2
# name 12 = sbeox0Mg/L: Oxygen, SBE 43 [mg/l], WS = 2
# name 13 = sbeox0Mm/Kg: Oxygen, SBE 43 [umol/Kg], WS = 2
# name 14 = sigma-é00: Density [sigma-theta, Kg/m^3]
# name 15 = sigma-t00: Density [sigma-t, Kg/m^3 ]
# name 16 = depSM: Depth [salt water, m], lat = 10.5
# name 17 = potemp090C: Potential Temperature [ITS-90, deg C]
# name 18 = sal00: Salinity [PSU]
# name 19 = E: stability, E [rad^2/m]
# name 20 = E10^-8: stability, E [10^-8 rad^2/m]
# name 21 = N^2: buoyancy frequency, N^2 [rad^2/s^2]
# name 22 = N: buoyancy frequency, N [cycles/h]
# name 23 = flag: flag
# span 0 =        146,      30426       
# span 1 =      1.000,    908.000       
# span 2 =      0.994,    900.882       
# span 3 =    17.2493,    23.9071       
# span 4 =   4.692703,   5.427887       
# span 5 =     0.5245,     2.7878       
# span 6 =    -0.1137,     0.6618       
# span 7 =     0.0384,     0.2784       
# span 8 =     -1.194,      1.031       
# span 9 =    4.76685,    5.39954       
# span 10 =    6.81230,    7.71648      
# span 11 =    0.00348,    4.78100      
# span 12 =    0.00497,    6.83252      
# span 13 =      0.151,    207.755      
# span 14 =    25.0208,    26.4628      
# span 15 =    25.0207,    26.4304      
# span 16 =      0.994,    900.882      
# span 17 =    17.0989,    23.9065      
# span 18 =    36.2656,    36.8401      
# span 19 = -2.545e-08, 6.4480e-05      
# span 20 =       -2.5,     6448.0      
# span 21 = -2.490e-07, 6.3074e-04      
# span 22 =      -0.29,      14.39      
# span 23 = 0.0000e+00, 0.0000e+00      
# interval = decibars: 1                
# start_time = May 08 2014 16:53:15
# bad_flag = -9.990e-29
*END*
[from data line 1027]
      14005    788.000    782.047    17.2519   4.695621     0.5254    -0.0952     0.0438     -0.773    5.39921    7.71601    0.00563    0.00804      0.244    26.4611    26.4286    782.047    17.1175    36.2698 3.6545e-08        3.7 3.5748e-07       0.34 0.0000e+00
      14017    787.000    781.057    17.2522   4.695616     0.5249    -0.0956     0.0413     -0.568    5.39917    7.71596    0.00810    0.01157      0.352    26.4610    26.4286    781.057    17.1180    36.2698 3.3792e-08        3.4 3.3055e-07       0.33 0.0000e+00
      14025    786.000    780.066    17.2526   4.695631     0.5250    -0.0956     0.0425     -0.869    5.39913    7.71589    0.00647    0.00925      0.281    26.4610    26.4286    780.066    17.1185    36.2700 4.4077e-08        4.4 4.3117e-07       0.38 0.0000e+00
      14035    785.000    779.075    17.2528   4.695630     0.5250    -0.0956     0.0420     -0.921    5.39910    7.71585    0.00676    0.00966      0.294    26.4610    26.4287    779.076    17.1189    36.2702 5.8259e-08        5.8 5.6989e-07       0.43 0.0000e+00
      14048    784.000    778.085    17.2527   4.695572     0.5248    -0.0848     0.0403     -0.516    5.39911    7.71587    0.00787    0.01125      0.342    26.4610    26.4287    778.085    17.1190    36.2701 5.1648e-08        5.2 5.0523e-07       0.41 0.0000e+00
      14058    783.000    777.094    17.2536   4.695627     0.5252    -0.0809     0.0427     -0.754    5.39901    7.71573    0.00757    0.01083      0.329    26.4608    26.4285    777.094    17.1200    36.2702 5.3170e-08        5.3 5.2011e-07       0.41 0.0000e+00
      14068    782.000    776.104    17.2541   4.695671     0.5250    -0.0956     0.0418     -0.868    5.39895    7.71564    0.00703    0.01005      0.305    26.4608    26.4286    776.104    17.1207    36.2705 4.9269e-08        4.9 4.8195e-07       0.40 0.0000e+00
      14079    781.000    775.113    17.2554   4.695804     0.5253 -9.990e-29     0.0418     -0.710    5.39881    7.71544    0.00717    0.01024      0.311    26.4608    26.4286    775.113    17.1222    36.2709 5.3737e-08        5.4 5.2565e-07       0.42 0.0000e+00
      14090    780.000    774.123    17.2556   4.695765     0.5247    -0.1030     0.0417     -0.725    5.39879    7.71541    0.00518    0.00740      0.225    26.4606    26.4284    774.123    17.1226    36.2707 6.0700e-08        6.1 5.9377e-07       0.44 0.0000e+00
      14101    779.000    773.132    17.2558   4.695781     0.5245    -0.1030     0.0404     -0.763    5.39876    7.71537    0.00610    0.00872      0.265    26.4607    26.4286    773.132    17.1229    36.2711 5.6862e-08        5.7 5.5623e-07       0.43 0.0000e+00
      14111    778.000    772.142    17.2565   4.695829     0.5250    -0.0953     0.0404     -0.756    5.39868    7.71525    0.00820    0.01172      0.356    26.4607    26.4286    772.141    17.1238    36.2712 5.3557e-08        5.4 5.2390e-07       0.41 0.0000e+00
      14120    777.000    771.151    17.2571   4.695884     0.5246    -0.0956     0.0406     -0.839    5.39861    7.71515    0.00430    0.00614      0.187    26.4607    26.4287    771.151    17.1246    36.2715 5.7714e-08        5.8 5.6456e-07       0.43 0.0000e+00
      14131    776.000    770.160    17.2578   4.695922     0.5248    -0.0956     0.0404     -0.797    5.39853    7.71504    0.00942    0.01347      0.409    26.4606    26.4286    770.160    17.1254    36.2716 5.0126e-08        5.0 4.9034e-07       0.40 0.0000e+00
      14144    775.000    769.169    17.2583   4.695931     0.5252    -0.0865     0.0402     -0.567    5.39848    7.71497    0.00744    0.01064      0.323    26.4604    26.4285    769.169    17.1261    36.2716 5.1310e-08        5.1 5.0192e-07       0.41 0.0000e+00
      14154    774.000    768.179    17.2583   4.695894     0.5250    -0.0954     0.0420     -0.737    5.39848    7.71496    0.00658    0.00940      0.286    26.4604    26.4285    768.179    17.1263    36.2717 5.0266e-08        5.0 4.9171e-07       0.40 0.0000e+00
      14164    773.000    767.188    17.2583   4.695854     0.5252    -0.0956     0.0406     -0.861    5.39847    7.71496    0.00844    0.01207      0.367    26.4604    26.4285    767.188    17.1265    36.2717 3.6812e-08        3.7 3.6009e-07       0.34 0.0000e+00
      14174    772.000    766.197    17.2584   4.695818     0.5251    -0.0956     0.0404     -0.825    5.39847    7.71495    0.00789    0.01128      0.343    26.4603    26.4285    766.197    17.1267    36.2717 3.2386e-08        3.2 3.1680e-07       0.32 0.0000e+00
      14186    771.000    765.207    17.2585   4.695811     0.5251    -0.0866     0.0408     -0.607    5.39845    7.71493    0.00554    0.00793      0.241    26.4604    26.4286    765.207    17.1270    36.2719 1.6408e-08        1.6 1.6051e-07       0.23 0.0000e+00
      14195    770.000    764.216    17.2586   4.695758     0.5250    -0.0946     0.0425     -0.839    5.39845    7.71492    0.00791    0.01130      0.343    26.4602    26.4285    764.216    17.1273    36.2717 1.5067e-08        1.5 1.4739e-07       0.22 0.0000e+00
      14207    769.000    763.226    17.2585   4.695737     0.5251    -0.1006     0.0396     -0.689    5.39844    7.71491    0.00673    0.00962      0.292    26.4604    26.4287    763.226    17.1274    36.2720 1.4375e-08        1.4 1.4062e-07       0.21 0.0000e+00
      14218    768.000    762.235    17.2584   4.695683     0.5249    -0.0956     0.0407     -0.728    5.39845    7.71493    0.00669    0.00956      0.291    26.4604    26.4287    762.235    17.1274    36.2720 1.8426e-08        1.8 1.8024e-07       0.24 0.0000e+00
      14227    767.000    761.244    17.2584   4.695630     0.5251    -0.0956     0.0409     -0.837    5.39846    7.71493    0.00893    0.01276      0.388    26.4603    26.4287    761.244    17.1276    36.2719 2.3821e-08        2.4 2.3302e-07       0.28 0.0000e+00
      14238    766.000    760.254    17.2583   4.695596     0.5253    -0.0882     0.0397     -0.789    5.39846    7.71494    0.00816    0.01167      0.355    26.4604    26.4288    760.254    17.1277    36.2721 2.5147e-08        2.5 2.4599e-07       0.28 0.0000e+00
      14249    765.000    759.263    17.2587   4.695583     0.5250    -0.0923     0.0399     -0.726    5.39843    7.71489    0.00592    0.00846      0.257    26.4602    26.4287    759.263    17.1282    36.2720 1.8112e-08        1.8 1.7717e-07       0.24 0.0000e+00
      14261    764.000    758.272    17.2587   4.695567     0.5251    -0.0827     0.0408     -0.590    5.39842    7.71488    0.00776    0.01109      0.337    26.4603    26.4288    758.272    17.1284    36.2722 2.8956e-08        2.9 2.8325e-07       0.30 0.0000e+00
      14269    763.000    757.281    17.2589   4.695532     0.5248    -0.0921     0.0404     -0.905    5.39840    7.71486    0.00595    0.00850      0.258    26.4602    26.4287    757.281    17.1288    36.2721 3.1679e-08        3.2 3.0988e-07       0.32 0.0000e+00
      14279    762.000    756.291    17.2592   4.695524     0.5249    -0.0812     0.0408     -0.918    5.39837    7.71481    0.00658    0.00940      0.286    26.4601    26.4287    756.291    17.1293    36.2722 3.0117e-08        3.0 2.9461e-07       0.31 0.0000e+00
      14290    761.000    755.300    17.2592   4.695505     0.5248    -0.1030     0.0413     -0.669    5.39836    7.71480    0.00731    0.01044      0.318    26.4602    26.4288    755.300    17.1294    36.2724 3.0126e-08        3.0 2.9469e-07       0.31 0.0000e+00
      14301    760.000    754.310    17.2591   4.695465     0.5252    -0.0958     0.0407     -0.717    5.39837    7.71481    0.00801    0.01144      0.348    26.4603    26.4289    754.309    17.1295    36.2725 2.4017e-08        2.4 2.3494e-07       0.28 0.0000e+00
      14312    759.000    753.319    17.2590   4.695388     0.5248    -0.0890     0.0410     -0.774    5.39839    7.71483    0.00679    0.00970      0.295    26.4601    26.4288    753.319    17.1296    36.2723 2.8970e-08        2.9 2.8338e-07       0.31 0.0000e+00
      14321    758.000    752.328    17.2589   4.695329     0.5252    -0.0959     0.0414     -0.777    5.39840    7.71485    0.00960    0.01371      0.417    26.4600    26.4288    752.328    17.1297    36.2722 1.9691e-08        2.0 1.9262e-07       0.25 0.0000e+00
      14331    757.000    751.337    17.2589   4.695292     0.5253    -0.0914     0.0407     -0.896    5.39840    7.71485    0.00748    0.01069      0.325    26.4600    26.4288    751.337    17.1298    36.2723 2.4896e-08        2.5 2.4353e-07       0.28 0.0000e+00
      14341    756.000    750.346    17.2592   4.695305     0.5251    -0.0843     0.0403     -0.839    5.39836    7.71479    0.00664    0.00949      0.288    26.4601    26.4289    750.346    17.1303    36.2725 2.4207e-08        2.4 2.3679e-07       0.28 0.0000e+00
      14354    755.000    749.356    17.2596   4.695312     0.5250    -0.0961     0.0405     -0.569    5.39831    7.71473    0.00711    0.01016      0.309    26.4600    26.4289    749.356    17.1309    36.2726 2.6906e-08        2.7 2.6320e-07       0.29 0.0000e+00
      14363    754.000    748.365    17.2597   4.695282     0.5249    -0.1033     0.0404     -0.740    5.39830    7.71471    0.00554    0.00793      0.241    26.4600    26.4289    748.365    17.1311    36.2726 1.2417e-08        1.2 1.2146e-07       0.20 0.0000e+00
      14372    753.000    747.374    17.2596   4.695246     0.5249    -0.0993     0.0404     -0.911    5.39831    7.71472    0.00736    0.01051      0.320    26.4601    26.4290    747.374    17.1312    36.2728 1.0390e-08        1.0 1.0163e-07       0.18 0.0000e+00
      14381    752.000    746.383    17.2595   4.695178     0.5248    -0.0896     0.0406     -0.940    5.39832    7.71475    0.00779    0.01113      0.338    26.4599    26.4290    746.384    17.1313    36.2726 1.7206e-08        1.7 1.6831e-07       0.24 0.0000e+00
      14394    751.000    745.393    17.2594   4.695140     0.5250    -0.0817     0.0412     -0.631    5.39833    7.71475    0.00556    0.00794      0.242    26.4600    26.4291    745.393    17.1314    36.2728 2.6944e-08        2.7 2.6357e-07       0.29 0.0000e+00
      14405    750.000    744.402    17.2595   4.695086     0.5249    -0.0883     0.0406     -0.633    5.39832    7.71474    0.00680    0.00971      0.295    26.4598    26.4289    744.402    17.1316    36.2726 3.1208e-08        3.1 3.0528e-07       0.32 0.0000e+00
      14415    749.000    743.411    17.2596   4.695097     0.5248    -0.0923     0.0415     -0.848    5.39830    7.71471    0.00857    0.01225      0.372    26.4601    26.4292    743.411    17.1319    36.2730 3.4068e-08        3.4 3.3325e-07       0.33 0.0000e+00
      14424    748.000    742.421    17.2596   4.695040     0.5252    -0.0868     0.0412     -0.912    5.39830    7.71471    0.00745    0.01065      0.324    26.4599    26.4291    742.421    17.1321    36.2729 4.8885e-08        4.9 4.7820e-07       0.40 0.0000e+00
      14436    747.000    741.430    17.2596   4.694992     0.5249    -0.0913     0.0404     -0.676    5.39831    7.71472    0.00910    0.01301      0.396    26.4598    26.4291    741.430    17.1323    36.2728 3.7263e-08        3.7 3.6451e-07       0.35 0.0000e+00
      14448    746.000    740.439    17.2600   4.694992     0.5256    -0.0945     0.0404     -0.609    5.39826    7.71465    0.00745    0.01064      0.324    26.4597    26.4290    740.439    17.1328    36.2728 3.6521e-08        3.7 3.5725e-07       0.34 0.0000e+00
      14457    745.000    739.448    17.2604   4.695008     0.5251    -0.0956     0.0406     -0.846    5.39822    7.71460    0.00754    0.01078      0.328    26.4597    26.4290    739.448    17.1334    36.2730 3.2200e-08        3.2 3.1499e-07       0.32 0.0000e+00
      14467    744.000    738.457    17.2607   4.695026     0.5255 -9.990e-29     0.0411     -0.877    5.39818    7.71454    0.00848    0.01213      0.369    26.4598    26.4291    738.457    17.1339    36.2732 3.0845e-08        3.1 3.0173e-07       0.31 0.0000e+00
      14477    743.000    737.467    17.2612   4.695020     0.5252    -0.0956     0.0421     -0.794    5.39813    7.71447    0.00790    0.01128      0.343    26.4595    26.4289    737.467    17.1345    36.2731 2.1115e-08        2.1 2.0655e-07       0.26 0.0000e+00
      14488    742.000    736.476    17.2612   4.695028     0.5252    -0.0956     0.0398     -0.706    5.39811    7.71444    0.00585    0.00836      0.254    26.4598    26.4293    736.476    17.1347    36.2736 1.7714e-08        1.8 1.7328e-07       0.24 0.0000e+00
      14499    741.000    735.485    17.2614   4.695005     0.5249    -0.0956     0.0416     -0.699    5.39809    7.71441    0.00580    0.00829      0.252    26.4597    26.4292    735.485    17.1351    36.2736 2.6518e-08        2.7 2.5940e-07       0.29 0.0000e+00
      14508    740.000    734.494    17.2614   4.694957     0.5250    -0.0813     0.0422     -0.863    5.39810    7.71442    0.00855    0.01221      0.371    26.4597    26.4292    734.494    17.1353    36.2735 3.4449e-08        3.4 3.3698e-07       0.33 0.0000e+00
      14518    739.000    733.504    17.2614   4.694929     0.5249 -9.990e-29     0.0413     -0.797    5.39809    7.71441    0.00617    0.00882      0.268    26.4597    26.4293    733.503    17.1354    36.2737 4.1027e-08        4.1 4.0133e-07       0.36 0.0000e+00
      14528    738.000    732.513    17.2617   4.694916     0.5249 -9.990e-29     0.0412     -0.885    5.39806    7.71437    0.00706    0.01008      0.306    26.4596    26.4292    732.513    17.1359    36.2737 4.3298e-08        4.3 4.2354e-07       0.37 0.0000e+00
      14540    737.000    731.522    17.2622   4.694941     0.5253 -9.990e-29     0.0411     -0.660    5.39800    7.71428    0.00857    0.01225      0.373    26.4596    26.4292    731.522    17.1366    36.2738 5.6841e-08        5.7 5.5602e-07       0.43 0.0000e+00
      14551    736.000    730.531    17.2629   4.694968     0.5250 -9.990e-29     0.0408     -0.678    5.39793    7.71418    0.00628    0.00898      0.273    26.4593    26.4290    730.531    17.1375    36.2738 4.7773e-08        4.8 4.6732e-07       0.39 0.0000e+00
      14560    735.000    729.540    17.2627   4.694917     0.5253    -0.1030     0.0408     -0.835    5.39795    7.71421    0.00936    0.01338      0.407    26.4594    26.4292    729.540    17.1374    36.2739 4.3484e-08        4.3 4.2537e-07       0.37 0.0000e+00
      14571    734.000    728.549    17.2627   4.694878     0.5251    -0.1030     0.0406     -0.747    5.39795    7.71421    0.00540    0.00772      0.235    26.4594    26.4292    728.549    17.1376    36.2739 3.6290e-08        3.6 3.5499e-07       0.34 0.0000e+00
      14581    733.000    727.559    17.2629   4.694859     0.5250    -0.0839     0.0406     -0.845    5.39793    7.71418    0.00954    0.01364      0.415    26.4594    26.4292    727.559    17.1380    36.2740 2.2795e-08        2.3 2.2298e-07       0.27 0.0000e+00
      14592    732.000    726.568    17.2632   4.694867     0.5255    -0.0958     0.0409     -0.705    5.39789    7.71412    0.00729    0.01041      0.317    26.4594    26.4292    726.568    17.1384    36.2741 1.4952e-08        1.5 1.4626e-07       0.22 0.0000e+00
      14602    731.000    725.577    17.2634   4.694864     0.5249    -0.0881     0.0407     -0.762    5.39786    7.71408    0.00599    0.00856      0.260    26.4594    26.4293    725.577    17.1388    36.2743 1.2977e-08        1.3 1.2694e-07       0.20 0.0000e+00
      14611    730.000    724.586    17.2633   4.694797     0.5253    -0.0985     0.0411     -0.851    5.39788    7.71411    0.01001    0.01430      0.435    26.4593    26.4292    724.586    17.1389    36.2742 1.2321e-08        1.2 1.2052e-07       0.20 0.0000e+00
