CTD_data/C212_3_3.cnv
* Sea-Bird SBE 25 Data File:
* FileName = C:\CTD_Data\C212_3\C212_3_3.hex
* Software Version Seasave V 7.19
* Temperature SN = 4430
* Conductivity SN = 3138
* System UpLoad Time = May 13 2014 00:06:50
** Ship: Hermano Gines
** Station: Car_212_3
** Operator: Luis Medina
** Latitude: 10 30.050 N
** Longitude: 64 39.97 W
** terver perfil
# nquan = 24                                
# nvalues = 2626                        
# units = specified
# name 0 = scan: Scan Count
# name 1 = prSM: Pressure, Strain Gauge [db]
# name 2 = depSM: Depth [salt water, m]
# name 3 = t090C: Temperature [ITS-90, deg C]
# name 4 = c0S/m: Conductivity [S/m]
# name 5 = sbeox0V: Oxygen Voltage, SBE 43
# name 6 = flECO-AFL: Fluorescence, Wetlab ECO-AFL/FL [mg/m^3]
# name 7 = bat: Beam Attenuation, Chelsea/Seatech/Wetlab CStar [1/m]
# name 8 = dz/dtM: Descent Rate [m/s]
# name 9 = oxsatML/L: Oxygen Saturation [ml/l]
# name 10 = oxsatMg/L: Oxygen Saturation [mg/l]
# name 11 = sbeox0ML/L: Oxygen, SBE 43 [ml/l], WS = 2
# name 12 = sbeox0Mg/L: Oxygen, SBE 43 [mg/l], WS = 2
# name 13 = sbeox0Mm/Kg: Oxygen, SBE 43 [umol/Kg], WS = 2
# name 14 = sigma-é00: Density [sigma-theta, Kg/m^3]
# name 15 = sigma-t00: Density [sigma-t, Kg/m^3 ]
# name 16 = depSM: Depth [salt water, m], lat = 10.5
# name 17 = potemp090C: Potential Temperature [ITS-90, deg C]
# name 18 = sal00: Salinity [PSU]
# name 19 = E: stability, E [rad^2/m]
# name 20 = E10^-8: stability, E [10^-8 rad^2/m]
# name 21 = N^2: buoyancy frequency, N^2 [rad^2/s^2]
# name 22 = N: buoyancy frequency, N [cycles/h]
# name 23 = flag: flag
# span 0 =         98,      37062       
# span 1 =      0.000,   1313.000       
# span 2 =     -0.000,   1301.452       
# span 3 =    17.2522,    24.5787       
# span 4 =   4.694111,   5.513641       
# span 5 =     0.5245,     2.8099       
# span 6 =    -0.5180,     0.6255       
# span 7 =     0.0403,     0.5320       
# span 8 =     -1.615,      1.500       
# span 9 =    4.70949,    5.39924       
# span 10 =    6.73034,    7.71606      
# span 11 =    0.00183,    4.71137      
# span 12 =    0.00261,    6.73302      
# span 13 =      0.079,    204.756      
# span 14 =    24.8918,    26.4655      
# span 15 =    24.8914,    26.4303      
# span 16 =      0.000,   1301.452      
# span 17 =    17.0660,    24.5776      
# span 18 =    36.2589,    36.9690      
# span 19 = -2.237e-08, 5.5092e-05      
# span 20 =       -2.2,     5509.2      
# span 21 = -2.188e-07, 5.3891e-04      
# span 22 =      -0.27,      13.30      
# span 23 = 0.0000e+00, 0.0000e+00      
# interval = decibars: 1                
# start_time = May 13 2014 00:06:50
# bad_flag = -9.990e-29
*END*
[from data line 1027]
      11513   1028.000   1019.649    17.2646   4.706464     0.5254     0.0422     0.0449      0.913    5.39809    7.71441    0.01109    0.01585      0.482    26.4633    26.4207   1019.650    17.0882    36.2635 2.1982e-09        0.2 2.1503e-08       0.08 0.0000e+00
      11524   1029.000   1020.639    17.2645   4.706494     0.5252     0.0447     0.0450      0.814    5.39810    7.71443    0.00669    0.00957      0.291    26.4633    26.4207   1020.639    17.0879    36.2634 1.3429e-08        1.3 1.3137e-07       0.21 0.0000e+00
      11539   1030.000   1021.628    17.2647   4.706545     0.5252     0.0511     0.0449      0.461    5.39808    7.71440    0.00857    0.01224      0.372    26.4632    26.4206   1021.628    17.0879    36.2633 1.9476e-08        1.9 1.9051e-07       0.25 0.0000e+00
      11549   1031.000   1022.618    17.2649   4.706632     0.5250     0.0374     0.0444      0.763    5.39806    7.71436    0.00812    0.01160      0.353    26.4634    26.4207   1022.618    17.0880    36.2635 2.0337e-08        2.0 1.9894e-07       0.26 0.0000e+00
      11559   1032.000   1023.607    17.2650   4.706683     0.5254     0.0340     0.0445      0.825    5.39804    7.71434    0.00903    0.01291      0.392    26.4634    26.4206   1023.607    17.0879    36.2635 2.3277e-08        2.3 2.2770e-07       0.27 0.0000e+00
      11573   1033.000   1024.597    17.2651   4.706744     0.5250     0.0441     0.0475      0.541    5.39803    7.71433    0.00477    0.00682      0.207    26.4635    26.4207   1024.597    17.0878    36.2636 2.0813e-08        2.1 2.0359e-07       0.26 0.0000e+00
      11584   1034.000   1025.586    17.2654   4.706823     0.5247     0.0584     0.0450      0.666    5.39800    7.71428    0.00817    0.01167      0.355    26.4635    26.4206   1025.586    17.0879    36.2637 2.0166e-08        2.0 1.9726e-07       0.25 0.0000e+00
      11594   1035.000   1026.576    17.2655   4.706865     0.5254     0.0526     0.0427      0.891    5.39799    7.71427    0.01040    0.01486      0.452    26.4634    26.4205   1026.576    17.0879    36.2636 1.6167e-08        1.6 1.5815e-07       0.23 0.0000e+00
      11605   1036.000   1027.565    17.2655   4.706901     0.5251     0.0458     0.0438      0.644    5.39799    7.71427    0.00368    0.00526      0.160    26.4634    26.4205   1027.565    17.0877    36.2635 1.1714e-08        1.2 1.1458e-07       0.19 0.0000e+00
      11618   1037.000   1028.554    17.2655   4.706941     0.5248     0.0420     0.0438      0.698    5.39800    7.71428    0.00777    0.01111      0.338    26.4635    26.4205   1028.554    17.0875    36.2635 1.0377e-08        1.0 1.0151e-07       0.18 0.0000e+00
      11632   1038.000   1029.543    17.2656   4.706989     0.5250     0.0398     0.0441      0.367    5.39799    7.71427    0.00728    0.01040      0.316    26.4635    26.4204   1029.544    17.0874    36.2634 1.2649e-08        1.3 1.2373e-07       0.20 0.0000e+00
      11640   1039.000   1030.533    17.2655   4.707012     0.5250     0.0435     0.0452      0.897    5.39800    7.71428    0.00805    0.01151      0.350    26.4635    26.4204   1030.533    17.0872    36.2634 1.2895e-08        1.3 1.2614e-07       0.20 0.0000e+00
      11651   1040.000   1031.523    17.2655   4.707041     0.5252     0.0365     0.0438      0.869    5.39801    7.71429    0.00930    0.01330      0.404    26.4634    26.4203   1031.523    17.0870    36.2633 1.3534e-08        1.4 1.3239e-07       0.21 0.0000e+00
      11666   1041.000   1032.512    17.2655   4.707100     0.5253     0.0381     0.0435      0.469    5.39800    7.71428    0.00744    0.01064      0.323    26.4636    26.4204   1032.512    17.0868    36.2634 1.8906e-08        1.9 1.8494e-07       0.25 0.0000e+00
      11678   1042.000   1033.502    17.2658   4.707172     0.5249     0.0284     0.0430      0.556    5.39797    7.71424    0.00495    0.00708      0.215    26.4635    26.4203   1033.501    17.0869    36.2634 8.0302e-09        0.8 7.8552e-08       0.16 0.0000e+00
      11686   1043.000   1034.491    17.2659   4.707242     0.5248     0.0347     0.0448      1.009    5.39795    7.71421    0.00682    0.00974      0.296    26.4637    26.4204   1034.491    17.0869    36.2635 6.4076e-09        0.6 6.2679e-08       0.14 0.0000e+00
      11699   1044.000   1035.480    17.2659   4.707262     0.5250     0.0443     0.0446      0.671    5.39796    7.71422    0.00723    0.01033      0.314    26.4636    26.4203   1035.480    17.0867    36.2633 2.1115e-09        0.2 2.0655e-08       0.08 0.0000e+00
      11711   1045.000   1036.469    17.2662   4.707327     0.5250     0.0387     0.0430      0.557    5.39793    7.71419    0.00944    0.01349      0.410    26.4635    26.4201   1036.469    17.0868    36.2633 7.9966e-09        0.8 7.8223e-08       0.16 0.0000e+00
      11721   1046.000   1037.459    17.2663   4.707401     0.5254     0.0435     0.0426      0.849    5.39791    7.71416    0.00863    0.01233      0.375    26.4636    26.4203   1037.459    17.0867    36.2635 1.9414e-09        0.2 1.8991e-08       0.08 0.0000e+00
      11734   1047.000   1038.448    17.2664   4.707417     0.5250     0.0436     0.0438      0.693    5.39791    7.71416    0.00645    0.00922      0.280    26.4634    26.4200   1038.448    17.0867    36.2631 1.3049e-09        0.1 1.2765e-08       0.06 0.0000e+00
      11747   1048.000   1039.438    17.2666   4.707502     0.5250     0.0503     0.0454      0.445    5.39789    7.71412    0.00796    0.01138      0.346    26.4635    26.4201   1039.438    17.0867    36.2633 1.2940e-09        0.1 1.2658e-08       0.06 0.0000e+00
      11756   1049.000   1040.427    17.2664   4.707509     0.5253     0.0548     0.0442      0.914    5.39791    7.71416    0.00864    0.01235      0.376    26.4635    26.4200   1040.427    17.0863    36.2632 4.6840e-09        0.5 4.5819e-08       0.12 0.0000e+00
      11768   1050.000   1041.416    17.2665   4.707580     0.5249     0.0351     0.0457      0.543    5.39790    7.71413    0.00486    0.00694      0.211    26.4637    26.4201   1041.416    17.0862    36.2634 7.3743e-09        0.7 7.2135e-08       0.15 0.0000e+00
      11780   1051.000   1042.405    17.2665   4.707593     0.5252     0.0362     0.0439      0.760    5.39790    7.71414    0.00994    0.01420      0.432    26.4635    26.4200   1042.406    17.0860    36.2631 2.6068e-09        0.3 2.5500e-08       0.09 0.0000e+00
      11794   1052.000   1043.395    17.2667   4.707659     0.5251     0.0421     0.0438      0.299    5.39788    7.71411    0.00605    0.00864      0.263    26.4635    26.4199   1043.395    17.0861    36.2631 8.6900e-09        0.9 8.5005e-08       0.17 0.0000e+00
      11802   1053.000   1044.384    17.2670   4.707736     0.5253     0.0345     0.0440      0.944    5.39785    7.71407    0.00775    0.01107      0.337    26.4635    26.4199   1044.384    17.0862    36.2632 -1.016e-09       -0.1 -9.942e-09      -0.06 0.0000e+00
      11819   1054.000   1045.374    17.2670   4.707773     0.5248     0.0501     0.0439      0.285    5.39785    7.71407    0.00602    0.00861      0.262    26.4635    26.4198   1045.374    17.0860    36.2631 1.0491e-09        0.1 1.0262e-08       0.06 0.0000e+00
      11829   1055.000   1046.363    17.2674   4.707879     0.5249     0.0509     0.0451      0.623    5.39780    7.71400    0.00857    0.01224      0.372    26.4636    26.4199   1046.363    17.0862    36.2633 6.0680e-09        0.6 5.9357e-08       0.14 0.0000e+00
      11836   1056.000   1047.352    17.2674   4.707900     0.5251     0.0406     0.0448      1.191    5.39781    7.71401    0.00702    0.01004      0.305    26.4635    26.4198   1047.352    17.0861    36.2631 1.0379e-08        1.0 1.0153e-07       0.18 0.0000e+00
      11852   1057.000   1048.342    17.2674   4.707937     0.5247     0.0448     0.0452      0.333    5.39781    7.71401    0.00687    0.00982      0.299    26.4635    26.4197   1048.341    17.0859    36.2631 8.3984e-09        0.8 8.2154e-08       0.16 0.0000e+00
      11861   1058.000   1049.331    17.2674   4.707966     0.5250     0.0472     0.0462      0.738    5.39782    7.71402    0.00907    0.01295      0.394    26.4635    26.4196   1049.331    17.0857    36.2630 1.8749e-09        0.2 1.8340e-08       0.08 0.0000e+00
      11874   1059.000   1050.320    17.2671   4.707978     0.5250     0.0476     0.0446      0.743    5.39784    7.71406    0.00672    0.00961      0.292    26.4636    26.4197   1050.320    17.0852    36.2630 2.0917e-09        0.2 2.0461e-08       0.08 0.0000e+00
      11889   1060.000   1051.309    17.2673   4.708058     0.5250     0.0390     0.0446      0.347    5.39782    7.71402    0.00681    0.00974      0.296    26.4637    26.4198   1051.309    17.0853    36.2631 1.0206e-08        1.0 9.9838e-08       0.18 0.0000e+00
      11897   1061.000   1052.299    17.2676   4.708110     0.5246     0.0363     0.0449      0.967    5.39780    7.71399    0.00749    0.01071      0.325    26.4636    26.4196   1052.299    17.0854    36.2629 1.8312e-08        1.8 1.7913e-07       0.24 0.0000e+00
      11909   1062.000   1053.288    17.2676   4.708150     0.5252     0.0362     0.0451      0.715    5.39779    7.71399    0.00929    0.01327      0.404    26.4636    26.4195   1053.288    17.0852    36.2629 1.4653e-08        1.5 1.4334e-07       0.22 0.0000e+00
      11921   1063.000   1054.277    17.2678   4.708205     0.5250     0.0395     0.0445      0.717    5.39778    7.71396    0.00572    0.00817      0.248    26.4635    26.4194   1054.277    17.0852    36.2628 1.4175e-08        1.4 1.3866e-07       0.21 0.0000e+00
      11939   1064.000   1055.266    17.2679   4.708266     0.5251     0.0360     0.0454      0.205    5.39777    7.71394    0.00760    0.01086      0.330    26.4636    26.4195   1055.267    17.0852    36.2629 1.2816e-08        1.3 1.2537e-07       0.20 0.0000e+00
      11947   1065.000   1056.256    17.2681   4.708359     0.5249     0.0432     0.0458      0.844    5.39773    7.71390    0.00692    0.00989      0.301    26.4638    26.4196   1056.256    17.0852    36.2632 2.1419e-08        2.1 2.0952e-07       0.26 0.0000e+00
      11961   1066.000   1057.245    17.2679   4.708362     0.5252     0.0492     0.0446      0.608    5.39776    7.71393    0.00752    0.01075      0.327    26.4638    26.4195   1057.245    17.0848    36.2630 2.5951e-08        2.6 2.5385e-07       0.29 0.0000e+00
      11974   1067.000   1058.234    17.2682   4.708422     0.5250     0.0434     0.0443      0.488    5.39773    7.71390    0.00738    0.01054      0.321    26.4636    26.4194   1058.234    17.0849    36.2629 2.1426e-08        2.1 2.0959e-07       0.26 0.0000e+00
      11983   1068.000   1059.224    17.2682   4.708468     0.5252     0.0436     0.0446      1.000    5.39773    7.71390    0.00879    0.01256      0.382    26.4637    26.4194   1059.224    17.0847    36.2629 1.6029e-08        1.6 1.5679e-07       0.23 0.0000e+00
      11997   1069.000   1060.213    17.2682   4.708506     0.5250     0.0532     0.0443      0.567    5.39773    7.71390    0.00715    0.01022      0.311    26.4637    26.4194   1060.213    17.0846    36.2629 3.6320e-09        0.4 3.5528e-08       0.11 0.0000e+00
      12009   1070.000   1061.202    17.2685   4.708599     0.5252     0.0435     0.0436      0.588    5.39770    7.71385    0.00725    0.01036      0.315    26.4638    26.4194   1061.202    17.0847    36.2631 -1.096e-09       -0.1 -1.072e-08      -0.06 0.0000e+00
      12020   1071.000   1062.191    17.2686   4.708632     0.5251     0.0435     0.0437      0.806    5.39769    7.71384    0.00825    0.01179      0.359    26.4637    26.4193   1062.191    17.0846    36.2629 7.4987e-09        0.7 7.3353e-08       0.16 0.0000e+00
      12033   1072.000   1063.181    17.2687   4.708689     0.5248     0.0532     0.0434      0.561    5.39768    7.71382    0.00623    0.00891      0.271    26.4638    26.4193   1063.181    17.0845    36.2629 1.0262e-08        1.0 1.0038e-07       0.18 0.0000e+00
      12045   1073.000   1064.170    17.2687   4.708719     0.5251     0.0509     0.0426      0.696    5.39768    7.71382    0.00784    0.01120      0.341    26.4637    26.4192   1064.170    17.0844    36.2628 -3.505e-09       -0.4 -3.429e-08      -0.11 0.0000e+00
      12058   1074.000   1065.159    17.2687   4.708751     0.5248     0.0509     0.0447      0.532    5.39768    7.71383    0.00687    0.00982      0.299    26.4637    26.4191   1065.159    17.0842    36.2627 -4.186e-09       -0.4 -4.095e-08      -0.12 0.0000e+00
      12067   1075.000   1066.149    17.2688   4.708813     0.5253     0.0472     0.0444      0.823    5.39767    7.71381    0.00884    0.01264      0.384    26.4638    26.4192   1066.148    17.0841    36.2628 -1.185e-09       -0.1 -1.159e-08      -0.06 0.0000e+00
      12079   1076.000   1067.138    17.2687   4.708847     0.5248     0.0360     0.0433      0.708    5.39768    7.71382    0.00482    0.00688      0.210    26.4639    26.4192   1067.138    17.0838    36.2628 1.0602e-08        1.1 1.0371e-07       0.18 0.0000e+00
      12092   1077.000   1068.127    17.2688   4.708882     0.5248     0.0460     0.0429      0.664    5.39767    7.71381    0.00780    0.01114      0.339    26.4638    26.4191   1068.127    17.0838    36.2627 1.7007e-08        1.7 1.6636e-07       0.23 0.0000e+00
      12108   1078.000   1069.116    17.2690   4.708916     0.5246     0.0522     0.0426      0.293    5.39766    7.71380    0.00544    0.00778      0.237    26.4636    26.4188   1069.116    17.0838    36.2624 2.3334e-08        2.3 2.2825e-07       0.27 0.0000e+00
      12117   1079.000   1070.105    17.2692   4.709007     0.5251     0.0435     0.0443      0.851    5.39764    7.71376    0.00919    0.01313      0.399    26.4637    26.4190   1070.105    17.0838    36.2627 2.1316e-08        2.1 2.0852e-07       0.26 0.0000e+00
      12127   1080.000   1071.094    17.2689   4.709003     0.5249     0.0396     0.0447      0.858    5.39767    7.71381    0.00646    0.00923      0.281    26.4638    26.4189   1071.094    17.0833    36.2626 2.5173e-08        2.5 2.4624e-07       0.28 0.0000e+00
      12140   1081.000   1072.084    17.2688   4.709036     0.5246     0.0362     0.0446      0.602    5.39768    7.71382    0.00679    0.00971      0.295    26.4638    26.4190   1072.084    17.0831    36.2626 2.4940e-08        2.5 2.4396e-07       0.28 0.0000e+00
      12158   1082.000   1073.073    17.2685   4.709044     0.5250     0.0517     0.0438      0.159    5.39771    7.71387    0.00797    0.01140      0.347    26.4639    26.4190   1073.073    17.0826    36.2625 2.7003e-08        2.7 2.6414e-07       0.29 0.0000e+00
      12165   1083.000   1074.062    17.2689   4.709139     0.5254     0.0509     0.0440      0.807    5.39767    7.71380    0.00903    0.01290      0.392    26.4639    26.4190   1074.062    17.0828    36.2626 2.5187e-08        2.5 2.4638e-07       0.28 0.0000e+00
      12176   1084.000   1075.051    17.2689   4.709160     0.5251     0.0467     0.0448      0.951    5.39768    7.71382    0.00755    0.01079      0.328    26.4638    26.4189   1075.051    17.0826    36.2624 1.4076e-08        1.4 1.3769e-07       0.21 0.0000e+00
      12192   1085.000   1076.040    17.2689   4.709221     0.5248     0.0319     0.0452      0.260    5.39767    7.71381    0.00821    0.01173      0.357    26.4640    26.4190   1076.040    17.0824    36.2626 1.0578e-08        1.1 1.0347e-07       0.18 0.0000e+00
      12201   1086.000   1077.029    17.2690   4.709252     0.5256     0.0388     0.0453      0.905    5.39766    7.71380    0.01206    0.01723      0.524    26.4639    26.4188   1077.030    17.0824    36.2624 9.6214e-09        1.0 9.4117e-08       0.18 0.0000e+00
