CTD_data/C212_2_1.cnv
* Sea-Bird SBE 25 Data File:
* FileName = C:\CTD_Data\C212_2\C212_2_1.hex
* Software Version Seasave V 7.19
* Temperature SN = 4430
* Conductivity SN = 3138
* System UpLoad Time = May 07 2014 16:27:21
** Ship: Hermano Gines
** Station: Car 212
** Operator: Luis Medina
** Latitude: 10 29.75
** Longitude: 64 39.95
** primer perfil
# nquan = 24                                
# nvalues = 2540                        
# units = specified
# name 0 = scan: Scan Count
# name 1 = prSM: Pressure, Strain Gauge [db]
# name 2 = depSM: Depth [salt water, m]
# name 3 = t090C: Temperature [ITS-90, deg C]
# name 4 = c0S/m: Conductivity [S/m]
# name 5 = sbeox0V: Oxygen Voltage, SBE 43
# name 6 = flECO-AFL: Fluorescence, Wetlab ECO-AFL/FL [mg/m^3]
# name 7 = bat: Beam Attenuation, Chelsea/Seatech/Wetlab CStar [1/m]
# name 8 = dz/dtM: Descent Rate [m/s]
# name 9 = oxsatML/L: Oxygen Saturation [ml/l]
# name 10 = oxsatMg/L: Oxygen Saturation [mg/l]
# name 11 = sbeox0ML/L: Oxygen, SBE 43 [ml/l], WS = 2
# name 12 = sbeox0Mg/L: Oxygen, SBE 43 [mg/l], WS = 2
# name 13 = sbeox0Mm/Kg: Oxygen, SBE 43 [umol/Kg], WS = 2
# name 14 = sigma-é00: Density [sigma-theta, Kg/m^3]
# name 15 = sigma-t00: Density [sigma-t, Kg/m^3 ]
# name 16 = depSM: Depth [salt water, m], lat = 10.5
# name 17 = potemp090C: Potential Temperature [ITS-90, deg C]
# name 18 = sal00: Salinity [PSU]
# name 19 = E: stability, E [rad^2/m]
# name 20 = E10^-8: stability, E [10^-8 rad^2/m]
# name 21 = N^2: buoyancy frequency, N^2 [rad^2/s^2]
# name 22 = N: buoyancy frequency, N [cycles/h]
# name 23 = flag: flag
# span 0 =        190,      40418       
# span 1 =      0.000,   1270.000       
# span 2 =     -0.000,   1258.958       
# span 3 =    17.2476,    23.7824       
# span 4 =   4.693086,   5.409838       
# span 5 =     0.5240,     3.0331       
# span 6 =    -0.1117,     1.4721       
# span 7 =     0.0385,     0.6393       
# span 8 =     -1.423,      1.362       
# span 9 =    4.77810,    5.39976       
# span 10 =    6.82839,    7.71680      
# span 11 = -1.025e+62, 2.0838e+61      
# span 12 = -1.465e+62, 2.9780e+61      
# span 13 = -4.456e+63, 9.0541e+62      
# span 14 =    25.0316,    26.4654      
# span 15 =    25.0314,    26.4307      
# span 16 =      0.000,   1258.959      
# span 17 =    17.0684,    23.7818      
# span 18 =    36.2595,    36.8103      
# span 19 = -4.568e-07, 6.3864e-05      
# span 20 =      -45.7,     6386.4      
# span 21 = -4.468e-06, 6.2472e-04      
# span 22 =      -1.21,      14.32      
# span 23 = 0.0000e+00, 0.0000e+00      
# interval = decibars: 1                
# start_time = May 07 2014 16:27:21
# bad_flag = -9.990e-29
*END*
[from data line 2416]
      37176    123.000    122.266    19.1375   4.899102     1.6772    -0.0132     0.0513     -0.688    5.19957    7.43071    2.62385    3.74974    114.005    26.2027    26.1969    122.266    19.1153    36.5840 3.9815e-06      398.1 3.8947e-05       3.58 0.0000e+00
      37187    122.000    121.272    19.1663   4.902832     1.6742    -0.0077     0.0507     -0.544    5.19658    7.42643    2.62834    3.75616    114.200    26.2000    26.1943    121.273    19.1442    36.5903 4.2282e-06      422.8 4.1360e-05       3.68 0.0000e+00
      37196    121.000    120.279    19.1902   4.905572     1.6800 -9.990e-29     0.0510     -0.978    5.19419    7.42302    2.64885    3.78547    115.091    26.1955    26.1899    120.279    19.1683    36.5926 4.6478e-06      464.8 4.5465e-05       3.86 0.0000e+00
      37210    120.000    119.285    19.1729   4.903458     1.6799    -0.0004     0.0532     -0.493    5.19594    7.42551    2.61454    3.73644    113.601    26.1984    26.1927    119.285    19.1512    36.5905 4.6048e-06      460.5 4.5044e-05       3.85 0.0000e+00
      37219    119.000    118.291    19.2385   4.911690     1.6776     0.0017     0.0549     -0.691    5.18922    7.41592    2.60708    3.72578    113.276    26.1902    26.1846    118.291    19.2169    36.6021 4.2442e-06      424.4 4.1517e-05       3.69 0.0000e+00
      37227    118.000    117.297    19.2790   4.916270     1.6722     0.0068     0.0595     -1.124    5.18521    7.41019    2.57030    3.67322    111.678    26.1820    26.1764    117.298    19.2576    36.6051 4.2113e-06      421.1 4.1195e-05       3.68 0.0000e+00
      37247    117.000    116.304    19.2836   4.916754     1.6544     0.0069     0.0628     -0.115    5.18475    7.40953    2.53636    3.62471    110.203    26.1810    26.1755    116.304    19.2623    36.6055 4.0545e-06      405.4 3.9661e-05       3.61 0.0000e+00
      37255    116.000    115.310    19.3349   4.922361     1.6506     0.0069     0.0667     -0.756    5.17974    7.40236    2.52119    3.60303    109.544    26.1693    26.1638    115.310    19.3138    36.6077 3.8163e-06      381.6 3.7331e-05       3.50 0.0000e+00
      37265    115.000    114.316    19.3271   4.921448     1.6409 -9.990e-29     0.0700     -0.936    5.18050    7.40345    2.49628    3.56743    108.462    26.1710    26.1655    114.316    19.3062    36.6073 3.5487e-06      354.9 3.4713e-05       3.38 0.0000e+00
      37281    114.000    113.322    19.3473   4.923813     1.6297    -0.0004     0.0699     -0.250    5.17848    7.40057    2.47790    3.54117    107.663    26.1675    26.1621    113.323    19.3265    36.6097 2.8784e-06      287.8 2.8156e-05       3.04 0.0000e+00
      37291    113.000    112.328    19.3603   4.925004     1.6224 -9.990e-29     0.0724     -0.810    5.17726    7.39882    2.45390    3.50686    106.621    26.1632    26.1579    112.329    19.3397    36.6086 2.3900e-06      239.0 2.3379e-05       2.77 0.0000e+00
      37303    112.000    111.335    19.3553   4.924419     1.6130    -0.0004     0.0736     -0.717    5.17774    7.39952    2.42880    3.47100    105.530    26.1644    26.1591    111.335    19.3349    36.6084 2.1045e-06      210.5 2.0586e-05       2.60 0.0000e+00
      37314    111.000    110.341    19.3649   4.925364     1.6019    -0.0004     0.0762     -0.569    5.17683    7.39820    2.40494    3.43690    104.494    26.1617    26.1564    110.341    19.3447    36.6083 1.8395e-06      183.9 1.7994e-05       2.43 0.0000e+00
      37324    110.000    109.347    19.3713   4.926001     1.5946    -0.0004     0.0759     -0.866    5.17621    7.39732    2.39517    3.42294    104.069    26.1601    26.1548    109.347    19.3513    36.6084 2.0557e-06      205.6 2.0109e-05       2.57 0.0000e+00
      37336    109.000    108.353    19.3772   4.926589     1.5895 -9.990e-29     0.0773     -0.690    5.17564    7.39650    2.39215    3.41863    103.938    26.1585    26.1534    108.354    19.3573    36.6085 2.2067e-06      220.7 2.1586e-05       2.66 0.0000e+00
      37349    108.000    107.360    19.3885   4.927867     1.5827 -9.990e-29     0.0795     -0.622    5.17451    7.39490    2.38173    3.40374    103.486    26.1564    26.1513    107.360    19.3688    36.6096 2.5376e-06      253.8 2.4823e-05       2.85 0.0000e+00
      37363    107.000    106.366    19.3982   4.929041     1.5824    -0.0077     0.0805     -0.528    5.17353    7.39349    2.39277    3.41951    103.965    26.1551    26.1500    106.366    19.3787    36.6112 2.8585e-06      285.8 2.7962e-05       3.03 0.0000e+00
      37374    106.000    105.372    19.4306   4.933001     1.5814    -0.0077     0.0803     -0.717    5.17026    7.38882    2.39092    3.41687    103.885    26.1504    26.1453    105.372    19.4112    36.6162 3.0311e-06      303.1 2.9651e-05       3.12 0.0000e+00
      37388    105.000    104.378    19.4500   4.935363     1.5842    -0.0003     0.0773     -0.611    5.16830    7.38602    2.40158    3.43210    104.348    26.1476    26.1426    104.378    19.4308    36.6192 3.3407e-06      334.1 3.2679e-05       3.28 0.0000e+00
      37403    104.000    103.385    19.4814   4.939142     1.5851     0.0133     0.0783     -0.508    5.16516    7.38153    2.39590    3.42397    104.100    26.1427    26.1377    103.384    19.4624    36.6236 3.5945e-06      359.4 3.5161e-05       3.40 0.0000e+00
      37655    103.000    102.391    19.5119   4.942714     1.5871     0.0071     0.0806     -0.607    5.16213    7.37720    2.40398    3.43553    104.452    26.1372    26.1323    102.391    19.4930    36.6269 3.7387e-06      373.9 3.6572e-05       3.46 0.0000e+00
      39043    102.000    101.397    19.5224   4.944094     1.6073 -9.990e-29     0.0802     -0.529    5.16104    7.37565    2.49545    3.56624    108.426    26.1364    26.1315    101.397    19.5037    36.6296 3.6682e-06      366.8 3.5882e-05       3.43 0.0000e+00
      38950    101.000    100.403    19.5543   4.948202     1.6190 -9.990e-29     0.0792     -0.865    5.15779    7.37099    2.54198    3.63275    110.447    26.1331    26.1282    100.403    19.5358    36.6362 3.3897e-06      339.0 3.3158e-05       3.30 0.0000e+00
      38958    100.000     99.410    19.5896   4.952379     1.6358 -9.990e-29     0.0752     -1.067    5.15429    7.36599    2.57451    3.67923    111.860    26.1270    26.1221     99.409    19.5712    36.6403 3.0597e-06      306.0 2.9930e-05       3.13 0.0000e+00
      38969     99.000     98.415    19.6154   4.955534     1.6494     0.0143     0.0719     -0.697    5.15170    7.36229    2.55698    3.65418    111.099    26.1232    26.1184     98.415    19.5972    36.6443 2.5797e-06      258.0 2.5235e-05       2.88 0.0000e+00
      38976     98.000     97.421    19.6267   4.956654     1.6510     0.0217     0.0734     -0.851    5.15062    7.36076    2.53871    3.62807    110.305    26.1200    26.1153     97.421    19.6087    36.6441 2.1513e-06      215.1 2.1044e-05       2.63 0.0000e+00
      38982     97.000     96.427    19.6314   4.957246     1.6510 -9.990e-29     0.0743     -1.190    5.15014    7.36007    2.54258    3.63360    110.473    26.1196    26.1149     96.428    19.6136    36.6453 1.8098e-06      181.0 1.7703e-05       2.41 0.0000e+00
      38989     96.000     95.433    19.6369   4.957837     1.6545 -9.990e-29     0.0812     -1.343    5.14961    7.35930    2.55776    3.65529    111.133    26.1185    26.1138     95.434    19.6192    36.6458 1.3386e-06      133.9 1.3094e-05       2.07 0.0000e+00
      38999     95.000     94.440    19.6391   4.958036     1.6573     0.0216     0.0832     -0.914    5.14939    7.35899    2.55930    3.65750    111.200    26.1179    26.1133     94.440    19.6216    36.6459 8.6680e-07       86.7 8.4791e-06       1.67 0.0000e+00
      39008     94.000     93.446    19.6380   4.957880     1.6608     0.0254     0.0851     -0.780    5.14950    7.35915    2.55880    3.65677    111.178    26.1182    26.1136     93.446    19.6207    36.6459 5.9964e-07       60.0 5.8657e-06       1.39 0.0000e+00
      39015     93.000     92.452    19.6428   4.958366     1.6599     0.0291     0.0874     -0.948    5.14903    7.35848    2.55340    3.64906    110.943    26.1170    26.1125     92.452    19.6257    36.6461 4.6096e-07       46.1 4.5091e-06       1.22 0.0000e+00
      39022     92.000     91.458    19.6444   4.958493     1.6619 -9.990e-29     0.0873     -1.112    5.14888    7.35826    2.56633    3.66754    111.505    26.1166    26.1121     91.458    19.6275    36.6461 5.1977e-07       52.0 5.0844e-06       1.29 0.0000e+00
      39028     91.000     90.465    19.6458   4.958605     1.6635 -9.990e-29     0.0905     -1.300    5.14874    7.35807    2.56696    3.66844    111.533    26.1162    26.1118     90.464    19.6291    36.6462 6.1899e-07       61.9 6.0550e-06       1.41 0.0000e+00
      39038     90.000     89.471    19.6458   4.958570     1.6669     0.0326     0.0907     -1.068    5.14874    7.35806    2.58781    3.69824    112.438    26.1162    26.1119     89.470    19.6292    36.6463 7.2128e-07       72.1 7.0556e-06       1.52 0.0000e+00
      39048     89.000     88.476    19.6476   4.958715     1.6728     0.0355     0.0970     -0.525    5.14857    7.35782    2.60064    3.71658    112.996    26.1157    26.1114     88.476    19.6312    36.6463 8.0678e-07       80.7 7.8919e-06       1.61 0.0000e+00
      39055     88.000     87.482    19.6522   4.959266     1.6766     0.0399     0.0972     -0.998    5.14810    7.35715    2.60628    3.72464    113.241    26.1152    26.1109     87.483    19.6360    36.6472 9.3186e-07       93.2 9.1155e-06       1.73 0.0000e+00
      39062     87.000     86.488    19.6665   4.960983     1.6800     0.0417     0.0996     -1.190    5.14668    7.35512    2.61078    3.73107    113.437    26.1130    26.1088     86.489    19.6505    36.6493 1.1001e-06      110.0 1.0761e-05       1.88 0.0000e+00
      39070     86.000     85.495    19.6737   4.961712     1.6825     0.0362     0.1098     -1.045    5.14599    7.35413    2.61464    3.73659    113.604    26.1111    26.1069     85.495    19.6579    36.6494 1.3808e-06      138.1 1.3507e-05       2.11 0.0000e+00
      39078     85.000     84.501    19.6775   4.962156     1.6876     0.0314     0.1092     -1.046    5.14560    7.35358    2.63825    3.77033    114.630    26.1106    26.1065     84.501    19.6618    36.6502 1.6897e-06      169.0 1.6529e-05       2.33 0.0000e+00
      39087     84.000     83.507    19.6834   4.962907     1.6933     0.0343     0.1041     -0.952    5.14500    7.35271    2.64393    3.77844    114.877    26.1101    26.1061     83.507    19.6679    36.6516 2.0495e-06      205.0 2.0049e-05       2.57 0.0000e+00
      39096     83.000     82.513    19.6997   4.964828     1.6986     0.0412     0.1055     -0.819    5.14338    7.35040    2.66351    3.80643    115.728    26.1074    26.1033     82.513    19.6844    36.6537 2.3912e-06      239.1 2.3391e-05       2.77 0.0000e+00
      39103     82.000     81.519    19.7145   4.966695     1.7055     0.0494     0.1057     -0.998    5.14188    7.34826    2.68492    3.83703    116.658    26.1056    26.1016     81.519    19.6994    36.6566 2.5783e-06      257.8 2.5221e-05       2.88 0.0000e+00
      39110     81.000     80.525    19.7376   4.969392     1.7120     0.0440     0.1079     -1.194    5.13961    7.34502    2.69437    3.85052    117.068    26.1014    26.0975     80.525    19.7227    36.6591 2.6604e-06      266.0 2.6024e-05       2.92 0.0000e+00
      39120     80.000     79.531    19.7567   4.971656     1.7195     0.0493     0.1072     -0.912    5.13772    7.34231    2.69840    3.85628    117.243    26.0982    26.0943     79.531    19.7419    36.6615 2.6468e-06      264.7 2.5891e-05       2.92 0.0000e+00
      39129     79.000     78.537    19.7813   4.974482     1.7241     0.0657     0.1123     -0.590    5.13531    7.33888    2.70285    3.86264    117.437    26.0934    26.0895     78.537    19.7667    36.6638 2.4551e-06      245.5 2.4016e-05       2.81 0.0000e+00
      39135     78.000     77.543    19.7989   4.976481     1.7272 -9.990e-29     0.1123     -1.079    5.13360    7.33643    2.70676    3.86823    117.606    26.0898    26.0860     77.543    19.7845    36.6653 2.0904e-06      209.0 2.0448e-05       2.59 0.0000e+00
      39142     77.000     76.549    19.8050   4.977180     1.7299 -9.990e-29     0.1134     -1.390    5.13299    7.33556    2.71028    3.87326    117.760    26.0888    26.0850     76.549    19.7908    36.6661 1.6808e-06      168.1 1.6442e-05       2.32 0.0000e+00
      39152     76.000     75.555    19.8059   4.977227     1.7351     0.0509     0.1146     -0.847    5.13291    7.33544    2.71865    3.88522    118.123    26.0885    26.0848     75.555    19.7918    36.6661 1.2007e-06      120.1 1.1745e-05       1.96 0.0000e+00
      39162     75.000     74.561    19.8077   4.977375     1.7361     0.0509     0.1141     -0.639    5.13274    7.33520    2.70342    3.86346    117.462    26.0880    26.0843     74.561    19.7938    36.6661 7.8614e-07       78.6 7.6900e-06       1.59 0.0000e+00
      39169     74.000     73.567    19.8074   4.977271     1.7352     0.0509     0.1147     -1.033    5.13278    7.33525    2.69733    3.85475    117.197    26.0878    26.0842     73.567    19.7937    36.6659 4.3592e-07       43.6 4.2642e-06       1.18 0.0000e+00
      39177     73.000     72.574    19.8077   4.977269     1.7338     0.0545     0.1143     -1.128    5.13275    7.33521    2.70812    3.87018    117.666    26.0878    26.0842     72.573    19.7942    36.6660 2.4204e-07       24.2 2.3676e-06       0.88 0.0000e+00
      39185     72.000     71.579    19.8076   4.977191     1.7390     0.0594     0.1136     -1.026    5.13276    7.33523    2.74328    3.92043    119.194    26.0876    26.0841     71.579    19.7943    36.6658 1.8017e-07       18.0 1.7624e-06       0.76 0.0000e+00
      39193     71.000     70.585    19.8085   4.977237     1.7450     0.0656     0.1157     -1.026    5.13268    7.33511    2.75600    3.93860    119.746    26.0873    26.0838     70.585    19.7954    36.6658 1.9422e-07       19.4 1.8999e-06       0.79 0.0000e+00
      39201     70.000     69.592    19.8088   4.977243     1.7518     0.0655     0.1140     -0.992    5.13264    7.33506    2.77436    3.96484    120.544    26.0873    26.0839     69.591    19.7959    36.6659 4.4601e-07       44.6 4.3629e-06       1.20 0.0000e+00
      39210     69.000     68.598    19.8091   4.977186     1.7600     0.0732     0.1122     -0.827    5.13263    7.33504    2.79650    3.99648    121.506    26.0869    26.0835     68.597    19.7963    36.6656 7.6219e-07       76.2 7.4557e-06       1.56 0.0000e+00
      39218     68.000     67.604    19.8092   4.977167     1.7678     0.0729     0.1166     -0.918    5.13261    7.33502    2.81373    4.02110    122.254    26.0869    26.0836     67.603    19.7966    36.6657 1.1086e-06      110.9 1.0844e-05       1.89 0.0000e+00
      39226     67.000     66.609    19.8098   4.977215     1.7740     0.0799     0.1134     -1.130    5.13254    7.33492    2.81783    4.02695    122.432    26.0869    26.0836     66.609    19.7974    36.6660 1.4542e-06      145.4 1.4225e-05       2.16 0.0000e+00
      39234     66.000     65.616    19.8192   4.978404     1.7800     0.0892     0.1125     -0.930    5.13160    7.33356    2.82610    4.03878    122.792    26.0859    26.0827     65.615    19.8070    36.6680 1.8172e-06      181.7 1.7776e-05       2.42 0.0000e+00
      39242     65.000     64.621    19.8420   4.980859     1.7835     0.0949     0.1120     -0.905    5.12941    7.33044    2.81236    4.01914    122.195    26.0804    26.0772     64.621    19.8300    36.6687 2.1530e-06      215.3 2.1061e-05       2.63 0.0000e+00
