CTD_data/C212_3_1.cnv
* Sea-Bird SBE 25 Data File:
* FileName = C:\CTD_Data\C212_3\C212_3_1.hex
* Software Version Seasave V 7.19
* Temperature SN = 4430
* Conductivity SN = 3138
* System UpLoad Time = May 12 2014 14:26:31
** Ship: Hermano Gines
** Station: C212_3
** Operator: Luis Medina
** Latitude: 10 30.09 N
** Longitude: 64 39.88 W
** primer perfil
# nquan = 24                                
# nvalues = 808                         
# units = specified
# name 0 = scan: Scan Count
# name 1 = prSM: Pressure, Strain Gauge [db]
# name 2 = depSM: Depth [salt water, m]
# name 3 = t090C: Temperature [ITS-90, deg C]
# name 4 = c0S/m: Conductivity [S/m]
# name 5 = sbeox0V: Oxygen Voltage, SBE 43
# name 6 = flECO-AFL: Fluorescence, Wetlab ECO-AFL/FL [mg/m^3]
# name 7 = bat: Beam Attenuation, Chelsea/Seatech/Wetlab CStar [1/m]
# name 8 = dz/dtM: Descent Rate [m/s]
# name 9 = oxsatML/L: Oxygen Saturation [ml/l]
# name 10 = oxsatMg/L: Oxygen Saturation [mg/l]
# name 11 = sbeox0ML/L: Oxygen, SBE 43 [ml/l], WS = 2
# name 12 = sbeox0Mg/L: Oxygen, SBE 43 [mg/l], WS = 2
# name 13 = sbeox0Mm/Kg: Oxygen, SBE 43 [umol/Kg], WS = 2
# name 14 = sigma-é00: Density [sigma-theta, Kg/m^3]
# name 15 = sigma-t00: Density [sigma-t, Kg/m^3 ]
# name 16 = depSM: Depth [salt water, m], lat = 10.5
# name 17 = potemp090C: Potential Temperature [ITS-90, deg C]
# name 18 = sal00: Salinity [PSU]
# name 19 = E: stability, E [rad^2/m]
# name 20 = E10^-8: stability, E [10^-8 rad^2/m]
# name 21 = N^2: buoyancy frequency, N^2 [rad^2/s^2]
# name 22 = N: buoyancy frequency, N [cycles/h]
# name 23 = flag: flag
# span 0 =        111,      17270       
# span 1 =      0.000,    404.000       
# span 2 =     -0.000,    401.318       
# span 3 =    17.5817,    25.2146       
# span 4 =   4.721293,   5.582637       
# span 5 =     0.5244,     2.8724       
# span 6 =    -0.5255,    16.4542       
# span 7 =     0.0462,     0.2997       
# span 8 =     -1.295,      1.503       
# span 9 =    4.65882,    5.36270       
# span 10 =    6.65792,    7.66384      
# span 11 =    0.00390,    4.76819      
# span 12 =    0.00557,    6.81423      
# span 13 =      0.170,    207.262      
# span 14 =    24.6955,    26.4216      
# span 15 =    24.6954,    26.4047      
# span 16 =      0.000,    401.318      
# span 17 =    17.5125,    25.2144      
# span 18 =    36.3426,    36.9478      
# span 19 = -6.383e-08, 3.9330e-05      
# span 20 =       -6.4,     3933.0      
# span 21 = -6.244e-07, 3.8472e-04      
# span 22 =      -0.45,      11.24      
# span 23 = 0.0000e+00, 0.0000e+00      
# interval = decibars: 1                
# start_time = May 12 2014 14:26:31
# bad_flag = -9.990e-29
*END*
[from data line 484]
       7326    323.000    320.918    17.6795   4.729845     0.5251    -0.0004     0.0576     -1.106    5.35209    7.64867    0.00624    0.00891      0.271    26.4075    26.3939    320.918    17.6241    36.3605 2.8334e-07       28.3 2.7716e-06       0.95 0.0000e+00
       7800    322.000    319.926    17.6799   4.729808     0.5249     0.0090     0.0561     -0.386    5.35206    7.64863    0.00551    0.00787      0.239    26.4071    26.3936    319.926    17.6246    36.3602 2.5249e-07       25.2 2.4698e-06       0.90 0.0000e+00
       8345    321.000    318.933    17.6810   4.729878     0.5246     0.0149     0.0565     -0.563    5.35194    7.64846    0.00488    0.00697      0.212    26.4068    26.3933    318.933    17.6259    36.3602 1.9027e-07       19.0 1.8613e-06       0.78 0.0000e+00
       8369    320.000    317.940    17.6822   4.730007     0.5247    -0.0006     0.0563     -0.641    5.35181    7.64827    0.00754    0.01078      0.328    26.4068    26.3933    317.940    17.6273    36.3607 1.6164e-07       16.2 1.5811e-06       0.72 0.0000e+00
       8382    319.000    316.947    17.6826   4.730007     0.5250     0.0086     0.0573     -0.648    5.35176    7.64821    0.00575    0.00822      0.250    26.4067    26.3932    316.947    17.6278    36.3607 1.2027e-07       12.0 1.1765e-06       0.62 0.0000e+00
       8401    318.000    315.954    17.6828   4.730016     0.5247     0.0202     0.0562     -0.343    5.35174    7.64817    0.00651    0.00931      0.283    26.4068    26.3934    315.954    17.6282    36.3610 8.9290e-08        8.9 8.7343e-07       0.54 0.0000e+00
       8417    317.000    314.962    17.6839   4.730103     0.5249     0.0142     0.0593     -0.523    5.35162    7.64800    0.00672    0.00961      0.292    26.4066    26.3933    314.962    17.6295    36.3611 1.0150e-07       10.1 9.9287e-07       0.57 0.0000e+00
       8432    316.000    313.969    17.6848   4.730171     0.5247     0.0143     0.0580     -0.535    5.35152    7.64786    0.00554    0.00791      0.241    26.4065    26.3932    313.969    17.6306    36.3613 1.1818e-07       11.8 1.1561e-06       0.62 0.0000e+00
       8449    315.000    312.976    17.6845   4.730098     0.5249     0.0081     0.0570     -0.442    5.35155    7.64791    0.00663    0.00948      0.288    26.4065    26.3933    312.976    17.6304    36.3613 1.5690e-07       15.7 1.5348e-06       0.71 0.0000e+00
       8465    314.000    311.983    17.6856   4.730216     0.5248     0.0136     0.0581     -0.468    5.35142    7.64772    0.00701    0.01001      0.304    26.4066    26.3933    311.983    17.6317    36.3617 2.7951e-07       28.0 2.7342e-06       0.95 0.0000e+00
       8487    313.000    310.990    17.6873   4.730392     0.5244     0.0200     0.0585     -0.344    5.35124    7.64745    0.00528    0.00755      0.230    26.4064    26.3932    310.990    17.6336    36.3621 3.7470e-07       37.5 3.6653e-06       1.10 0.0000e+00
       9095    312.000    309.998    17.6920   4.730898     0.5247     0.0064     0.0608     -0.424    5.35074    7.64674    0.00550    0.00786      0.239    26.4056    26.3925    309.998    17.6384    36.3627 4.4462e-07       44.5 4.3493e-06       1.19 0.0000e+00
       9477    311.000    309.005    17.6932   4.731024     0.5248    -0.0005     0.0612     -0.325    5.35060    7.64655    0.00552    0.00788      0.240    26.4056    26.3925    309.005    17.6398    36.3631 4.9801e-07       49.8 4.8716e-06       1.26 0.0000e+00
       9486    310.000    308.012    17.7033   4.732354     0.5249    -0.0004     0.0630     -0.594    5.34948    7.64494    0.00767    0.01096      0.333    26.4053    26.3922    308.012    17.6501    36.3659 5.1155e-07       51.2 5.0040e-06       1.28 0.0000e+00
       9496    309.000    307.019    17.7122   4.733226     0.5247     0.0039     0.0613     -0.828    5.34856    7.64363    0.00591    0.00845      0.257    26.4030    26.3899    307.019    17.6591    36.3659 5.1017e-07       51.0 4.9905e-06       1.28 0.0000e+00
       9512    308.000    306.026    17.7130   4.733302     0.5247 -9.990e-29     0.0564     -0.379    5.34848    7.64351    0.00645    0.00921      0.280    26.4030    26.3900    306.026    17.6601    36.3662 4.5335e-07       45.3 4.4346e-06       1.21 0.0000e+00
       9525    307.000    305.033    17.7137   4.733311     0.5250 -9.990e-29     0.0549     -0.646    5.34841    7.64341    0.00639    0.00912      0.277    26.4027    26.3897    305.033    17.6610    36.3660 4.3488e-07       43.5 4.2540e-06       1.18 0.0000e+00
       9540    306.000    304.040    17.7150   4.733420     0.5248     0.0122     0.0546     -0.461    5.34827    7.64322    0.00773    0.01105      0.336    26.4024    26.3895    304.040    17.6624    36.3662 4.4801e-07       44.8 4.3825e-06       1.20 0.0000e+00
       9554    305.000    303.048    17.7154   4.733457     0.5252     0.0107     0.0526     -0.634    5.34822    7.64314    0.00705    0.01007      0.306    26.4026    26.3897    303.048    17.6630    36.3666 4.5500e-07       45.5 4.4508e-06       1.21 0.0000e+00
       9571    304.000    302.055    17.7173   4.733619     0.5249 -9.990e-29     0.0520     -0.443    5.34802    7.64286    0.00615    0.00879      0.267    26.4021    26.3893    302.055    17.6651    36.3666 4.6547e-07       46.5 4.5532e-06       1.22 0.0000e+00
       9587    303.000    301.061    17.7164   4.733504     0.5249     0.0101     0.0515     -0.463    5.34811    7.64298    0.00579    0.00828      0.252    26.4024    26.3896    301.062    17.6643    36.3668 5.6439e-07       56.4 5.5209e-06       1.35 0.0000e+00
       9693    302.000    300.069    17.7275   4.734802     0.5247     0.0044     0.0543     -0.410    5.34692    7.64128    0.00559    0.00798      0.243    26.4010    26.3882    300.069    17.6756    36.3685 6.1808e-07       61.8 6.0461e-06       1.41 0.0000e+00
       9963    301.000    299.076    17.7353   4.735721     0.5248    -0.0003     0.0580     -0.242    5.34608    7.64007    0.00585    0.00835      0.254    26.4000    26.3873    299.076    17.6835    36.3699 7.1215e-07       71.2 6.9662e-06       1.51 0.0000e+00
       9990    300.000    298.083    17.7430   4.736630     0.5250     0.0065     0.0591     -0.524    5.34525    7.63889    0.00675    0.00965      0.294    26.3991    26.3864    298.083    17.6914    36.3712 8.3132e-07       83.1 8.1320e-06       1.63 0.0000e+00
      10023    299.000    297.090    17.7480   4.737157     0.5251     0.0093     0.0633     -0.235    5.34472    7.63814    0.00650    0.00929      0.282    26.3982    26.3856    297.090    17.6966    36.3717 9.2572e-07       92.6 9.0554e-06       1.72 0.0000e+00
      10044    298.000    296.097    17.7528   4.737691     0.5246     0.0142     0.0649     -0.523    5.34421    7.63741    0.00609    0.00871      0.265    26.3975    26.3849    296.097    17.7015    36.3724 9.4804e-07       94.8 9.2737e-06       1.74 0.0000e+00
      10074    297.000    295.104    17.7570   4.738237     0.5250     0.0102     0.0679     -0.236    5.34373    7.63672    0.00773    0.01105      0.336    26.3975    26.3849    295.104    17.7059    36.3737 9.7610e-07       97.6 9.5483e-06       1.77 0.0000e+00
      10098    296.000    294.111    17.7715   4.740004     0.5246    -0.0012     0.0945     -0.321    5.34216    7.63449    0.00540    0.00772      0.235    26.3959    26.3834    294.112    17.7205    36.3764 1.0104e-06      101.0 9.8838e-06       1.80 0.0000e+00
      10121    295.000    293.119    17.7824   4.741254     0.5249    -0.0004     0.0981     -0.413    5.34101    7.63284    0.00636    0.00910      0.277    26.3943    26.3818    293.119    17.7316    36.3778 1.0485e-06      104.9 1.0257e-05       1.83 0.0000e+00
      10146    294.000    292.126    17.7903   4.742127     0.5247    -0.0004     0.1146     -0.410    5.34018    7.63164    0.00618    0.00883      0.269    26.3930    26.3805    292.126    17.7396    36.3787 1.0526e-06      105.3 1.0297e-05       1.84 0.0000e+00
      10169    293.000    291.133    17.7919   4.742351     0.5250     0.0025     0.1212     -0.308    5.33998    7.63137    0.00690    0.00986      0.300    26.3932    26.3808    291.133    17.7414    36.3796 1.0283e-06      102.8 1.0059e-05       1.82 0.0000e+00
      10195    292.000    290.140    17.8015   4.743314     0.5248     0.0072     0.1282     -0.303    5.33900    7.62997    0.00633    0.00904      0.275    26.3909    26.3785    290.140    17.7512    36.3797 9.6461e-07       96.5 9.4359e-06       1.76 0.0000e+00
      10222    291.000    289.147    17.8090   4.744236     0.5249     0.0034     0.1114     -0.280    5.33818    7.62879    0.00493    0.00705      0.214    26.3903    26.3779    289.147    17.7588    36.3813 8.4055e-07       84.1 8.2223e-06       1.64 0.0000e+00
      11168    290.000    288.154    17.8200   4.745573     0.5247    -0.0017     0.0938     -0.440    5.33700    7.62710    0.00563    0.00805      0.245    26.3891    26.3768    288.154    17.7700    36.3834 7.2215e-07       72.2 7.0641e-06       1.52 0.0000e+00
      11426    289.000    287.161    17.8221   4.745783     0.5250 -9.990e-29     0.0914     -0.246    5.33677    7.62678    0.00802    0.01146      0.349    26.3888    26.3765    287.161    17.7723    36.3837 6.1986e-07       62.0 6.0635e-06       1.41 0.0000e+00
      11453    288.000    286.168    17.8248   4.746059     0.5249     0.0069     0.0876     -0.230    5.33648    7.62637    0.00440    0.00629      0.191    26.3884    26.3761    286.168    17.7751    36.3841 5.3978e-07       54.0 5.2801e-06       1.32 0.0000e+00
      12155    287.000    285.175    17.8274   4.746342     0.5249    -0.0016     0.0820     -0.341    5.33620    7.62597    0.00597    0.00854      0.260    26.3881    26.3758    285.175    17.7779    36.3846 3.7698e-07       37.7 3.6876e-06       1.10 0.0000e+00
      12285    286.000    284.182    17.8301   4.746610     0.5248 -9.990e-29     0.0788     -0.453    5.33591    7.62556    0.00649    0.00927      0.282    26.3876    26.3754    284.182    17.7808    36.3849 2.9673e-07       29.7 2.9027e-06       0.98 0.0000e+00
      12294    285.000    283.189    17.8315   4.746736     0.5248 -9.990e-29     0.0775     -0.593    5.33577    7.62535    0.00643    0.00918      0.279    26.3874    26.3752    283.189    17.7823    36.3851 2.1168e-07       21.2 2.0707e-06       0.82 0.0000e+00
      12313    284.000    282.196    17.8323   4.746800     0.5248     0.0027     0.0766     -0.358    5.33568    7.62522    0.00632    0.00903      0.275    26.3873    26.3752    282.196    17.7833    36.3853 1.6480e-07       16.5 1.6121e-06       0.73 0.0000e+00
      12331    283.000    281.203    17.8326   4.746754     0.5249     0.0038     0.0737     -0.481    5.33566    7.62519    0.00548    0.00784      0.238    26.3870    26.3749    281.203    17.7838    36.3850 1.2025e-07       12.0 1.1763e-06       0.62 0.0000e+00
      12351    282.000    280.210    17.8324   4.746737     0.5250     0.0078     0.0738     -0.389    5.33566    7.62519    0.00716    0.01022      0.311    26.3873    26.3753    280.210    17.7837    36.3854 8.9929e-08        9.0 8.7969e-07       0.54 0.0000e+00
      12370    281.000    279.217    17.8326   4.746692     0.5248 -9.990e-29     0.0721     -0.519    5.33565    7.62518    0.00496    0.00710      0.216    26.3870    26.3751    279.217    17.7841    36.3852 8.6015e-08        8.6 8.4140e-07       0.53 0.0000e+00
      12386    280.000    278.225    17.8325   4.746652     0.5245     0.0088     0.0718     -0.501    5.33566    7.62519    0.00598    0.00854      0.260    26.3871    26.3752    278.224    17.7842    36.3854 1.0275e-07       10.3 1.0051e-06       0.57 0.0000e+00
      12405    279.000    277.231    17.8326   4.746622     0.5251     0.0056     0.0702     -0.365    5.33564    7.62516    0.00665    0.00951      0.289    26.3871    26.3752    277.231    17.7845    36.3854 1.3016e-07       13.0 1.2732e-06       0.65 0.0000e+00
      12424    278.000    276.239    17.8336   4.746713     0.5246    -0.0065     0.0711     -0.472    5.33553    7.62501    0.00540    0.00772      0.235    26.3870    26.3752    276.238    17.7856    36.3857 1.5297e-07       15.3 1.4963e-06       0.70 0.0000e+00
      12470    277.000    275.245    17.8357   4.746944     0.5247     0.0006     0.0721     -0.498    5.33531    7.62469    0.00642    0.00918      0.279    26.3868    26.3750    275.245    17.7879    36.3862 2.0831e-07       20.8 2.0377e-06       0.82 0.0000e+00
      13116    276.000    274.252    17.8395   4.747360     0.5248    -0.0090     0.0685     -0.597    5.33490    7.62411    0.00700    0.01000      0.304    26.3863    26.3745    274.252    17.7919    36.3868 2.2989e-07       23.0 2.2488e-06       0.86 0.0000e+00
      13405    275.000    273.259    17.8412   4.747530     0.5250    -0.0023     0.0689     -0.407    5.33471    7.62384    0.00781    0.01116      0.339    26.3861    26.3744    273.259    17.7937    36.3871 3.7450e-07       37.5 3.6634e-06       1.10 0.0000e+00
      13398    274.000    272.266    17.8430   4.747702     0.5254     0.0005     0.0686     -0.560    5.33452    7.62357    0.00856    0.01224      0.372    26.3858    26.3741    272.266    17.7957    36.3874 4.7769e-07       47.8 4.6728e-06       1.24 0.0000e+00
      13415    273.000    271.273    17.8460   4.748083     0.5256    -0.0004     0.0726     -0.380    5.33419    7.62309    0.00944    0.01349      0.410    26.3858    26.3741    271.273    17.7989    36.3883 5.6232e-07       56.2 5.5006e-06       1.34 0.0000e+00
      13428    272.000    270.280    17.8505   4.748582     0.5276 -9.990e-29     0.0734     -0.651    5.33371    7.62240    0.02595    0.03709      1.128    26.3851    26.3735    270.280    17.8036    36.3890 5.6867e-07       56.9 5.5627e-06       1.35 0.0000e+00
      13449    271.000    269.287    17.8555   4.749251     0.5341 -9.990e-29     0.0723     -0.323    5.33314    7.62159    0.04071    0.05818      1.769    26.3851    26.3736    269.287    17.8087    36.3907 5.8916e-07       58.9 5.7631e-06       1.38 0.0000e+00
      13464    270.000    268.294    17.8721   4.751125     0.5371     0.0143     0.0725     -0.538    5.33140    7.61911    0.04380    0.06259      1.903    26.3823    26.3708    268.294    17.8255    36.3924 6.2041e-07       62.0 6.0689e-06       1.41 0.0000e+00
      13482    269.000    267.301    17.8755   4.751535     0.5387 -9.990e-29     0.0749     -0.392    5.33103    7.61857    0.03829    0.05472      1.664    26.3821    26.3706    267.301    17.8290    36.3933 6.6020e-07       66.0 6.4581e-06       1.46 0.0000e+00
      13497    268.000    266.308    17.8769   4.751610     0.5397     0.0036     0.0741     -0.564    5.33089    7.61837    0.05218    0.07456      2.267    26.3815    26.3701    266.308    17.8306    36.3931 6.6529e-07       66.5 6.5079e-06       1.46 0.0000e+00
      13519    267.000    265.315    17.8764   4.751608     0.5483     0.0032     0.0752     -0.288    5.33091    7.61841    0.07583    0.10837      3.295    26.3822    26.3708    265.315    17.8303    36.3939 6.2412e-07       62.4 6.1052e-06       1.42 0.0000e+00
      13530    266.000    264.322    17.8851   4.752644     0.5492    -0.0003     0.0746     -0.767    5.32998    7.61707    0.06746    0.09642      2.932    26.3812    26.3699    264.322    17.8391    36.3954 1.0197e-06      102.0 9.9746e-06       1.81 0.0000e+00
      13553    265.000    263.329    17.8898   4.753158     0.5545     0.0087     0.0754     -0.308    5.32948    7.61636    0.08555    0.12226      3.718    26.3805    26.3692    263.329    17.8440    36.3960 8.7358e-07       87.4 8.5454e-06       1.67 0.0000e+00
