CTD_data/C212_3_3.cnv
* Sea-Bird SBE 25 Data File:
* FileName = C:\CTD_Data\C212_3\C212_3_3.hex
* Software Version Seasave V 7.19
* Temperature SN = 4430
* Conductivity SN = 3138
* System UpLoad Time = May 13 2014 00:06:50
** Ship: Hermano Gines
** Station: Car_212_3
** Operator: Luis Medina
** Latitude: 10 30.050 N
** Longitude: 64 39.97 W
** terver perfil
# nquan = 24                                
# nvalues = 2626                        
# units = specified
# name 0 = scan: Scan Count
# name 1 = prSM: Pressure, Strain Gauge [db]
# name 2 = depSM: Depth [salt water, m]
# name 3 = t090C: Temperature [ITS-90, deg C]
# name 4 = c0S/m: Conductivity [S/m]
# name 5 = sbeox0V: Oxygen Voltage, SBE 43
# name 6 = flECO-AFL: Fluorescence, Wetlab ECO-AFL/FL [mg/m^3]
# name 7 = bat: Beam Attenuation, Chelsea/Seatech/Wetlab CStar [1/m]
# name 8 = dz/dtM: Descent Rate [m/s]
# name 9 = oxsatML/L: Oxygen Saturation [ml/l]
# name 10 = oxsatMg/L: Oxygen Saturation [mg/l]
# name 11 = sbeox0ML/L: Oxygen, SBE 43 [ml/l], WS = 2
# name 12 = sbeox0Mg/L: Oxygen, SBE 43 [mg/l], WS = 2
# name 13 = sbeox0Mm/Kg: Oxygen, SBE 43 [umol/Kg], WS = 2
# name 14 = sigma-é00: Density [sigma-theta, Kg/m^3]
# name 15 = sigma-t00: Density [sigma-t, Kg/m^3 ]
# name 16 = depSM: Depth [salt water, m], lat = 10.5
# name 17 = potemp090C: Potential Temperature [ITS-90, deg C]
# name 18 = sal00: Salinity [PSU]
# name 19 = E: stability, E [rad^2/m]
# name 20 = E10^-8: stability, E [10^-8 rad^2/m]
# name 21 = N^2: buoyancy frequency, N^2 [rad^2/s^2]
# name 22 = N: buoyancy frequency, N [cycles/h]
# name 23 = flag: flag
# span 0 =         98,      37062       
# span 1 =      0.000,   1313.000       
# span 2 =     -0.000,   1301.452       
# span 3 =    17.2522,    24.5787       
# span 4 =   4.694111,   5.513641       
# span 5 =     0.5245,     2.8099       
# span 6 =    -0.5180,     0.6255       
# span 7 =     0.0403,     0.5320       
# span 8 =     -1.615,      1.500       
# span 9 =    4.70949,    5.39924       
# span 10 =    6.73034,    7.71606      
# span 11 =    0.00183,    4.71137      
# span 12 =    0.00261,    6.73302      
# span 13 =      0.079,    204.756      
# span 14 =    24.8918,    26.4655      
# span 15 =    24.8914,    26.4303      
# span 16 =      0.000,   1301.452      
# span 17 =    17.0660,    24.5776      
# span 18 =    36.2589,    36.9690      
# span 19 = -2.237e-08, 5.5092e-05      
# span 20 =       -2.2,     5509.2      
# span 21 = -2.188e-07, 5.3891e-04      
# span 22 =      -0.27,      13.30      
# span 23 = 0.0000e+00, 0.0000e+00      
# interval = decibars: 1                
# start_time = May 13 2014 00:06:50
# bad_flag = -9.990e-29
*END*
[from data line 2355]
      33779    270.000    268.294    17.8802   4.752114     0.5508 -9.990e-29     0.0711     -0.635    5.33053    7.61786    0.12253    0.17511      5.324    26.3813    26.3697    268.294    17.8335    36.3937 9.0947e-07       90.9 8.8964e-06       1.71 0.0000e+00
      33792    269.000    267.301    17.8863   4.752914     0.5692 -9.990e-29     0.0721     -0.579    5.32985    7.61690    0.18445    0.26359      8.015    26.3811    26.3696    267.301    17.8398    36.3955 9.7855e-07       97.9 9.5722e-06       1.77 0.0000e+00
      33802    268.000    266.308    17.9002   4.754648     0.5837 -9.990e-29     0.0716     -0.762    5.32835    7.61474    0.21002    0.30015      9.126    26.3799    26.3684    266.308    17.8539    36.3984 1.0151e-06      101.5 9.9296e-06       1.81 0.0000e+00
      33811    267.000    265.315    17.9134   4.756248     0.5952 -9.990e-29     0.0663     -0.851    5.32693    7.61272    0.23270    0.33256     10.112    26.3784    26.3670    265.315    17.8672    36.4008 1.0548e-06      105.5 1.0318e-05       1.84 0.0000e+00
      33822    266.000    264.322    17.9262   4.757781     0.6072    -0.0150     0.0582     -0.809    5.32556    7.61076    0.25200    0.36013     10.950    26.3768    26.3654    264.322    17.8802    36.4029 1.1137e-06      111.4 1.0895e-05       1.89 0.0000e+00
      33835    265.000    263.329    17.9388   4.759305     0.6187    -0.0023     0.0470     -0.565    5.32421    7.60883    0.26352    0.37660     11.451    26.3754    26.3640    263.329    17.8929    36.4052 1.1371e-06      113.7 1.1124e-05       1.91 0.0000e+00
      33845    264.000    262.336    17.9443   4.759872     0.6242    -0.0004     0.0521     -0.727    5.32364    7.60802    0.26352    0.37660     11.451    26.3743    26.3629    262.336    17.8986    36.4055 1.0839e-06      108.4 1.0603e-05       1.87 0.0000e+00
      33854    263.000    261.343    17.9492   4.760514     0.6272    -0.0004     0.0554     -0.919    5.32309    7.60723    0.26202    0.37445     11.386    26.3742    26.3629    261.343    17.9036    36.4071 9.4891e-07       94.9 9.2823e-06       1.75 0.0000e+00
      33867    262.000    260.350    17.9604   4.761879     0.6299    -0.0014     0.0461     -0.669    5.32189    7.60552    0.26300    0.37586     11.428    26.3730    26.3617    260.350    17.9150    36.4092 7.9395e-07       79.4 7.7665e-06       1.60 0.0000e+00
      33878    261.000    259.357    17.9684   4.762708     0.6307    -0.0076     0.0464     -0.604    5.32107    7.60434    0.25899    0.37013     11.254    26.3713    26.3600    259.357    17.9232    36.4096 6.6311e-07       66.3 6.4866e-06       1.46 0.0000e+00
      33887    260.000    258.364    17.9694   4.762755     0.6312     0.0045     0.0477     -0.939    5.32097    7.60419    0.26028    0.37197     11.310    26.3709    26.3597    258.364    17.9243    36.4095 5.5231e-07       55.2 5.4027e-06       1.33 0.0000e+00
      33896    259.000    257.371    17.9695   4.762729     0.6314    -0.0001     0.0459     -0.872    5.32096    7.60418    0.25884    0.36991     11.247    26.3709    26.3597    257.371    17.9246    36.4095 4.6832e-07       46.8 4.5811e-06       1.23 0.0000e+00
      33912    258.000    256.377    17.9694   4.762656     0.6314    -0.0072     0.0439     -0.467    5.32097    7.60420    0.25993    0.37147     11.295    26.3707    26.3596    256.378    17.9247    36.4094 4.1103e-07       41.1 4.0208e-06       1.15 0.0000e+00
      33926    257.000    255.384    17.9697   4.762647     0.6319    -0.0078     0.0473     -0.440    5.32094    7.60416    0.26059    0.37241     11.323    26.3707    26.3596    255.384    17.9251    36.4094 3.3706e-07       33.7 3.2971e-06       1.04 0.0000e+00
      33932    256.000    254.391    17.9729   4.762967     0.6320    -0.0077     0.0478     -0.978    5.32060    7.60368    0.26284    0.37562     11.421    26.3700    26.3590    254.391    17.9285    36.4097 2.8112e-07       28.1 2.7499e-06       0.95 0.0000e+00
      33938    255.000    253.398    17.9747   4.763161     0.6326    -0.0118     0.0477     -1.368    5.32041    7.60340    0.26767    0.38253     11.631    26.3699    26.3589    253.398    17.9305    36.4101 2.6689e-07       26.7 2.6108e-06       0.93 0.0000e+00
      33953    254.000    252.405    17.9766   4.763343     0.6347    -0.0118     0.0462     -0.638    5.32021    7.60311    0.27260    0.38957     11.845    26.3696    26.3586    252.405    17.9326    36.4104 2.8780e-07       28.8 2.8152e-06       0.96 0.0000e+00
      33969    253.000    251.412    17.9797   4.763691     0.6362 -9.990e-29     0.0452     -0.400    5.31988    7.60264    0.27050    0.38657     11.754    26.3692    26.3583    251.412    17.9358    36.4110 3.1451e-07       31.5 3.0766e-06       1.00 0.0000e+00
      33975    252.000    250.419    17.9819   4.763877     0.6362    -0.0126     0.0472     -1.010    5.31965    7.60231    0.27043    0.38647     11.751    26.3686    26.3578    250.419    17.9382    36.4110 3.2216e-07       32.2 3.1514e-06       1.02 0.0000e+00
      33982    251.000    249.426    17.9822   4.763871     0.6364    -0.0131     0.0473     -1.356    5.31962    7.60227    0.27347    0.39082     11.883    26.3686    26.3578    249.426    17.9387    36.4111 3.6050e-07       36.1 3.5264e-06       1.08 0.0000e+00
      33995    250.000    248.432    17.9819   4.763835     0.6369    -0.0002     0.0472     -0.607    5.31964    7.60230    0.27386    0.39138     11.900    26.3689    26.3581    248.433    17.9385    36.4114 4.0141e-07       40.1 3.9266e-06       1.14 0.0000e+00
      34007    249.000    247.440    17.9872   4.764418     0.6375 -9.990e-29     0.0473     -0.542    5.31908    7.60150    0.27780    0.39700     12.071    26.3680    26.3573    247.440    17.9440    36.4121 4.2286e-07       42.3 4.1364e-06       1.17 0.0000e+00
      34014    248.000    246.446    17.9914   4.764886     0.6387 -9.990e-29     0.0482     -1.149    5.31863    7.60086    0.28405    0.40594     12.343    26.3674    26.3568    246.446    17.9484    36.4127 4.1761e-07       41.8 4.0851e-06       1.16 0.0000e+00
      34026    247.000    245.453    17.9925   4.764976     0.6407     0.0045     0.0483     -0.754    5.31852    7.60069    0.28732    0.41061     12.485    26.3673    26.3566    245.453    17.9497    36.4129 4.1191e-07       41.2 4.0293e-06       1.15 0.0000e+00
      34038    246.000    244.460    18.0001   4.765826     0.6422     0.0032 -9.990e-29     -0.570    5.31772    7.59955    0.28882    0.41276     12.550    26.3660    26.3554    244.460    17.9574    36.4138 4.1555e-07       41.6 4.0650e-06       1.16 0.0000e+00
      34046    245.000    243.467    18.0016   4.765962     0.6429    -0.0051     0.0493     -0.893    5.31756    7.59932    0.28909    0.41315     12.562    26.3658    26.3552    243.467    17.9591    36.4140 4.0301e-07       40.3 3.9422e-06       1.14 0.0000e+00
      34054    244.000    242.474    18.0029   4.766069     0.6435    -0.0077     0.0488     -1.092    5.31743    7.59913    0.29467    0.42111     12.804    26.3655    26.3550    242.474    17.9606    36.4142 3.3149e-07       33.1 3.2426e-06       1.03 0.0000e+00
      34067    243.000    241.481    18.0040   4.766196     0.6478    -0.0175     0.0484     -0.659    5.31730    7.59895    0.31267    0.44683     13.586    26.3656    26.3551    241.481    17.9618    36.4147 2.8081e-07       28.1 2.7469e-06       0.95 0.0000e+00
      34081    242.000    240.487    18.0056   4.766334     0.6509 -9.990e-29     0.0505     -0.398    5.31713    7.59871    0.31112    0.44462     13.519    26.3653    26.3548    240.487    17.9636    36.4148 2.4418e-07       24.4 2.3886e-06       0.89 0.0000e+00
      34088    241.000    239.494    18.0097   4.766825     0.6522 -9.990e-29     0.0509     -0.965    5.31669    7.59808    0.31536    0.45069     13.703    26.3649    26.3545    239.494    17.9679    36.4158 1.8938e-07       18.9 1.8525e-06       0.78 0.0000e+00
      34096    240.000    238.501    18.0103   4.766818     0.6532 -9.990e-29     0.0514     -1.137    5.31664    7.59800    0.31324    0.44765     13.611    26.3646    26.3542    238.501    17.9686    36.4156 1.7065e-07       17.1 1.6693e-06       0.74 0.0000e+00
      34109    239.000    237.508    18.0112   4.766937     0.6533 -9.990e-29     0.0501     -0.537    5.31652    7.59784    0.30535    0.43638     13.268    26.3648    26.3544    237.508    17.9697    36.4162 2.4625e-07       24.6 2.4089e-06       0.89 0.0000e+00
      34119    238.000    236.514    18.0125   4.767041     0.6520    -0.0141     0.0521     -0.735    5.31638    7.59764    0.29954    0.42807     13.016    26.3645    26.3542    236.515    17.9712    36.4163 2.1510e-07       21.5 2.1041e-06       0.83 0.0000e+00
      34128    237.000    235.521    18.0125   4.766967     0.6504    -0.0077     0.0519     -0.881    5.31640    7.59766    0.29612    0.42318     12.867    26.3643    26.3540    235.522    17.9714    36.4160 1.7887e-07       17.9 1.7497e-06       0.76 0.0000e+00
      34137    236.000    234.528    18.0122   4.766872     0.6501 -9.990e-29     0.0510     -0.906    5.31643    7.59771    0.30475    0.43552     13.242    26.3642    26.3540    234.528    17.9712    36.4159 1.6206e-07       16.2 1.5852e-06       0.72 0.0000e+00
      34150    235.000    233.535    18.0120   4.766825     0.6520    -0.0021     0.0499     -0.621    5.31644    7.59773    0.31673    0.45263     13.762    26.3643    26.3541    233.535    17.9712    36.4160 1.6060e-07       16.1 1.5710e-06       0.72 0.0000e+00
      34161    234.000    232.542    18.0128   4.766574     0.6548     0.0023     0.0510     -0.615    5.31644    7.59773    0.32844    0.46937     14.271    26.3621    26.3520    232.542    17.9722    36.4135 1.6152e-07       16.2 1.5800e-06       0.72 0.0000e+00
      34168    233.000    231.549    18.0147   4.767089     0.6572    -0.0004     0.0519     -1.054    5.31615    7.59732    0.33749    0.48231     14.665    26.3640    26.3539    231.549    17.9743    36.4167 1.4709e-07       14.7 1.4389e-06       0.69 0.0000e+00
      34178    232.000    230.555    18.0165   4.767273     0.6614    -0.0075     0.0523     -0.980    5.31596    7.59704    0.34611    0.49462     15.039    26.3638    26.3538    230.556    17.9762    36.4170 1.3960e-07       14.0 1.3656e-06       0.67 0.0000e+00
      34192    231.000    229.562    18.0196   4.767623     0.6650     0.0003     0.0525     -0.436    5.31562    7.59655    0.34164    0.48824     14.845    26.3635    26.3535    229.562    17.9795    36.4176 1.4863e-07       14.9 1.4539e-06       0.69 0.0000e+00
      34201    230.000    228.569    18.0214   4.767780     0.6649     0.0069     0.0535     -0.753    5.31544    7.59630    0.33731    0.48206     14.657    26.3631    26.3531    228.569    17.9815    36.4178 1.5546e-07       15.5 1.5207e-06       0.71 0.0000e+00
      34210    229.000    227.576    18.0222   4.767855     0.6656    -0.0027     0.0538     -0.975    5.31534    7.59616    0.34279    0.48987     14.895    26.3631    26.3532    227.576    17.9824    36.4181 1.4096e-07       14.1 1.3788e-06       0.67 0.0000e+00
      34221    228.000    226.582    18.0228   4.767876     0.6668    -0.0077     0.0542     -0.712    5.31529    7.59607    0.34690    0.49576     15.074    26.3629    26.3530    226.583    17.9832    36.4181 2.1778e-07       21.8 2.1303e-06       0.84 0.0000e+00
      34231    227.000    225.589    18.0243   4.768020     0.6681 -9.990e-29     0.0525     -0.716    5.31513    7.59584    0.34852    0.49807     15.144    26.3627    26.3529    225.589    17.9849    36.4184 1.9788e-07       19.8 1.9357e-06       0.80 0.0000e+00
      34240    226.000    224.596    18.0288   4.768560     0.6689 -9.990e-29     0.0554     -0.891    5.31464    7.59515    0.35092    0.50150     15.248    26.3623    26.3525    224.596    17.9896    36.4194 1.8068e-07       18.1 1.7675e-06       0.76 0.0000e+00
      34249    225.000    223.603    18.0301   4.768665     0.6698 -9.990e-29     0.0552     -0.923    5.31450    7.59495    0.35060    0.50104     15.234    26.3620    26.3523    223.603    17.9910    36.4195 1.6200e-07       16.2 1.5846e-06       0.72 0.0000e+00
      34261    224.000    222.610    18.0305   4.768675     0.6702    -0.0150     0.0537     -0.749    5.31446    7.59489    0.35089    0.50146     15.247    26.3620    26.3523    222.610    17.9916    36.4196 1.4709e-07       14.7 1.4388e-06       0.69 0.0000e+00
      34274    223.000    221.616    18.0304   4.768624     0.6705    -0.0081     0.0530     -0.502    5.31447    7.59490    0.35025    0.50055     15.219    26.3620    26.3524    221.616    17.9917    36.4197 1.7608e-07       17.6 1.7224e-06       0.75 0.0000e+00
      34283    222.000    220.623    18.0306   4.768593     0.6711    -0.0003     0.0542     -0.781    5.31445    7.59488    0.36120    0.51620     15.695    26.3619    26.3523    220.623    17.9921    36.4196 2.2959e-07       23.0 2.2459e-06       0.86 0.0000e+00
      34291    221.000    219.630    18.0318   4.768694     0.6744     0.0135     0.0544     -1.083    5.31432    7.59469    0.39075    0.55842     16.979    26.3617    26.3521    219.630    17.9934    36.4198 3.0584e-07       30.6 2.9917e-06       0.99 0.0000e+00
      34302    220.000    218.637    18.0321   4.768707     0.6860     0.0113     0.0540     -0.725    5.31428    7.59465    0.43955    0.62816     19.099    26.3617    26.3522    218.637    17.9939    36.4200 4.7360e-07       47.4 4.6327e-06       1.23 0.0000e+00
      34313    219.000    217.643    18.0366   4.769307     0.6981 -9.990e-29     0.0552     -0.602    5.31378    7.59393    0.46943    0.67086     20.398    26.3617    26.3522    217.643    17.9986    36.4215 6.9789e-07       69.8 6.8267e-06       1.50 0.0000e+00
      34323    218.000    216.650    18.0469   4.770539     0.7109    -0.0150     0.0557     -0.906    5.31268    7.59235    0.51637    0.73795     22.437    26.3605    26.3510    216.650    18.0090    36.4233 9.0768e-07       90.8 8.8790e-06       1.71 0.0000e+00
      34334    217.000    215.657    18.0547   4.771478     0.7281    -0.0150     0.0560     -0.723    5.31184    7.59116    0.55868    0.79841     24.276    26.3596    26.3502    215.657    18.0170    36.4248 1.0900e-06      109.0 1.0662e-05       1.87 0.0000e+00
      34343    216.000    214.663    18.0647   4.772713     0.7414 -9.990e-29     0.0582     -0.776    5.31077    7.58962    0.57506    0.82181     24.987    26.3587    26.3493    214.663    18.0271    36.4269 1.2079e-06      120.8 1.1815e-05       1.97 0.0000e+00
      34352    215.000    213.670    18.0822   4.774803     0.7516    -0.0004     0.0620     -0.930    5.30891    7.58697    0.58785    0.84010     25.543    26.3564    26.3470    213.670    18.0448    36.4296 1.2963e-06      129.6 1.2680e-05       2.04 0.0000e+00
      34365    214.000    212.677    18.0978   4.776663     0.7627    -0.0004     0.0668     -0.650    5.30727    7.58462    0.60394    0.86309     26.242    26.3543    26.3450    212.677    18.0606    36.4320 1.2923e-06      129.2 1.2642e-05       2.04 0.0000e+00
      34376    213.000    211.684    18.1075   4.777820     0.7710     0.0013     0.0686     -0.637    5.30623    7.58314    0.61863    0.88408     26.880    26.3531    26.3439    211.684    18.0704    36.4337 1.1815e-06      118.1 1.1557e-05       1.95 0.0000e+00
      34384    212.000    210.690    18.1145   4.778585     0.7769    -0.0004     0.0653     -0.913    5.30551    7.58210    0.62821    0.89778     27.297    26.3519    26.3426    210.690    18.0776    36.4344 1.0689e-06      106.9 1.0456e-05       1.85 0.0000e+00
      34395    211.000    209.697    18.1194   4.779180     0.7824     0.0022     0.0680     -0.848    5.30498    7.58134    0.63332    0.90508     27.519    26.3515    26.3423    209.697    18.0826    36.4355 1.0057e-06      100.6 9.8374e-06       1.80 0.0000e+00
