CTD_data/C212_3_1.cnv
* Sea-Bird SBE 25 Data File:
* FileName = C:\CTD_Data\C212_3\C212_3_1.hex
* Software Version Seasave V 7.19
* Temperature SN = 4430
* Conductivity SN = 3138
* System UpLoad Time = May 12 2014 14:26:31
** Ship: Hermano Gines
** Station: C212_3
** Operator: Luis Medina
** Latitude: 10 30.09 N
** Longitude: 64 39.88 W
** primer perfil
# nquan = 24                                
# nvalues = 808                         
# units = specified
# name 0 = scan: Scan Count
# name 1 = prSM: Pressure, Strain Gauge [db]
# name 2 = depSM: Depth [salt water, m]
# name 3 = t090C: Temperature [ITS-90, deg C]
# name 4 = c0S/m: Conductivity [S/m]
# name 5 = sbeox0V: Oxygen Voltage, SBE 43
# name 6 = flECO-AFL: Fluorescence, Wetlab ECO-AFL/FL [mg/m^3]
# name 7 = bat: Beam Attenuation, Chelsea/Seatech/Wetlab CStar [1/m]
# name 8 = dz/dtM: Descent Rate [m/s]
# name 9 = oxsatML/L: Oxygen Saturation [ml/l]
# name 10 = oxsatMg/L: Oxygen Saturation [mg/l]
# name 11 = sbeox0ML/L: Oxygen, SBE 43 [ml/l], WS = 2
# name 12 = sbeox0Mg/L: Oxygen, SBE 43 [mg/l], WS = 2
# name 13 = sbeox0Mm/Kg: Oxygen, SBE 43 [umol/Kg], WS = 2
# name 14 = sigma-é00: Density [sigma-theta, Kg/m^3]
# name 15 = sigma-t00: Density [sigma-t, Kg/m^3 ]
# name 16 = depSM: Depth [salt water, m], lat = 10.5
# name 17 = potemp090C: Potential Temperature [ITS-90, deg C]
# name 18 = sal00: Salinity [PSU]
# name 19 = E: stability, E [rad^2/m]
# name 20 = E10^-8: stability, E [10^-8 rad^2/m]
# name 21 = N^2: buoyancy frequency, N^2 [rad^2/s^2]
# name 22 = N: buoyancy frequency, N [cycles/h]
# name 23 = flag: flag
# span 0 =        111,      17270       
# span 1 =      0.000,    404.000       
# span 2 =     -0.000,    401.318       
# span 3 =    17.5817,    25.2146       
# span 4 =   4.721293,   5.582637       
# span 5 =     0.5244,     2.8724       
# span 6 =    -0.5255,    16.4542       
# span 7 =     0.0462,     0.2997       
# span 8 =     -1.295,      1.503       
# span 9 =    4.65882,    5.36270       
# span 10 =    6.65792,    7.66384      
# span 11 =    0.00390,    4.76819      
# span 12 =    0.00557,    6.81423      
# span 13 =      0.170,    207.262      
# span 14 =    24.6955,    26.4216      
# span 15 =    24.6954,    26.4047      
# span 16 =      0.000,    401.318      
# span 17 =    17.5125,    25.2144      
# span 18 =    36.3426,    36.9478      
# span 19 = -6.383e-08, 3.9330e-05      
# span 20 =       -6.4,     3933.0      
# span 21 = -6.244e-07, 3.8472e-04      
# span 22 =      -0.45,      11.24      
# span 23 = 0.0000e+00, 0.0000e+00      
# interval = decibars: 1                
# start_time = May 12 2014 14:26:31
# bad_flag = -9.990e-29
*END*
[from data line 725]
      16235     82.000     81.519    20.2259   5.026914     1.8131     0.0728     0.1095     -0.818    5.09215    7.27719    2.84640    4.06779    123.675    26.0083    26.0042     81.519    20.2105    36.7071 2.9422e-06      294.2 2.8781e-05       3.07 0.0000e+00
      16246     81.000     80.525    20.2718   5.033166     1.8115     0.0680     0.1219     -0.657    5.08752    7.27057    2.84955    4.07229    123.811    26.0050    26.0009     80.525    20.2566    36.7189 2.9292e-06      292.9 2.8653e-05       3.07 0.0000e+00
      16254     80.000     79.531    20.3085   5.036348     1.8117     0.0806     0.1179     -0.893    5.08425    7.26591    2.84724    4.06898    123.711    25.9909    25.9868     79.531    20.2934    36.7134 2.5108e-06      251.1 2.4560e-05       2.84 0.0000e+00
      16263     79.000     78.537    20.3117   5.037098     1.8107     0.0900     0.1241     -1.010    5.08385    7.26532    2.83908    4.05733    123.357    25.9928    25.9888     78.537    20.2968    36.7171 2.1624e-06      216.2 2.1153e-05       2.64 0.0000e+00
      16273     78.000     77.544    20.3233   5.038153     1.8097     0.0661     0.1279     -0.731    5.08280    7.26383    2.84326    4.06331    123.539    25.9888    25.9849     77.543    20.3086    36.7161 1.9127e-06      191.3 1.8710e-05       2.48 0.0000e+00
      16283     77.000     76.549    20.3219   5.037938     1.8104     0.0838     0.1282     -0.806    5.08293    7.26402    2.84515    4.06601    123.621    25.9890    25.9851     76.549    20.3074    36.7159 1.5895e-06      159.0 1.5549e-05       2.26 0.0000e+00
      16292     76.000     75.555    20.3184   5.037425     1.8106     0.0803     0.1298     -0.848    5.08328    7.26452    2.84364    4.06384    123.555    25.9893    25.9855     75.555    20.3041    36.7151 1.1483e-06      114.8 1.1233e-05       1.92 0.0000e+00
      16302     75.000     74.561    20.3180   5.037373     1.8105     0.0729     0.1341     -0.806    5.08331    7.26456    2.84103    4.06011    123.441    25.9896    25.9858     74.561    20.3039    36.7154 1.1111e-06      111.1 1.0869e-05       1.89 0.0000e+00
      16311     74.000     73.567    20.3221   5.037772     1.8091     0.0729     0.1349     -0.844    5.08293    7.26402    2.82052    4.03081    122.551    25.9885    25.9848     73.567    20.3082    36.7155 1.8231e-06      182.3 1.7833e-05       2.42 0.0000e+00
      16319     73.000     72.574    20.3194   5.037346     1.8034     0.0729     0.1370     -0.990    5.08320    7.26440    2.80407    4.00730    121.836    25.9886    25.9849     72.573    20.3056    36.7147 2.2989e-06      229.9 2.2488e-05       2.72 0.0000e+00
      16331     72.000     71.579    20.3217   5.037637     1.7975     0.0729     0.1438     -0.724    5.08296    7.26406    2.79971    4.00106    121.646    25.9885    25.9848     71.579    20.3081    36.7154 2.6936e-06      269.4 2.6349e-05       2.94 0.0000e+00
      16341     71.000     70.585    20.3566   5.042052     1.7971 -9.990e-29     0.1550     -0.611    5.07954    7.25916    2.81737    4.02630    122.413    25.9838    25.9802     70.585    20.3432    36.7216 2.8612e-06      286.1 2.7988e-05       3.03 0.0000e+00
      16349     70.000     69.592    20.3926   5.045804     1.7983 -9.990e-29     0.1557     -1.038    5.07620    7.25439    2.81491    4.02278    122.307    25.9739    25.9703     69.591    20.3794    36.7214 2.8098e-06      281.0 2.7486e-05       3.00 0.0000e+00
      16358     69.000     68.598    20.4185   5.048647     1.7993 -9.990e-29     0.1589     -0.994    5.07375    7.25090    2.81251    4.01935    122.203    25.9677    25.9642     68.597    20.4055    36.7226 2.8752e-06      287.5 2.8125e-05       3.04 0.0000e+00
      16369     68.000     67.603    20.4238   5.049147     1.7998     0.0948     0.1616     -0.624    5.07327    7.25021    2.83831    4.05623    123.324    25.9661    25.9627     67.603    20.4109    36.7224 3.5360e-06      353.6 3.4590e-05       3.37 0.0000e+00
      16378     67.000     66.610    20.4212   5.048909     1.8160     0.0977     0.1610     -0.904    5.07349    7.25053    2.92909    4.18597    127.269    25.9673    25.9639     66.609    20.4085    36.7231 3.5768e-06      357.7 3.4988e-05       3.39 0.0000e+00
      16391     66.000     65.615    20.4181   5.048500     1.8406     0.1109     0.1347     -0.564    5.07379    7.25095    2.93787    4.19850    127.649    25.9679    25.9645     65.615    20.4056    36.7228 3.5726e-06      357.3 3.4947e-05       3.39 0.0000e+00
      16399     65.000     64.622    20.4460   5.052682     1.8427     0.1206     0.1267     -0.614    5.07089    7.24681    2.91479    4.16553    126.646    25.9682    25.9649     64.621    20.4337    36.7332 3.6098e-06      361.0 3.5311e-05       3.40 0.0000e+00
      16405     64.000     63.628    20.5132   5.061554     1.8447     0.1238     0.1368     -1.230    5.06424    7.23730    2.91260    4.16240    126.551    25.9611    25.9578     63.627    20.5011    36.7477 3.9713e-06      397.1 3.8847e-05       3.57 0.0000e+00
      16413     63.000     62.633    20.5806   5.068760     1.8453     0.1437     0.1145     -1.295    5.05800    7.22838    2.90060    4.14525    126.030    25.9433    25.9401     62.633    20.5686    36.7484 4.2743e-06      427.4 4.1811e-05       3.70 0.0000e+00
      16428     62.000     61.639    20.5635   5.066921     1.8460     0.1384     0.1105     -0.408    5.05957    7.23062    2.90691    4.15427    126.304    25.9481    25.9449     61.639    20.5517    36.7486 4.4649e-06      446.5 4.3676e-05       3.79 0.0000e+00
      16439     61.000     60.645    20.5999   5.071227     1.8477     0.1172     0.1015     -0.690    5.05609    7.22565    2.91224    4.16188    126.536    25.9411    25.9380     60.645    20.5883    36.7525 4.1616e-06      416.2 4.0709e-05       3.66 0.0000e+00
      16448     60.000     59.651    20.6220   5.073738     1.8493     0.1454     0.0997     -0.873    5.05400    7.22268    2.90348    4.14937    126.155    25.9364    25.9333     59.651    20.6106    36.7542 3.6313e-06      363.1 3.5522e-05       3.41 0.0000e+00
      16456     59.000     58.657    20.6396   5.075555     1.8474     0.1484     0.1008     -0.927    5.05238    7.22036    2.89918    4.14322    125.969    25.9315    25.9284     58.657    20.6284    36.7541 3.0148e-06      301.5 2.9491e-05       3.11 0.0000e+00
      16464     58.000     57.663    20.6403   5.075644     1.8498     0.1650     0.1036     -1.001    5.05231    7.22025    2.92292    4.17714    127.000    25.9316    25.9286     57.663    20.6293    36.7546 3.3607e-06      336.1 3.2874e-05       3.29 0.0000e+00
      16473     57.000     56.669    20.6548   5.077345     1.8537     0.1866 -9.990e-29     -0.976    5.05092    7.21827    2.92794    4.18432    127.218    25.9289    25.9259     56.669    20.6439    36.7562 4.9306e-06      493.1 4.8232e-05       3.98 0.0000e+00
      16486     56.000     55.675    20.6438   5.076005     1.8650     0.1370     0.0924     -0.646    5.05197    7.21977    2.99249    4.27657    130.023    25.9310    25.9281     55.675    20.6331    36.7552 6.1258e-06      612.6 5.9923e-05       4.44 0.0000e+00
      16497     55.000     54.681    20.6896   5.082388     1.8824     0.1487     0.0848     -0.592    5.04738    7.21321    3.01259    4.30529    130.896    25.9282    25.9253     54.681    20.6791    36.7679 7.4199e-06      742.0 7.2582e-05       4.88 0.0000e+00
      16506     54.000     53.687    20.7230   5.086343     1.8883     0.1594     0.0948     -0.913    5.04421    7.20867    3.00226    4.29052    130.447    25.9218    25.9190     53.687    20.7127    36.7715 8.1983e-06      819.8 8.0196e-05       5.13 0.0000e+00
      16513     53.000     52.693    20.8606   5.103442     1.8915     0.2216     0.0903     -1.024    5.03101    7.18982    2.99095    4.27437    129.956    25.8996    25.8968     52.693    20.8504    36.7917 8.7656e-06      876.6 8.5746e-05       5.31 0.0000e+00
      16522     52.000     51.699    20.9306   5.110987     1.8928     0.2625     0.0867     -1.007    5.02460    7.18065    2.98783    4.26991    129.821    25.8812    25.8784     51.699    20.9206    36.7927 9.0014e-06      900.1 8.8052e-05       5.38 0.0000e+00
      16532     51.000     50.705    20.9618   5.114093     1.8956     0.2111     0.0910     -0.847    5.02180    7.17665    2.99591    4.28145    130.172    25.8715    25.8688     50.705    20.9520    36.7912 9.3850e-06      938.5 9.1804e-05       5.49 0.0000e+00
      16545     50.000     49.710    20.9981   5.118035     1.9027     0.2008     0.0966     -0.564    5.01847    7.17190    3.02107    4.31741    131.266    25.8622    25.8595     49.711    20.9885    36.7922 8.6619e-06      866.2 8.4731e-05       5.27 0.0000e+00
      16554     49.000     48.716    20.9936   5.117554     1.9081     0.2057     0.0962     -0.733    5.01887    7.17246    3.02033    4.31636    131.234    25.8636    25.8610     48.716    20.9842    36.7925 7.5205e-06      752.0 7.3566e-05       4.91 0.0000e+00
      16562     48.000     47.722    21.0090   5.119202     1.9092     0.2100     0.0924     -1.019    5.01745    7.17044    3.00847    4.29940    130.719    25.8597    25.8571     47.722    20.9997    36.7929 6.1212e-06      612.1 5.9878e-05       4.43 0.0000e+00
      16571     47.000     46.728    21.0444   5.123366     1.9086     0.2536     0.0976     -1.001    5.01414    7.16571    3.00927    4.30055    130.754    25.8525    25.8500     46.728    21.0353    36.7964 5.9475e-06      594.8 5.8179e-05       4.37 0.0000e+00
      16581     46.000     45.734    21.0989   5.129012     1.9115     0.2722     0.0980     -0.749    5.00923    7.15868    3.02780    4.32703    131.560    25.8367    25.8343     45.734    21.0900    36.7954 7.7761e-06      777.6 7.6066e-05       5.00 0.0000e+00
      16591     45.000     44.740    21.0908   5.128369     1.9238     0.2627     0.0963     -0.826    5.00990    7.15965    3.10637    4.43931    134.973    25.8405    25.8381     44.740    21.0821    36.7975 9.5466e-06      954.7 9.3385e-05       5.54 0.0000e+00
      16603     44.000     43.746    21.1203   5.131940     1.9504     0.3445     0.0998     -0.633    5.00711    7.15567    3.15672    4.51126    137.161    25.8352    25.8329     43.746    21.1118    36.8013 1.2737e-05     1273.7 1.2460e-04       6.40 0.0000e+00
      16612     43.000     42.751    21.1447   5.134774     1.9628 -9.990e-29     0.1042     -0.743    5.00485    7.15243    3.15199    4.50450    136.956    25.8301    25.8278     42.752    21.1364    36.8035 1.6604e-05     1660.4 1.6242e-04       7.30 0.0000e+00
      16619     42.000     41.758    21.2703   5.150705     1.9683 -9.990e-29     0.1016     -1.054    4.99293    7.13539    3.15140    4.50366    136.930    25.8110    25.8088     41.758    21.2621    36.8240 1.9511e-05     1951.1 1.9085e-04       7.92 0.0000e+00
      16628     41.000     40.763    21.4201   5.166872     1.9785     0.4831     0.1143     -1.076    4.97942    7.11610    3.17768    4.54123    138.075    25.7705    25.7683     40.764    21.4121    36.8255 2.2722e-05     2272.2 2.2227e-04       8.54 0.0000e+00
      16639     40.000     39.770    21.4978   5.177193     1.9921     0.5348     0.1377     -0.767    4.97200    7.10548    3.20452    4.57959    139.241    25.7613    25.7592     39.769    21.4900    36.8419 2.6388e-05     2638.8 2.5813e-04       9.21 0.0000e+00
      16651     39.000     38.775    21.7162   5.203594     2.0119 -9.990e-29     0.1375     -0.656    4.95187    7.07671    3.24336    4.63508    140.929    25.7187    25.7165     38.775    21.7085    36.8661 2.7190e-05     2719.0 2.6597e-04       9.34 0.0000e+00
      16661     38.000     37.781    21.9261   5.228350     2.0263     0.6370     0.1502     -0.671    4.93281    7.04947    3.22045    4.60235    139.936    25.6732    25.6711     37.781    21.9185    36.8840 2.9040e-05     2904.0 2.8407e-04       9.66 0.0000e+00
      16669     37.000     36.787    21.9879   5.235848     2.0280     0.6370     0.1591     -0.901    4.92716    7.04141    3.24567    4.63838    141.032    25.6611    25.6590     36.787    21.9805    36.8912 2.8628e-05     2862.8 2.8004e-04       9.59 0.0000e+00
      16677     36.000     35.793    22.1891   5.260643     2.0466 -9.990e-29     0.1779     -1.071    4.90885    7.01523    3.33257    4.76257    144.810    25.6232    25.6211     35.793    22.1819    36.9163 2.6800e-05     2680.0 2.6216e-04       9.28 0.0000e+00
      16685     35.000     34.799    22.2761   5.267892     2.0744     0.7113     0.1838     -1.083    4.90174    7.00508    3.36072    4.80281    146.037    25.5858    25.5838     34.799    22.2691    36.8999 2.6987e-05     2698.7 2.6399e-04       9.31 0.0000e+00
      16700     34.000     33.805    22.3112   5.274853     2.0924     0.6702     0.2051     -0.441    4.89799    6.99972    3.34992    4.78737    145.566    25.5951    25.5932     33.805    22.3044    36.9253 2.5479e-05     2547.9 2.4923e-04       9.05 0.0000e+00
      16709     33.000     32.810    22.5285   5.297635     2.1117     0.7530     0.1935     -0.694    4.87930    6.97300    3.46628    4.95367    150.628    25.5291    25.5272     32.810    22.5218    36.9204 2.4543e-05     2454.3 2.4008e-04       8.88 0.0000e+00
      16717     32.000     31.816    22.5470   5.299736     2.1492     0.6929     0.2025     -1.105    4.87767    6.97068    3.57570    5.11003    155.382    25.5247    25.5228     31.816    22.5405    36.9216 2.3804e-05     2380.4 2.3285e-04       8.74 0.0000e+00
      16727     31.000     30.822    22.6379   5.312857     2.1968     0.7258     0.2501     -0.825    4.86913    6.95847    3.66666    5.24003    159.334    25.5184    25.5166     30.822    22.6316    36.9478 2.2374e-05     2237.4 2.1887e-04       8.48 0.0000e+00
      16736     30.000     29.827    22.7760   5.325186     2.2347     0.7922     0.2353     -0.836    4.85784    6.94233    3.69590    5.28182    160.611    25.4633    25.4615     29.828    22.7699    36.9278 2.2025e-05     2202.5 2.1545e-04       8.41 0.0000e+00
      16747     29.000     28.833    22.8257   5.330886     2.2767     0.7908     0.2437     -0.814    4.85351    6.93616    3.86316    5.52084    167.880    25.4511    25.4493     28.834    22.8198    36.9307 2.3012e-05     2301.2 2.2510e-04       8.60 0.0000e+00
      16758     28.000     27.839    22.8938   5.337540     2.3729     0.6396     0.2608     -0.647    4.84786    6.92807    4.19374    5.99328    182.249    25.4273    25.4256     27.839    22.8881    36.9255 2.2290e-05     2229.0 2.1804e-04       8.46 0.0000e+00
      16767     27.000     26.845    22.9110   5.338801     2.4636     0.6400     0.2570     -0.853    4.84651    6.92614    4.29134    6.13276    186.492    25.4190    25.4174     26.845    22.9055    36.9212 2.2904e-05     2290.4 2.2405e-04       8.58 0.0000e+00
      16777     26.000     25.851    22.9798   5.346093     2.5206     0.6614     0.2493     -0.859    4.84068    6.91782    4.38020    6.25974    190.356    25.3983    25.3967     25.851    22.9745    36.9203 2.2195e-05     2219.5 2.1711e-04       8.44 0.0000e+00
      16788     25.000     24.857    23.0638   5.354002     2.6035     0.7321     0.2450     -0.812    4.83381    6.90799    4.54820    6.49984    197.661    25.3671    25.3656     24.857    23.0586    36.9115 2.0672e-05     2067.2 2.0222e-04       8.15 0.0000e+00
      16807     24.000     23.862    23.1978   5.368932     2.6810     0.7244     0.2815     -0.229    4.82239    6.89167    4.52748    6.47022    196.764    25.3306    25.3292     23.863    23.1928    36.9150 2.2349e-05     2234.9 2.1862e-04       8.47 0.0000e+00
