CTD_data/C212_3_1.cnv
* Sea-Bird SBE 25 Data File:
* FileName = C:\CTD_Data\C212_3\C212_3_1.hex
* Software Version Seasave V 7.19
* Temperature SN = 4430
* Conductivity SN = 3138
* System UpLoad Time = May 12 2014 14:26:31
** Ship: Hermano Gines
** Station: C212_3
** Operator: Luis Medina
** Latitude: 10 30.09 N
** Longitude: 64 39.88 W
** primer perfil
# nquan = 24                                
# nvalues = 808                         
# units = specified
# name 0 = scan: Scan Count
# name 1 = prSM: Pressure, Strain Gauge [db]
# name 2 = depSM: Depth [salt water, m]
# name 3 = t090C: Temperature [ITS-90, deg C]
# name 4 = c0S/m: Conductivity [S/m]
# name 5 = sbeox0V: Oxygen Voltage, SBE 43
# name 6 = flECO-AFL: Fluorescence, Wetlab ECO-AFL/FL [mg/m^3]
# name 7 = bat: Beam Attenuation, Chelsea/Seatech/Wetlab CStar [1/m]
# name 8 = dz/dtM: Descent Rate [m/s]
# name 9 = oxsatML/L: Oxygen Saturation [ml/l]
# name 10 = oxsatMg/L: Oxygen Saturation [mg/l]
# name 11 = sbeox0ML/L: Oxygen, SBE 43 [ml/l], WS = 2
# name 12 = sbeox0Mg/L: Oxygen, SBE 43 [mg/l], WS = 2
# name 13 = sbeox0Mm/Kg: Oxygen, SBE 43 [umol/Kg], WS = 2
# name 14 = sigma-é00: Density [sigma-theta, Kg/m^3]
# name 15 = sigma-t00: Density [sigma-t, Kg/m^3 ]
# name 16 = depSM: Depth [salt water, m], lat = 10.5
# name 17 = potemp090C: Potential Temperature [ITS-90, deg C]
# name 18 = sal00: Salinity [PSU]
# name 19 = E: stability, E [rad^2/m]
# name 20 = E10^-8: stability, E [10^-8 rad^2/m]
# name 21 = N^2: buoyancy frequency, N^2 [rad^2/s^2]
# name 22 = N: buoyancy frequency, N [cycles/h]
# name 23 = flag: flag
# span 0 =        111,      17270       
# span 1 =      0.000,    404.000       
# span 2 =     -0.000,    401.318       
# span 3 =    17.5817,    25.2146       
# span 4 =   4.721293,   5.582637       
# span 5 =     0.5244,     2.8724       
# span 6 =    -0.5255,    16.4542       
# span 7 =     0.0462,     0.2997       
# span 8 =     -1.295,      1.503       
# span 9 =    4.65882,    5.36270       
# span 10 =    6.65792,    7.66384      
# span 11 =    0.00390,    4.76819      
# span 12 =    0.00557,    6.81423      
# span 13 =      0.170,    207.262      
# span 14 =    24.6955,    26.4216      
# span 15 =    24.6954,    26.4047      
# span 16 =      0.000,    401.318      
# span 17 =    17.5125,    25.2144      
# span 18 =    36.3426,    36.9478      
# span 19 = -6.383e-08, 3.9330e-05      
# span 20 =       -6.4,     3933.0      
# span 21 = -6.244e-07, 3.8472e-04      
# span 22 =      -0.45,      11.24      
# span 23 = 0.0000e+00, 0.0000e+00      
# interval = decibars: 1                
# start_time = May 12 2014 14:26:31
# bad_flag = -9.990e-29
*END*
[from data line 182]
       1621    183.000    181.882    18.2466   4.793788     0.9014    -0.0150     0.0785      0.825    5.29147    7.56203    0.85276    1.21867     37.053    26.3357    26.3277    181.882    18.2146    36.4580 1.5647e-06      156.5 1.5306e-05       2.24 0.0000e+00
       1628    184.000    182.875    18.2369   4.792694     0.8974     0.0007     0.0810      1.199    5.29247    7.56347    0.84727    1.21084     36.815    26.3373    26.3293    182.876    18.2047    36.4569 1.2717e-06      127.2 1.2439e-05       2.02 0.0000e+00
       1637    185.000    183.869    18.2307   4.791787     0.8921    -0.0035     0.0813      1.004    5.29318    7.56448    0.84206    1.20339     36.589    26.3369    26.3288    183.869    18.1984    36.4543 1.1305e-06      113.1 1.1059e-05       1.91 0.0000e+00
       1647    186.000    184.863    18.2265   4.791514     0.8880    -0.0228     0.0808      0.557    5.29357    7.56504    0.82727    1.18225     35.946    26.3388    26.3306    184.862    18.1940    36.4553 1.0805e-06      108.1 1.0570e-05       1.86 0.0000e+00
       1654    187.000    185.856    18.2181   4.790553     0.8834    -0.0224     0.0809      1.051    5.29445    7.56629    0.80246    1.14680     34.868    26.3401    26.3319    185.856    18.1854    36.4542 1.1066e-06      110.7 1.0825e-05       1.89 0.0000e+00
       1661    188.000    186.849    18.2117   4.789813     0.8749    -0.0154     0.0814      1.262    5.29513    7.56727    0.77137    1.10237     33.517    26.3409    26.3327    186.849    18.1788    36.4532 1.0469e-06      104.7 1.0241e-05       1.83 0.0000e+00
       1674    189.000    187.843    18.2101   4.789443     0.8615    -0.0219 -9.990e-29      0.520    5.29535    7.56758    0.75139    1.07380     32.649    26.3398    26.3315    187.843    18.1771    36.4511 1.0061e-06      100.6 9.8421e-06       1.80 0.0000e+00
       1681    190.000    188.836    18.1954   4.787911     0.8562    -0.0150     0.0791      0.700    5.29684    7.56972    0.75586    1.08019     32.843    26.3432    26.3349    188.836    18.1622    36.4506 9.9105e-07       99.1 9.6944e-06       1.78 0.0000e+00
       1687    191.000    189.830    18.1855   4.786720     0.8536    -0.0122     0.0790      1.233    5.29790    7.57122    0.75471    1.07855     32.793    26.3443    26.3360    189.830    18.1522    36.4489 8.9130e-07       89.1 8.7188e-06       1.69 0.0000e+00
       1695    192.000    190.823    18.1751   4.785497     0.8509    -0.0079     0.0794      1.375    5.29899    7.57279    0.75508    1.07909     32.810    26.3458    26.3374    190.823    18.1416    36.4473 9.0265e-07       90.3 8.8298e-06       1.70 0.0000e+00
       1704    193.000    191.816    18.1740   4.785380     0.8485     0.0070     0.0794      0.829    5.29911    7.57296    0.74163    1.05986     32.225    26.3458    26.3373    191.816    18.1403    36.4469 9.6635e-07       96.6 9.4528e-06       1.76 0.0000e+00
       1713    194.000    192.810    18.1727   4.785263     0.8423 -9.990e-29     0.0791      0.858    5.29925    7.57316    0.70272    1.00425     30.534    26.3460    26.3375    192.810    18.1388    36.4467 9.9484e-07       99.5 9.7315e-06       1.79 0.0000e+00
       1722    195.000    193.803    18.1668   4.784566     0.8318    -0.0150     0.0797      0.979    5.29988    7.57406    0.67074    0.95856     29.145    26.3466    26.3381    193.803    18.1328    36.4456 8.5920e-07       85.9 8.4047e-06       1.66 0.0000e+00
       1732    196.000    194.797    18.1600   4.783714     0.8201    -0.0125     0.0755      0.667    5.30061    7.57511    0.65539    0.93662     28.478    26.3471    26.3386    194.797    18.1258    36.4439 7.9966e-07       80.0 7.8223e-06       1.60 0.0000e+00
       1741    197.000    195.790    18.1470   4.782245     0.8141    -0.0076     0.0758      0.803    5.30197    7.57704    0.65426    0.93500     28.429    26.3494    26.3408    195.790    18.1127    36.4426 7.7926e-07       77.9 7.6228e-06       1.58 0.0000e+00
       1747    198.000    196.783    18.1381   4.781284     0.8107    -0.0284     0.0771      1.067    5.30289    7.57836    0.65070    0.92991     28.274    26.3511    26.3425    196.783    18.1036    36.4419 7.9138e-07       79.1 7.7413e-06       1.59 0.0000e+00
       1753    199.000    197.777    18.1337   4.780758     0.8072    -0.0297     0.0772      1.342    5.30336    7.57904    0.63803    0.91182     27.724    26.3515    26.3428    197.777    18.0990    36.4409 7.6985e-07       77.0 7.5307e-06       1.57 0.0000e+00
       1762    200.000    198.770    18.1314   4.780444     0.8003    -0.0027     0.0762      1.115    5.30362    7.57941    0.60712    0.86763     26.380    26.3513    26.3426    198.770    18.0966    36.4399 6.9254e-07       69.3 6.7744e-06       1.49 0.0000e+00
       1774    201.000    199.763    18.1297   4.780247     0.7876    -0.0004     0.0680      0.539    5.30382    7.57969    0.57919    0.82772     25.167    26.3514    26.3426    199.763    18.0947    36.4393 5.9919e-07       59.9 5.8613e-06       1.39 0.0000e+00
       1782    202.000    200.757    18.1223   4.779390     0.7822 -9.990e-29     0.0700      0.760    5.30460    7.58080    0.58821    0.84061     25.559    26.3524    26.3436    200.757    18.0871    36.4382 4.9678e-07       49.7 4.8595e-06       1.26 0.0000e+00
       1789    203.000    201.750    18.1175   4.778845     0.7804    -0.0004     0.0688      1.182    5.30511    7.58153    0.59592    0.85164     25.894    26.3530    26.3442    201.750    18.0821    36.4374 4.5399e-07       45.4 4.4410e-06       1.21 0.0000e+00
       1799    204.000    202.744    18.1118   4.778175     0.7795    -0.0073     0.0699      0.969    5.30571    7.58239    0.60654    0.86681     26.355    26.3537    26.3448    202.744    18.0763    36.4364 5.1189e-07       51.2 5.0074e-06       1.28 0.0000e+00
       1811    205.000    203.737    18.1103   4.778023     0.7819     0.0070     0.0727      0.583    5.30588    7.58263    0.61487    0.87871     26.717    26.3538    26.3449    203.737    18.0746    36.4360 5.6778e-07       56.8 5.5540e-06       1.35 0.0000e+00
       1821    206.000    204.730    18.1076   4.777736     0.7812    -0.0119     0.0724      0.763    5.30616    7.58304    0.59149    0.84530     25.701    26.3542    26.3453    204.730    18.0717    36.4356 5.9139e-07       59.1 5.7850e-06       1.38 0.0000e+00
       1829    207.000    205.724    18.1040   4.777389     0.7765    -0.0149     0.0714      0.981    5.30653    7.58356    0.57006    0.81467     24.770    26.3550    26.3461    205.724    18.0680    36.4354 5.9449e-07       59.4 5.8153e-06       1.38 0.0000e+00
       1840    208.000    206.717    18.1005   4.776952     0.7705    -0.0150     0.0712      0.785    5.30692    7.58411    0.55793    0.79734     24.243    26.3552    26.3462    206.717    18.0643    36.4344 5.9738e-07       59.7 5.8436e-06       1.39 0.0000e+00
       1851    209.000    207.710    18.0911   4.775859     0.7648    -0.0060     0.0641      0.694    5.30791    7.58554    0.54120    0.77342     23.516    26.3565    26.3474    207.710    18.0547    36.4330 5.9322e-07       59.3 5.8029e-06       1.38 0.0000e+00
       1861    210.000    208.703    18.0871   4.775421     0.7575    -0.0053     0.0643      0.786    5.30833    7.58614    0.51630    0.73784     22.434    26.3571    26.3480    208.704    18.0506    36.4324 5.5278e-07       55.3 5.4074e-06       1.33 0.0000e+00
       1872    211.000    209.697    18.0822   4.774843     0.7494 -9.990e-29     0.0613      0.749    5.30885    7.58688    0.50186    0.71720     21.807    26.3576    26.3485    209.697    18.0455    36.4315 5.1138e-07       51.1 5.0023e-06       1.28 0.0000e+00
       1881    212.000    210.690    18.0761   4.774139     0.7445 -9.990e-29     0.0619      0.783    5.30950    7.58781    0.50579    0.72283     21.978    26.3584    26.3492    210.690    18.0392    36.4305 4.7665e-07       47.7 4.6626e-06       1.24 0.0000e+00
       1889    213.000    211.683    18.0738   4.773882     0.7425    -0.0004     0.0617      0.981    5.30975    7.58816    0.50482    0.72144     21.936    26.3586    26.3494    211.684    18.0368    36.4299 4.5800e-07       45.8 4.4801e-06       1.21 0.0000e+00
       1900    214.000    212.677    18.0714   4.773627     0.7370    -0.0035     0.0624      0.832    5.31001    7.58853    0.46777    0.66849     20.326    26.3590    26.3497    212.677    18.0342    36.4295 4.2109e-07       42.1 4.1191e-06       1.16 0.0000e+00
       1916    215.000    213.670    18.0725   4.773750     0.7201    -0.0000     0.0637      0.334    5.30991    7.58839    0.40340    0.57650     17.529    26.3585    26.3492    213.670    18.0351    36.4292 4.1142e-07       41.1 4.0245e-06       1.15 0.0000e+00
       1925    216.000    214.663    18.0664   4.773048     0.7086    -0.0004     0.0657      0.676    5.31056    7.58931    0.38069    0.54404     16.542    26.3593    26.3499    214.663    18.0288    36.4282 4.0671e-07       40.7 3.9784e-06       1.14 0.0000e+00
       1931    217.000    215.657    18.0602   4.772317     0.7017    -0.0128     0.0651      1.168    5.31121    7.59026    0.38259    0.54676     16.624    26.3600    26.3506    215.657    18.0225    36.4271 3.9736e-07       39.7 3.8870e-06       1.13 0.0000e+00
       1940    218.000    216.650    18.0550   4.771705     0.6967    -0.0063     0.0655      1.099    5.31177    7.59105    0.38568    0.55117     16.758    26.3606    26.3512    216.650    18.0171    36.4261 3.8356e-07       38.4 3.7520e-06       1.11 0.0000e+00
       1952    219.000    217.643    18.0506   4.771194     0.6923    -0.0076     0.0645      0.709    5.31225    7.59173    0.38960    0.55677     16.929    26.3611    26.3516    217.643    18.0125    36.4253 3.7562e-07       37.6 3.6743e-06       1.10 0.0000e+00
       1967    220.000    218.636    18.0493   4.771087     0.6906    -0.0154     0.0641      0.345    5.31238    7.59192    0.39039    0.55791     16.963    26.3613    26.3518    218.637    18.0111    36.4251 3.5581e-07       35.6 3.4805e-06       1.07 0.0000e+00
       1975    221.000    219.630    18.0473   4.770897     0.6886    -0.0150     0.0647      0.881    5.31259    7.59223    0.37558    0.53675     16.320    26.3617    26.3521    219.630    18.0089    36.4249 3.1040e-07       31.0 3.0363e-06       1.00 0.0000e+00
       1983    222.000    220.623    18.0460   4.770771     0.6855     0.0042     0.0645      1.075    5.31273    7.59243    0.37043    0.52938     16.096    26.3618    26.3522    220.623    18.0074    36.4246 2.8078e-07       28.1 2.7466e-06       0.95 0.0000e+00
       1992    223.000    221.616    18.0446   4.770575     0.6835     0.0069     0.0649      0.905    5.31290    7.59267    0.36717    0.52473     15.954    26.3616    26.3519    221.616    18.0059    36.4238 2.4426e-07       24.4 2.3893e-06       0.89 0.0000e+00
       2002    224.000    222.610    18.0409   4.770181     0.6803    -0.0037     0.0652      0.864    5.31329    7.59323    0.35390    0.50575     15.378    26.3622    26.3525    222.610    18.0020    36.4233 2.2646e-07       22.6 2.2152e-06       0.85 0.0000e+00
       2018    225.000    223.603    18.0402   4.770134     0.6742    -0.0063     0.0634      0.411    5.31336    7.59333    0.34200    0.48875     14.860    26.3623    26.3526    223.603    18.0011    36.4231 2.1596e-07       21.6 2.1126e-06       0.83 0.0000e+00
       2028    226.000    224.596    18.0371   4.769832     0.6712    -0.0000     0.0638      0.519    5.31368    7.59379    0.34167    0.48828     14.846    26.3629    26.3532    224.596    17.9978    36.4229 1.9403e-07       19.4 1.8980e-06       0.79 0.0000e+00
       2034    227.000    225.590    18.0346   4.769559     0.6705    -0.0004     0.0638      1.181    5.31395    7.59417    0.34013    0.48608     14.779    26.3632    26.3534    225.589    17.9952    36.4224 2.0090e-07       20.1 1.9652e-06       0.80 0.0000e+00
       2045    228.000    226.582    18.0346   4.769554     0.6680    -0.0083     0.0641      0.965    5.31397    7.59419    0.33406    0.47741     14.516    26.3629    26.3531    226.583    17.9950    36.4220 1.9893e-07       19.9 1.9459e-06       0.80 0.0000e+00
       2058    229.000    227.576    18.0329   4.769401     0.6661     0.0049     0.0617      0.431    5.31414    7.59444    0.33460    0.47819     14.540    26.3633    26.3534    227.576    17.9931    36.4218 1.8106e-07       18.1 1.7711e-06       0.76 0.0000e+00
       2066    230.000    228.569    18.0322   4.769349     0.6659    -0.0001     0.0615      0.939    5.31423    7.59456    0.35432    0.50636     15.396    26.3633    26.3534    228.569    17.9923    36.4216 1.7661e-07       17.7 1.7276e-06       0.75 0.0000e+00
       2078    231.000    229.562    18.0311   4.769226     0.6753    -0.0004     0.0623      0.773    5.31435    7.59473    0.41730    0.59637     18.133    26.3633    26.3533    229.562    17.9910    36.4211 1.4462e-07       14.5 1.4147e-06       0.68 0.0000e+00
       2088    232.000    230.556    18.0299   4.769173     0.6881    -0.0004     0.0603      0.631    5.31446    7.59490    0.43393    0.62013     18.855    26.3638    26.3538    230.556    17.9896    36.4214 1.5395e-07       15.4 1.5059e-06       0.70 0.0000e+00
       2096    233.000    231.549    18.0298   4.769209     0.6932    -0.0076     0.0608      0.919    5.31447    7.59491    0.42828    0.61205     18.610    26.3639    26.3538    231.549    17.9893    36.4214 1.7689e-07       17.7 1.7303e-06       0.75 0.0000e+00
       2106    234.000    232.542    18.0299   4.769316     0.6963    -0.0094     0.0605      0.975    5.31444    7.59487    0.41639    0.59506     18.093    26.3643    26.3541    232.542    17.9893    36.4218 1.8157e-07       18.2 1.7761e-06       0.76 0.0000e+00
       2119    235.000    233.535    18.0299   4.769371     0.6945    -0.0138     0.0632      0.502    5.31444    7.59487    0.39033    0.55783     16.961    26.3644    26.3542    233.535    17.9891    36.4219 2.3110e-07       23.1 2.2607e-06       0.86 0.0000e+00
       2128    236.000    234.528    18.0296   4.769324     0.6908    -0.0175     0.0618      0.825    5.31449    7.59494    0.37430    0.53491     16.264    26.3641    26.3539    234.528    17.9886    36.4214 3.0587e-07       30.6 2.9920e-06       0.99 0.0000e+00
       2138    237.000    235.521    18.0260   4.768924     0.6839    -0.0150     0.0598      0.843    5.31488    7.59549    0.34062    0.48678     14.801    26.3646    26.3543    235.522    17.9848    36.4208 3.7459e-07       37.5 3.6643e-06       1.10 0.0000e+00
       2149    238.000    236.515    18.0232   4.768614     0.6732 -9.990e-29     0.0587      0.635    5.31518    7.59592    0.31450    0.44945     13.666    26.3649    26.3546    236.515    17.9819    36.4202 4.6623e-07       46.6 4.5607e-06       1.22 0.0000e+00
       2158    239.000    237.508    18.0200   4.768231     0.6671    -0.0150     0.0593      0.867    5.31553    7.59642    0.31596    0.45154     13.729    26.3651    26.3548    237.508    17.9785    36.4194 5.5006e-07       55.0 5.3807e-06       1.33 0.0000e+00
       2168    240.000    238.501    18.0099   4.766991     0.6629    -0.0121     0.0584      0.874    5.31661    7.59797    0.31215    0.44610     13.564    26.3661    26.3557    238.501    17.9682    36.4174 6.1748e-07       61.7 6.0402e-06       1.41 0.0000e+00
       2180    241.000    239.494    18.0031   4.766229     0.6584    -0.0004     0.0554      0.639    5.31733    7.59900    0.30595    0.43723     13.294    26.3671    26.3567    239.494    17.9613    36.4165 6.4147e-07       64.1 6.2749e-06       1.44 0.0000e+00
