CTD_data/C212_2_4.cnv
* Sea-Bird SBE 25 Data File:
* FileName = C:\CTD_Data\C212_2\C212_2_4.hex
* Software Version Seasave V 7.19
* Temperature SN = 4430
* Conductivity SN = 3138
* System UpLoad Time = May 09 2014 17:06:48
** Ship: Hermano Gines
** Station: Car 212
** Operator: Luis Medina
** Latitude: 10 30.19 N
** Longitude: 64 39.90 W
** Cuto perfil
# nquan = 24                                
# nvalues = 1816                        
# units = specified
# name 0 = scan: Scan Count
# name 1 = prSM: Pressure, Strain Gauge [db]
# name 2 = depSM: Depth [salt water, m]
# name 3 = t090C: Temperature [ITS-90, deg C]
# name 4 = c0S/m: Conductivity [S/m]
# name 5 = sbeox0V: Oxygen Voltage, SBE 43
# name 6 = flECO-AFL: Fluorescence, Wetlab ECO-AFL/FL [mg/m^3]
# name 7 = bat: Beam Attenuation, Chelsea/Seatech/Wetlab CStar [1/m]
# name 8 = dz/dtM: Descent Rate [m/s]
# name 9 = oxsatML/L: Oxygen Saturation [ml/l]
# name 10 = oxsatMg/L: Oxygen Saturation [mg/l]
# name 11 = sbeox0ML/L: Oxygen, SBE 43 [ml/l], WS = 2
# name 12 = sbeox0Mg/L: Oxygen, SBE 43 [mg/l], WS = 2
# name 13 = sbeox0Mm/Kg: Oxygen, SBE 43 [umol/Kg], WS = 2
# name 14 = sigma-é00: Density [sigma-theta, Kg/m^3]
# name 15 = sigma-t00: Density [sigma-t, Kg/m^3 ]
# name 16 = depSM: Depth [salt water, m], lat = 10.5
# name 17 = potemp090C: Potential Temperature [ITS-90, deg C]
# name 18 = sal00: Salinity [PSU]
# name 19 = E: stability, E [rad^2/m]
# name 20 = E10^-8: stability, E [10^-8 rad^2/m]
# name 21 = N^2: buoyancy frequency, N^2 [rad^2/s^2]
# name 22 = N: buoyancy frequency, N [cycles/h]
# name 23 = flag: flag
# span 0 =         90,      39520       
# span 1 =      0.000,    908.000       
# span 2 =     -0.000,    900.883       
# span 3 =    17.2551,    23.8519       
# span 4 =   4.694463,   5.423960       
# span 5 =     0.5247,     2.8268       
# span 6 =    -0.1165,     1.8002       
# span 7 =     0.0424,     0.5283       
# span 8 =     -1.260,      0.769       
# span 9 =    4.77097,    5.39894       
# span 10 =    6.81820,    7.71562      
# span 11 = -5.509e+61, 1.9634e+61      
# span 12 = -7.873e+61, 2.8060e+61      
# span 13 = -2.394e+63, 8.5341e+62      
# span 14 =    25.0489,    26.4631      
# span 15 =    25.0488,    26.4301      
# span 16 =      0.000,    900.882      
# span 17 =    17.1013,    23.8515      
# span 18 =    36.2673,    36.8257      
# span 19 = -7.560e-09, 6.7505e-05      
# span 20 =       -0.8,     6750.5      
# span 21 = -7.395e-08, 6.6033e-04      
# span 22 =      -0.16,      14.72      
# span 23 = 0.0000e+00, 0.0000e+00      
# interval = decibars: 1                
# start_time = May 09 2014 17:06:48
# bad_flag = -9.990e-29
*END*
[from data line 1691]
      37110    124.000    123.260    19.3812   4.927515     1.5389 -9.990e-29     0.1678     -0.645    5.17530    7.39601    2.31230    3.30451    100.469    26.1571    26.1512    123.260    19.3586    36.6070 1.1398e-06      114.0 1.1149e-05       1.91 0.0000e+00
      37120    123.000    122.266    19.3598   4.925035     1.5432    -0.0150     0.1631     -0.823    5.17741    7.39903    2.33003    3.32984    101.239    26.1615    26.1556    122.266    19.3374    36.6055 1.2252e-06      122.5 1.1985e-05       1.98 0.0000e+00
      37131    122.000    121.272    19.3884   4.928484     1.5475     0.0113     0.1658     -0.733    5.17452    7.39491    2.33869    3.34222    101.615    26.1571    26.1513    121.273    19.3661    36.6096 1.4395e-06      143.9 1.4081e-05       2.15 0.0000e+00
      37142    121.000    120.279    19.3967   4.929355     1.5539     0.0053     0.1670     -0.761    5.17371    7.39375    2.36770    3.38368    102.875    26.1551    26.1494    120.279    19.3746    36.6099 2.3014e-06      230.1 2.2512e-05       2.72 0.0000e+00
      37153    120.000    119.285    19.4010   4.929891     1.5654    -0.0004     0.1615     -0.699    5.17327    7.39312    2.40926    3.44307    104.681    26.1548    26.1491    119.285    19.3791    36.6110 3.6148e-06      361.5 3.5360e-05       3.41 0.0000e+00
      37165    119.000    118.291    19.4154   4.931674     1.5831     0.0111     0.1544     -0.722    5.17180    7.39102    2.49416    3.56440    108.370    26.1530    26.1473    118.291    19.3937    36.6136 4.8202e-06      482.0 4.7151e-05       3.93 0.0000e+00
      37178    118.000    117.297    19.4487   4.935928     1.6258     0.0113     0.1423     -0.593    5.16840    7.38617    2.64062    3.77371    114.733    26.1493    26.1437    117.298    19.4271    36.6202 5.7791e-06      577.9 5.6532e-05       4.31 0.0000e+00
      37191    117.000    116.303    19.4936   4.941411     1.6685     0.0292     0.1245     -0.585    5.16388    7.37971    2.69747    3.85496    117.204    26.1426    26.1370    116.304    19.4722    36.6269 6.6652e-06      666.5 6.5199e-05       4.63 0.0000e+00
      37203    116.000    115.310    19.5873   4.952877     1.6924     0.0428     0.1248     -0.719    5.15450    7.36630    2.70705    3.86864    117.619    26.1285    26.1229    115.310    19.5660    36.6405 7.2539e-06      725.4 7.0958e-05       4.83 0.0000e+00
      37217    115.000    114.316    19.6538   4.960536     1.7150     0.0447     0.1002     -0.525    5.14798    7.35698    2.75885    3.94267    119.870    26.1153    26.1098    114.316    19.6326    36.6463 7.5671e-06      756.7 7.4022e-05       4.93 0.0000e+00
      37228    114.000    113.322    19.6880   4.964743     1.7390     0.0472     0.0998     -0.702    5.14456    7.35208    2.80796    4.01285    122.003    26.1104    26.1048    113.323    19.6670    36.6516 7.3936e-06      739.4 7.2325e-05       4.87 0.0000e+00
      37240    113.000    112.328    19.7185   4.968677     1.7532     0.0472     0.0991     -0.701    5.14147    7.34767    2.80064    4.00240    121.685    26.1071    26.1016    112.329    19.6976    36.6579 6.7055e-06      670.6 6.5594e-05       4.64 0.0000e+00
      37253    112.000    111.335    19.7803   4.975582     1.7656     0.0435     0.0940     -0.538    5.13548    7.33912    2.82346    4.03501    122.677    26.0935    26.0880    111.335    19.7596    36.6614 5.5535e-06      555.4 5.4325e-05       4.22 0.0000e+00
      37263    111.000    110.341    19.7898   4.976659     1.7711     0.0436     0.0941     -0.829    5.13455    7.33779    2.81182    4.01838    122.171    26.0917    26.0862    110.341    19.7693    36.6624 4.2557e-06      425.6 4.1629e-05       3.70 0.0000e+00
      37276    110.000    109.347    19.8195   4.980266     1.7715     0.0633     0.0932     -0.624    5.13161    7.33358    2.78810    3.98447    121.141    26.0870    26.0816    109.347    19.7991    36.6667 3.2789e-06      327.9 3.2074e-05       3.24 0.0000e+00
      37289    109.000    108.353    19.8230   4.980358     1.7681     0.0456     0.0925     -0.629    5.13133    7.33319    2.78188    3.97559    120.871    26.0846    26.0792    108.354    19.8028    36.6648 2.6561e-06      265.6 2.5982e-05       2.92 0.0000e+00
      37304    108.000    107.360    19.8272   4.980882     1.7689     0.0589     0.0922     -0.500    5.13091    7.33258 -8.953e+60 -1.279e+61 -3.889e+62    26.0842    26.0789    107.360    19.8072    36.6658 2.0152e-06      201.5 1.9713e-05       2.54 0.0000e+00
      37318    107.000    106.366    19.8222   4.980267     1.7706     0.0516     0.0951     -0.615    5.13139    7.33326 -1.748e+59 -2.497e+59 -7.592e+60    26.0852    26.0800    106.366    19.8024    36.6655 1.3179e-06      131.8 1.2892e-05       2.06 0.0000e+00
      37337    106.000    105.372    19.8267   4.980657     1.7750     0.0777     0.0926     -0.271    5.13097    7.33267    2.79830    3.99905    121.584    26.0837    26.0785    105.372    19.8071    36.6651 1.1513e-06      115.1 1.1262e-05       1.92 0.0000e+00
      37350    105.000    104.378    19.8379   4.981979     1.7737     0.0722     0.0933     -0.684    5.12987    7.33109    2.80093    4.00282    121.699    26.0819    26.0767    104.378    19.8184    36.6666 1.0048e-06      100.5 9.8287e-06       1.80 0.0000e+00
      37829    104.000    103.384    19.8455   4.982815     1.7774     0.0523     0.0949     -0.151    5.12913    7.33004    2.81109    4.01733    122.140    26.0803    26.0752    103.384    19.8262    36.6673 9.8416e-07       98.4 9.6271e-06       1.78 0.0000e+00
      38093    103.000    102.390    19.8490   4.983201     1.7783     0.0356     0.0927     -0.440    5.12878    7.32954    2.80399    4.00718    121.831    26.0797    26.0747    102.391    19.8299    36.6678 1.0071e-06      100.7 9.8513e-06       1.80 0.0000e+00
      38093    102.000    101.397    19.8540   4.983759     1.7767 -9.990e-29     0.0932     -0.988    5.12829    7.32884    2.80420    4.00748    121.840    26.0788    26.0738    101.397    19.8351    36.6684 9.8689e-07       98.7 9.6538e-06       1.78 0.0000e+00
      38101    101.000    100.403    19.8600   4.984432     1.7783     0.0634     0.0924     -0.976    5.12770    7.32799    2.80604    4.01011    121.920    26.0777    26.0727    100.403    19.8413    36.6691 8.7584e-07       87.6 8.5675e-06       1.68 0.0000e+00
      38110    100.000     99.409    19.8667   4.985157     1.7762     0.0503     0.0905     -0.882    5.12705    7.32707    2.79709    3.99732    121.532    26.0763    26.0714     99.409    19.8482    36.6696 7.7791e-07       77.8 7.6095e-06       1.58 0.0000e+00
      38118     99.000     98.416    19.8675   4.985187     1.7773     0.0509     0.0911     -0.960    5.12698    7.32696    2.80904    4.01439    122.051    26.0760    26.0711     98.415    19.8491    36.6695 8.6805e-07       86.8 8.4913e-06       1.67 0.0000e+00
      38125     98.000     97.421    19.8693   4.985359     1.7780     0.0509     0.0915     -1.106    5.12680    7.32670    2.80610    4.01020    121.923    26.0756    26.0708     97.421    19.8511    36.6698 1.0967e-06      109.7 1.0728e-05       1.88 0.0000e+00
      38135     97.000     96.427    19.8716   4.985615     1.7779     0.0602     0.0917     -0.958    5.12657    7.32637    2.80178    4.00402    121.735    26.0753    26.0705     96.428    19.8536    36.6702 1.2721e-06      127.2 1.2444e-05       2.02 0.0000e+00
      38145     96.000     95.433    19.8781   4.986372     1.7767     0.0658     0.0915     -0.615    5.12592    7.32546    2.79732    3.99765    121.542    26.0743    26.0695     95.434    19.8603    36.6712 1.4400e-06      144.0 1.4086e-05       2.15 0.0000e+00
      38152     95.000     94.440    19.8855   4.987324     1.7772     0.0693     0.0917     -0.901    5.12517    7.32438    2.80817    4.01316    122.013    26.0736    26.0689     94.440    19.8679    36.6730 1.4378e-06      143.8 1.4065e-05       2.15 0.0000e+00
      38159     94.000     93.446    19.9092   4.990168     1.7789     0.0727     0.0917     -1.260    5.12283    7.32104    2.80720    4.01177    121.970    26.0697    26.0651     93.446    19.8917    36.6761 1.5737e-06      157.4 1.5394e-05       2.25 0.0000e+00
      38168     93.000     92.452    19.9227   4.991539     1.7792     0.0506     0.0952     -1.050    5.12156    7.31922    2.80546    4.00928    121.895    26.0660    26.0614     92.452    19.9054    36.6760 1.6286e-06      162.9 1.5931e-05       2.29 0.0000e+00
      38178     92.000     91.458    19.9302   4.992452     1.7794     0.0500     0.0956     -0.666    5.12081    7.31815    2.79357    3.99229    121.379    26.0650    26.0605     91.458    19.9131    36.6774 1.5618e-06      156.2 1.5277e-05       2.24 0.0000e+00
      38185     91.000     90.464    19.9275   4.991741     1.7767     0.0735     0.0960     -0.956    5.12116    7.31865    2.78762    3.98378    121.120    26.0633    26.0588     90.464    19.9106    36.6743 1.4245e-06      142.5 1.3935e-05       2.14 0.0000e+00
      38193     90.000     89.471    19.9360   4.993283     1.7768     0.0729     0.0966     -1.130    5.12019    7.31726    2.80141    4.00350    121.719    26.0653    26.0609     89.470    19.9193    36.6800 1.2134e-06      121.3 1.1870e-05       1.97 0.0000e+00
      38203     89.000     88.477    19.9477   4.994371     1.7791     0.0507     0.1022     -0.859    5.11911    7.31572    2.80394    4.00711    121.829    26.0615    26.0571     88.476    19.9311    36.6791 9.0344e-07       90.3 8.8375e-06       1.70 0.0000e+00
      38211     88.000     87.483    19.9489   4.994390     1.7788     0.0538     0.1002     -0.826    5.11901    7.31558    2.79415    3.99311    121.404    26.0607    26.0564     87.483    19.9325    36.6786 6.6894e-07       66.9 6.5436e-06       1.47 0.0000e+00
      38219     87.000     86.488    19.9520   4.994827     1.7777     0.0659     0.0999     -1.065    5.11868    7.31511    2.78786    3.98414    121.131    26.0608    26.0565     86.489    19.9358    36.6798 5.5879e-07       55.9 5.4661e-06       1.34 0.0000e+00
      38227     86.000     85.495    19.9552   4.995105     1.7766     0.0558     0.0985     -1.012    5.11838    7.31467    2.78873    3.98537    121.168    26.0598    26.0556     85.495    19.9392    36.6797 4.5208e-07       45.2 4.4222e-06       1.20 0.0000e+00
      38235     85.000     84.501    19.9556   4.995094     1.7759     0.0558     0.1012     -0.982    5.11835    7.31463    2.79325    3.99184    121.365    26.0596    26.0554     84.501    19.9398    36.6796 3.9624e-07       39.6 3.8760e-06       1.13 0.0000e+00
      38244     84.000     83.507    19.9544   4.994875     1.7777     0.0491     0.1017     -0.918    5.11847    7.31481    2.79616    3.99599    121.491    26.0596    26.0554     83.507    19.9388    36.6793 1.7080e-07       17.1 1.6708e-06       0.74 0.0000e+00
      38252     83.000     82.513    19.9546   4.994915     1.7766     0.0509     0.1019     -0.892    5.11844    7.31476    2.79287    3.99130    121.349    26.0599    26.0558     82.513    19.9392    36.6798 1.3667e-07       13.7 1.3369e-06       0.66 0.0000e+00
      38260     82.000     81.519    19.9558   4.995015     1.7785     0.0544     0.1023     -1.088    5.11832    7.31459    2.79811    3.99878    121.576    26.0596    26.0556     81.519    19.9405    36.6799 1.2771e-07       12.8 1.2492e-06       0.64 0.0000e+00
      38269     81.000     80.525    19.9560   4.994975     1.7775     0.0582     0.1027     -0.916    5.11831    7.31457    2.78785    3.98411    121.130    26.0594    26.0554     80.525    19.9409    36.6798 1.2548e-07       12.5 1.2274e-06       0.63 0.0000e+00
      38279     80.000     79.531    19.9561   4.994920     1.7763     0.0722     0.1057     -0.693    5.11830    7.31456    2.78184    3.97553    120.869    26.0592    26.0553     79.531    19.9412    36.6796 1.8525e-07       18.5 1.8122e-06       0.77 0.0000e+00
      38286     79.000     78.537    19.9550   4.994803     1.7744     0.0643     0.1058     -0.926    5.11839    7.31469    2.77405    3.96439    120.531    26.0598    26.0559     78.537    19.9403    36.6800 1.6691e-06      166.9 1.6327e-05       2.32 0.0000e+00
      38294     78.000     77.543    19.9578   4.995054     1.7730     0.0581     0.1075     -1.224    5.11813    7.31432    2.78580    3.98118    121.041    26.0590    26.0551     77.543    19.9433    36.6800 3.3200e-06      332.0 3.2476e-05       3.27 0.0000e+00
      38303     77.000     76.549    19.9597   4.995266     1.7784     0.0947     0.1100     -0.949    5.11793    7.31404    2.83285    4.04842    123.085    26.0588    26.0550     76.549    19.9454    36.6805 4.8564e-06      485.6 4.7505e-05       3.95 0.0000e+00
      38312     76.000     75.555    19.9686   4.996463     1.7903     0.1044     0.1129     -0.739    5.11702    7.31274    2.87044    4.10215    124.719    26.0582    26.0545     75.555    19.9545    36.6829 6.4908e-06      649.1 6.3494e-05       4.57 0.0000e+00
      38320     75.000     74.562    20.0049   5.001688     1.7993     0.1084     0.1143     -1.016    5.11325    7.30734    2.88228    4.11907    125.232    26.0576    26.0538     74.561    19.9909    36.6947 8.2653e-06      826.5 8.0851e-05       5.15 0.0000e+00
      38328     74.000     73.568    20.1292   5.014982     1.8086     0.0988     0.1160     -1.003    5.10152    7.29059    2.88667    4.12534    125.424    26.0255    26.0218     73.567    20.1154    36.6962 1.0036e-05     1003.6 9.8170e-05       5.68 0.0000e+00
      38337     73.000     72.574    20.1614   5.018031     1.8146     0.1097     0.1137     -0.909    5.09859    7.28639    2.86471    4.09395    124.471    26.0148    26.0112     72.573    20.1477    36.6936 1.0779e-05     1077.9 1.0544e-04       5.88 0.0000e+00
      38346     72.000     71.579    20.1967   5.022167     1.8100     0.1010     0.0948     -0.876    5.09517    7.28151    2.80732    4.01195    121.977    26.0081    26.0045     71.579    20.1832    36.6972 1.0647e-05     1064.7 1.0415e-04       5.85 0.0000e+00
      38354     71.000     70.585    20.2739   5.031659     1.8003     0.0948     0.0996     -1.028    5.08764    7.27074    2.78741    3.98349    121.112    25.9959    25.9923     70.585    20.2605    36.7084 9.7459e-06      974.6 9.5335e-05       5.59 0.0000e+00
      38362     70.000     69.592    20.3697   5.043405     1.7964 -9.990e-29     0.0996     -0.993    5.07831    7.25742    2.79657    3.99657    121.510    25.9803    25.9767     69.591    20.3565    36.7217 8.7053e-06      870.5 8.5156e-05       5.29 0.0000e+00
      38370     69.000     68.598    20.4384   5.051143     1.7953 -9.990e-29     0.0959     -0.990    5.07182    7.24814    2.80029    4.00190    121.672    25.9648    25.9612     68.597    20.4253    36.7257 6.3553e-06      635.5 6.2168e-05       4.52 0.0000e+00
      38378     68.000     67.603    20.4182   5.048623     1.7957 -9.990e-29     0.1027     -0.972    5.07377    7.25093    2.79549    3.99503    121.464    25.9681    25.9646     67.603    20.4053    36.7230 5.0222e-06      502.2 4.9127e-05       4.02 0.0000e+00
      38386     67.000     66.609    20.4071   5.047274     1.7930 -9.990e-29     0.1018     -0.991    5.07483    7.25244    2.79010    3.98733    121.229    25.9703    25.9668     66.609    20.3944    36.7220 4.0315e-06      403.1 3.9436e-05       3.60 0.0000e+00
      38395     66.000     65.615    20.4399   5.052099     1.7928     0.0948     0.1064     -0.985    5.07145    7.24761    2.79114    3.98883    121.274    25.9700    25.9667     65.615    20.4274    36.7333 2.9335e-06      293.4 2.8696e-05       3.07 0.0000e+00
