CTD_data/C212_2_3.cnv
* Sea-Bird SBE 25 Data File:
* FileName = C:\CTD_Data\C212_2\C212_2_3.hex
* Software Version Seasave V 7.19
* Temperature SN = 4430
* Conductivity SN = 3138
* System UpLoad Time = May 08 2014 16:53:15
** Ship: Hermano Gines
** Station: Car 212_2
** Operator: Luis Medina
** Latitude: 10 30.10 N
** Longitude: 64 39.86 W
** tercer perfil
# nquan = 24                                
# nvalues = 1815                        
# units = specified
# name 0 = scan: Scan Count
# name 1 = prSM: Pressure, Strain Gauge [db]
# name 2 = depSM: Depth [salt water, m]
# name 3 = t090C: Temperature [ITS-90, deg C]
# name 4 = c0S/m: Conductivity [S/m]
# name 5 = sbeox0V: Oxygen Voltage, SBE 43
# name 6 = flECO-AFL: Fluorescence, Wetlab ECO-AFL/FL [mg/m^3]
# name 7 = bat: Beam Attenuation, Chelsea/Seatech/Wetlab CStar [1/m]
# name 8 = dz/dtM: Descent Rate [m/s]
# name 9 = oxsatML/L: Oxygen Saturation [ml/l]
# name 10 = oxsatMg/L: Oxygen Saturation [mg/l]
# name 11 = sbeox0ML/L: Oxygen, SBE 43 [ml/l], WS = 2
# name 12 = sbeox0Mg/L: Oxygen, SBE 43 [mg/l], WS = 2
# name 13 = sbeox0Mm/Kg: Oxygen, SBE 43 [umol/Kg], WS = 2
# name 14 = sigma-é00: Density [sigma-theta, Kg/m^3]
# name 15 = sigma-t00: Density [sigma-t, Kg/m^3 ]
# name 16 = depSM: Depth [salt water, m], lat = 10.5
# name 17 = potemp090C: Potential Temperature [ITS-90, deg C]
# name 18 = sal00: Salinity [PSU]
# name 19 = E: stability, E [rad^2/m]
# name 20 = E10^-8: stability, E [10^-8 rad^2/m]
# name 21 = N^2: buoyancy frequency, N^2 [rad^2/s^2]
# name 22 = N: buoyancy frequency, N [cycles/h]
# name 23 = flag: flag
# span 0 =        146,      30426       
# span 1 =      1.000,    908.000       
# span 2 =      0.994,    900.882       
# span 3 =    17.2493,    23.9071       
# span 4 =   4.692703,   5.427887       
# span 5 =     0.5245,     2.7878       
# span 6 =    -0.1137,     0.6618       
# span 7 =     0.0384,     0.2784       
# span 8 =     -1.194,      1.031       
# span 9 =    4.76685,    5.39954       
# span 10 =    6.81230,    7.71648      
# span 11 =    0.00348,    4.78100      
# span 12 =    0.00497,    6.83252      
# span 13 =      0.151,    207.755      
# span 14 =    25.0208,    26.4628      
# span 15 =    25.0207,    26.4304      
# span 16 =      0.994,    900.882      
# span 17 =    17.0989,    23.9065      
# span 18 =    36.2656,    36.8401      
# span 19 = -2.545e-08, 6.4480e-05      
# span 20 =       -2.5,     6448.0      
# span 21 = -2.490e-07, 6.3074e-04      
# span 22 =      -0.29,      14.39      
# span 23 = 0.0000e+00, 0.0000e+00      
# interval = decibars: 1                
# start_time = May 08 2014 16:53:15
# bad_flag = -9.990e-29
*END*
[from data line 665]
       8042    666.000    661.162    17.2717   4.693292     0.5253     0.0400     0.0411      0.577    5.39689    7.71269    0.00802    0.01147      0.349    26.4573    26.4299    661.162    17.1583    36.2777 3.1407e-08        3.1 3.0722e-07       0.32 0.0000e+00
       8055    667.000    662.153    17.2710   4.693256     0.5254     0.0485     0.0408      0.521    5.39696    7.71279    0.00856    0.01224      0.372    26.4575    26.4300    662.153    17.1575    36.2777 2.8768e-08        2.9 2.8141e-07       0.30 0.0000e+00
       8063    668.000    663.144    17.2712   4.693301     0.5254     0.0323     0.0415      0.924    5.39695    7.71278    0.00739    0.01057      0.321    26.4574    26.4299    663.144    17.1575    36.2775 2.3101e-08        2.3 2.2597e-07       0.27 0.0000e+00
       8076    669.000    664.136    17.2710   4.693315     0.5252     0.0322     0.0417      0.671    5.39697    7.71281    0.00775    0.01107      0.337    26.4574    26.4299    664.136    17.1571    36.2774 1.2488e-08        1.2 1.2216e-07       0.20 0.0000e+00
       8089    670.000    665.127    17.2710   4.693356     0.5253     0.0289     0.0415      0.555    5.39697    7.71281    0.00687    0.00983      0.299    26.4574    26.4298    665.127    17.1569    36.2774 1.2502e-08        1.3 1.2230e-07       0.20 0.0000e+00
       8102    671.000    666.118    17.2709   4.693384     0.5252     0.0383     0.0421      0.702    5.39698    7.71283    0.00843    0.01205      0.366    26.4575    26.4298    666.118    17.1567    36.2774 1.6424e-08        1.6 1.6066e-07       0.23 0.0000e+00
       8115    672.000    667.109    17.2706   4.693403     0.5252     0.0330     0.0409      0.621    5.39701    7.71286    0.00706    0.01009      0.307    26.4576    26.4299    667.109    17.1562    36.2774 1.6764e-08        1.7 1.6399e-07       0.23 0.0000e+00
       8129    673.000    668.100    17.2705   4.693399     0.5253     0.0288     0.0413      0.536    5.39703    7.71290    0.00830    0.01186      0.360    26.4574    26.4297    668.100    17.1559    36.2771 2.4264e-08        2.4 2.3735e-07       0.28 0.0000e+00
       8141    674.000    669.091    17.2706   4.693442     0.5252     0.0337     0.0411      0.685    5.39703    7.71289    0.00730    0.01044      0.317    26.4574    26.4296    669.091    17.1559    36.2770 2.7728e-08        2.8 2.7124e-07       0.30 0.0000e+00
       8154    675.000    670.082    17.2705   4.693476     0.5253     0.0400     0.0416      0.623    5.39704    7.71291    0.00811    0.01160      0.353    26.4574    26.4297    670.082    17.1556    36.2770 2.9562e-08        3.0 2.8918e-07       0.31 0.0000e+00
       8167    676.000    671.074    17.2706   4.693548     0.5254     0.0284     0.0415      0.577    5.39702    7.71288    0.00853    0.01219      0.370    26.4576    26.4298    671.073    17.1555    36.2772 3.3434e-08        3.3 3.2705e-07       0.33 0.0000e+00
       8179    677.000    672.064    17.2707   4.693610     0.5253 -9.990e-29     0.0416      0.702    5.39701    7.71286    0.00736    0.01052      0.320    26.4577    26.4298    672.065    17.1554    36.2772 3.8184e-08        3.8 3.7352e-07       0.35 0.0000e+00
       8190    678.000    673.056    17.2707   4.693635     0.5254     0.0289     0.0424      0.681    5.39701    7.71287    0.00810    0.01157      0.352    26.4576    26.4297    673.056    17.1553    36.2771 4.1284e-08        4.1 4.0384e-07       0.36 0.0000e+00
       8202    679.000    674.047    17.2707   4.693697     0.5252     0.0325     0.0408      0.656    5.39701    7.71287    0.00758    0.01083      0.329    26.4577    26.4298    674.047    17.1551    36.2772 3.7771e-08        3.8 3.6947e-07       0.35 0.0000e+00
       8215    680.000    675.038    17.2705   4.693702     0.5254     0.0281     0.0407      0.681    5.39703    7.71290    0.00849    0.01213      0.369    26.4577    26.4297    675.038    17.1547    36.2771 3.1079e-08        3.1 3.0401e-07       0.32 0.0000e+00
       8229    681.000    676.029    17.2704   4.693734     0.5254     0.0290     0.0414      0.453    5.39704    7.71292    0.00807    0.01154      0.350    26.4578    26.4297    676.029    17.1544    36.2771 2.9166e-08        2.9 2.8530e-07       0.31 0.0000e+00
       8238    682.000    677.020    17.2702   4.693746     0.5254     0.0414     0.0413      0.817    5.39706    7.71294    0.00703    0.01005      0.305    26.4578    26.4297    677.020    17.1541    36.2770 2.6851e-08        2.7 2.6266e-07       0.29 0.0000e+00
       8252    683.000    678.011    17.2699   4.693728     0.5252     0.0399     0.0420      0.654    5.39710    7.71300    0.00785    0.01122      0.341    26.4577    26.4296    678.011    17.1536    36.2767 2.2993e-08        2.3 2.2491e-07       0.27 0.0000e+00
       8266    684.000    679.002    17.2695   4.693717     0.5253 -9.990e-29     0.0410      0.496    5.39715    7.71307    0.00784    0.01121      0.341    26.4577    26.4296    679.002    17.1530    36.2766 1.5127e-08        1.5 1.4797e-07       0.22 0.0000e+00
       8277    685.000    679.993    17.2691   4.693706     0.5254     0.0301     0.0420      0.747    5.39720    7.71313    0.00822    0.01175      0.357    26.4578    26.4296    679.993    17.1525    36.2765 1.5648e-08        1.6 1.5307e-07       0.22 0.0000e+00
       8291    686.000    680.984    17.2691   4.693764     0.5253     0.0356     0.0403      0.515    5.39719    7.71313    0.00746    0.01066      0.324    26.4579    26.4297    680.984    17.1523    36.2766 1.2535e-08        1.3 1.2261e-07       0.20 0.0000e+00
       8301    687.000    681.975    17.2691   4.693785     0.5252     0.0380     0.0420      0.763    5.39720    7.71313    0.00739    0.01056      0.321    26.4578    26.4295    681.975    17.1521    36.2764 2.0503e-08        2.1 2.0056e-07       0.26 0.0000e+00
       8313    688.000    682.966    17.2690   4.693810     0.5251     0.0310     0.0426      0.704    5.39721    7.71315    0.00655    0.00937      0.285    26.4578    26.4295    682.966    17.1518    36.2763 2.6664e-08        2.7 2.6083e-07       0.29 0.0000e+00
       8328    689.000    683.957    17.2692   4.693864     0.5253     0.0277     0.0424      0.505    5.39720    7.71313    0.00939    0.01342      0.408    26.4578    26.4294    683.957    17.1519    36.2763 2.3318e-08        2.3 2.2809e-07       0.27 0.0000e+00
       8340    690.000    684.948    17.2690   4.693895     0.5254     0.0359     0.0409      0.646    5.39721    7.71315    0.00766    0.01094      0.333    26.4579    26.4295    684.948    17.1515    36.2763 2.3786e-08        2.4 2.3267e-07       0.28 0.0000e+00
       8352    691.000    685.940    17.2688   4.693895     0.5253     0.0362     0.0431      0.664    5.39724    7.71320    0.00785    0.01121      0.341    26.4578    26.4294    685.939    17.1511    36.2761 3.1457e-08        3.1 3.0771e-07       0.32 0.0000e+00
       8365    692.000    686.931    17.2685   4.693912     0.5252     0.0320     0.0419      0.669    5.39727    7.71324    0.00773    0.01104      0.336    26.4580    26.4295    686.930    17.1506    36.2762 3.3717e-08        3.4 3.2982e-07       0.33 0.0000e+00
       8379    693.000    687.922    17.2684   4.693942     0.5254     0.0348     0.0414      0.519    5.39728    7.71326    0.00856    0.01223      0.372    26.4580    26.4295    687.921    17.1504    36.2761 3.5653e-08        3.6 3.4875e-07       0.34 0.0000e+00
       8391    694.000    688.912    17.2684   4.693971     0.5254     0.0322     0.0401      0.671    5.39729    7.71327    0.00813    0.01162      0.353    26.4580    26.4294    688.912    17.1502    36.2760 4.1635e-08        4.2 4.0728e-07       0.37 0.0000e+00
       8404    695.000    689.903    17.2683   4.694006     0.5254     0.0316     0.0401      0.635    5.39730    7.71328    0.00813    0.01161      0.353    26.4581    26.4294    689.903    17.1499    36.2760 4.3377e-08        4.3 4.2432e-07       0.37 0.0000e+00
       8417    696.000    690.895    17.2682   4.694043     0.5252     0.0299     0.0413      0.603    5.39730    7.71329    0.00601    0.00858      0.261    26.4582    26.4295    690.895    17.1497    36.2761 4.8277e-08        4.8 4.7225e-07       0.39 0.0000e+00
       8429    697.000    691.885    17.2682   4.694059     0.5252     0.0362     0.0404      0.564    5.39731    7.71330    0.00994    0.01421      0.432    26.4580    26.4293    691.886    17.1495    36.2758 4.7297e-08        4.7 4.6266e-07       0.39 0.0000e+00
       8440    698.000    692.877    17.2672   4.693968     0.5254     0.0362     0.0410      0.889    5.39743    7.71346    0.00749    0.01070      0.325    26.4581    26.4293    692.877    17.1483    36.2756 5.5378e-08        5.5 5.4171e-07       0.42 0.0000e+00
       8460    699.000    693.868    17.2667   4.693961     0.5252     0.0248     0.0427      0.220    5.39748    7.71354    0.00775    0.01108      0.337    26.4583    26.4295    693.868    17.1476    36.2756 5.6878e-08        5.7 5.5638e-07       0.43 0.0000e+00
       8470    700.000    694.859    17.2665   4.693981     0.5254     0.0276     0.0426      0.759    5.39750    7.71356    0.00878    0.01255      0.382    26.4583    26.4295    694.859    17.1473    36.2755 6.3188e-08        6.3 6.1810e-07       0.45 0.0000e+00
       8480    701.000    695.849    17.2661   4.693969     0.5254     0.0409     0.0412      0.886    5.39754    7.71363    0.00792    0.01132      0.344    26.4584    26.4295    695.849    17.1467    36.2754 5.8022e-08        5.8 5.6758e-07       0.43 0.0000e+00
       8494    702.000    696.840    17.2658   4.693965     0.5253     0.0391     0.0410      0.541    5.39758    7.71368    0.00758    0.01083      0.329    26.4584    26.4295    696.840    17.1462    36.2753 6.5813e-08        6.6 6.4378e-07       0.46 0.0000e+00
       8509    703.000    697.831    17.2656   4.693991     0.5253     0.0300     0.0402      0.529    5.39760    7.71371    0.00787    0.01125      0.342    26.4585    26.4295    697.831    17.1459    36.2753 5.4656e-08        5.5 5.3464e-07       0.42 0.0000e+00
       8521    704.000    698.823    17.2650   4.693937     0.5253     0.0378     0.0401      0.675    5.39767    7.71381    0.00801    0.01145      0.348    26.4584    26.4294    698.822    17.1451    36.2750 4.5719e-08        4.6 4.4723e-07       0.38 0.0000e+00
       8532    705.000    699.814    17.2648   4.693979     0.5254     0.0393     0.0410      0.732    5.39769    7.71384    0.00849    0.01213      0.369    26.4586    26.4296    699.813    17.1447    36.2752 3.9261e-08        3.9 3.8405e-07       0.36 0.0000e+00
       8546    706.000    700.805    17.2648   4.693988     0.5254     0.0361     0.0406      0.532    5.39770    7.71385    0.00731    0.01045      0.318    26.4585    26.4294    700.804    17.1445    36.2749 3.3487e-08        3.3 3.2757e-07       0.33 0.0000e+00
       8560    707.000    701.795    17.2647   4.694046     0.5252     0.0351     0.0409      0.602    5.39770    7.71385    0.00784    0.01120      0.341    26.4587    26.4296    701.795    17.1443    36.2751 2.9478e-08        2.9 2.8835e-07       0.31 0.0000e+00
       8573    708.000    702.786    17.2646   4.694058     0.5252     0.0330     0.0397      0.611    5.39772    7.71388    0.00832    0.01189      0.361    26.4586    26.4295    702.786    17.1440    36.2749 2.3873e-08        2.4 2.3353e-07       0.28 0.0000e+00
       8585    709.000    703.777    17.2647   4.694117     0.5252     0.0331     0.0409      0.674    5.39771    7.71386    0.00645    0.00921      0.280    26.4587    26.4295    703.777    17.1439    36.2749 2.3278e-08        2.3 2.2771e-07       0.27 0.0000e+00
       8599    710.000    704.768    17.2647   4.694148     0.5252     0.0290     0.0407      0.592    5.39771    7.71386    0.00817    0.01167      0.355    26.4586    26.4294    704.768    17.1437    36.2748 1.5399e-08        1.5 1.5063e-07       0.22 0.0000e+00
       8613    711.000    705.759    17.2646   4.694176     0.5253     0.0289     0.0397      0.519    5.39772    7.71388    0.00797    0.01140      0.346    26.4587    26.4294    705.759    17.1435    36.2748 2.1073e-08        2.1 2.0614e-07       0.26 0.0000e+00
       8623    712.000    706.750    17.2643   4.694174     0.5254     0.0319     0.0409      0.756    5.39776    7.71393    0.00837    0.01196      0.364    26.4587    26.4294    706.750    17.1430    36.2747 1.6582e-08        1.7 1.6220e-07       0.23 0.0000e+00
       8636    713.000    707.741    17.2642   4.694203     0.5252     0.0318     0.0419      0.636    5.39776    7.71394    0.00772    0.01104      0.336    26.4587    26.4294    707.741    17.1427    36.2746 1.9553e-08        2.0 1.9126e-07       0.25 0.0000e+00
       8649    714.000    708.732    17.2644   4.694273     0.5254     0.0436     0.0410      0.580    5.39774    7.71391    0.00845    0.01208      0.367    26.4588    26.4293    708.732    17.1428    36.2747 1.3677e-08        1.4 1.3379e-07       0.21 0.0000e+00
       8662    715.000    709.723    17.2645   4.694313     0.5252     0.0392     0.0433      0.675    5.39774    7.71391    0.00625    0.00894      0.272    26.4587    26.4292    709.723    17.1427    36.2746 2.0203e-08        2.0 1.9763e-07       0.25 0.0000e+00
       8676    716.000    710.714    17.2644   4.694350     0.5252     0.0362     0.0425      0.573    5.39775    7.71392    0.00838    0.01197      0.364    26.4588    26.4293    710.714    17.1424    36.2746 2.1727e-08        2.2 2.1253e-07       0.26 0.0000e+00
       8689    717.000    711.705    17.2645   4.694405     0.5253     0.0485     0.0404      0.528    5.39773    7.71390    0.00786    0.01124      0.342    26.4588    26.4293    711.705    17.1423    36.2746 2.4635e-08        2.5 2.4098e-07       0.28 0.0000e+00
       8700    718.000    712.696    17.2645   4.694440     0.5254     0.0394     0.0413      0.785    5.39774    7.71391    0.00822    0.01175      0.357    26.4588    26.4292    712.696    17.1422    36.2745 2.4566e-08        2.5 2.4031e-07       0.28 0.0000e+00
       8716    719.000    713.686    17.2644   4.694440     0.5253     0.0506     0.0413      0.320    5.39776    7.71394    0.00673    0.00963      0.293    26.4586    26.4290    713.686    17.1419    36.2743 2.3160e-08        2.3 2.2655e-07       0.27 0.0000e+00
       8727    720.000    714.677    17.2638   4.694443     0.5249     0.0365     0.0404      0.764    5.39781    7.71402    0.00683    0.00977      0.297    26.4590    26.4293    714.677    17.1411    36.2744 3.2205e-08        3.2 3.1503e-07       0.32 0.0000e+00
       8742    721.000    715.668    17.2634   4.694419     0.5253     0.0309     0.0400      0.482    5.39786    7.71409    0.00865    0.01237      0.376    26.4589    26.4292    715.668    17.1406    36.2742 2.1161e-08        2.1 2.0699e-07       0.26 0.0000e+00
       8754    722.000    716.659    17.2635   4.694466     0.5253     0.0348     0.0406      0.643    5.39786    7.71408    0.00757    0.01081      0.329    26.4589    26.4292    716.659    17.1405    36.2742 2.8454e-08        2.8 2.7833e-07       0.30 0.0000e+00
       8765    723.000    717.650    17.2633   4.694470     0.5253     0.0361     0.0407      0.759    5.39788    7.71411    0.00855    0.01222      0.372    26.4589    26.4291    717.650    17.1401    36.2740 2.8531e-08        2.9 2.7910e-07       0.30 0.0000e+00
       8781    724.000    718.641    17.2634   4.694530     0.5254     0.0260     0.0419      0.433    5.39787    7.71409    0.00767    0.01096      0.333    26.4589    26.4291    718.641    17.1400    36.2740 2.2073e-08        2.2 2.1592e-07       0.27 0.0000e+00
