CTD_data/C212_2_4.cnv
* Sea-Bird SBE 25 Data File:
* FileName = C:\CTD_Data\C212_2\C212_2_4.hex
* Software Version Seasave V 7.19
* Temperature SN = 4430
* Conductivity SN = 3138
* System UpLoad Time = May 09 2014 17:06:48
** Ship: Hermano Gines
** Station: Car 212
** Operator: Luis Medina
** Latitude: 10 30.19 N
** Longitude: 64 39.90 W
** Cuto perfil
# nquan = 24                                
# nvalues = 1816                        
# units = specified
# name 0 = scan: Scan Count
# name 1 = prSM: Pressure, Strain Gauge [db]
# name 2 = depSM: Depth [salt water, m]
# name 3 = t090C: Temperature [ITS-90, deg C]
# name 4 = c0S/m: Conductivity [S/m]
# name 5 = sbeox0V: Oxygen Voltage, SBE 43
# name 6 = flECO-AFL: Fluorescence, Wetlab ECO-AFL/FL [mg/m^3]
# name 7 = bat: Beam Attenuation, Chelsea/Seatech/Wetlab CStar [1/m]
# name 8 = dz/dtM: Descent Rate [m/s]
# name 9 = oxsatML/L: Oxygen Saturation [ml/l]
# name 10 = oxsatMg/L: Oxygen Saturation [mg/l]
# name 11 = sbeox0ML/L: Oxygen, SBE 43 [ml/l], WS = 2
# name 12 = sbeox0Mg/L: Oxygen, SBE 43 [mg/l], WS = 2
# name 13 = sbeox0Mm/Kg: Oxygen, SBE 43 [umol/Kg], WS = 2
# name 14 = sigma-é00: Density [sigma-theta, Kg/m^3]
# name 15 = sigma-t00: Density [sigma-t, Kg/m^3 ]
# name 16 = depSM: Depth [salt water, m], lat = 10.5
# name 17 = potemp090C: Potential Temperature [ITS-90, deg C]
# name 18 = sal00: Salinity [PSU]
# name 19 = E: stability, E [rad^2/m]
# name 20 = E10^-8: stability, E [10^-8 rad^2/m]
# name 21 = N^2: buoyancy frequency, N^2 [rad^2/s^2]
# name 22 = N: buoyancy frequency, N [cycles/h]
# name 23 = flag: flag
# span 0 =         90,      39520       
# span 1 =      0.000,    908.000       
# span 2 =     -0.000,    900.883       
# span 3 =    17.2551,    23.8519       
# span 4 =   4.694463,   5.423960       
# span 5 =     0.5247,     2.8268       
# span 6 =    -0.1165,     1.8002       
# span 7 =     0.0424,     0.5283       
# span 8 =     -1.260,      0.769       
# span 9 =    4.77097,    5.39894       
# span 10 =    6.81820,    7.71562      
# span 11 = -5.509e+61, 1.9634e+61      
# span 12 = -7.873e+61, 2.8060e+61      
# span 13 = -2.394e+63, 8.5341e+62      
# span 14 =    25.0489,    26.4631      
# span 15 =    25.0488,    26.4301      
# span 16 =      0.000,    900.882      
# span 17 =    17.1013,    23.8515      
# span 18 =    36.2673,    36.8257      
# span 19 = -7.560e-09, 6.7505e-05      
# span 20 =       -0.8,     6750.5      
# span 21 = -7.395e-08, 6.6033e-04      
# span 22 =      -0.16,      14.72      
# span 23 = 0.0000e+00, 0.0000e+00      
# interval = decibars: 1                
# start_time = May 09 2014 17:06:48
# bad_flag = -9.990e-29
*END*
[from data line 1510]
      27285    305.000    303.048    17.7512   4.737867     0.5252    -0.0004     0.0726     -0.652    5.34436    7.63763    0.00863    0.01233      0.375    26.3984    26.3855    303.048    17.6987    36.3726 2.7820e-07       27.8 2.7213e-06       0.95 0.0000e+00
      27301    304.000    302.054    17.7523   4.737986     0.5251     0.0043     0.0761     -0.481    5.34423    7.63744    0.00686    0.00981      0.298    26.3985    26.3856    302.055    17.7000    36.3731 2.9502e-07       29.5 2.8859e-06       0.97 0.0000e+00
      27314    303.000    301.061    17.7536   4.738112     0.5252     0.0033     0.0801     -0.601    5.34409    7.63725    0.00686    0.00980      0.298    26.3983    26.3855    301.062    17.7015    36.3734 2.8965e-07       29.0 2.8333e-06       0.96 0.0000e+00
      27329    302.000    300.069    17.7540   4.738105     0.5253 -9.990e-29     0.0807     -0.573    5.34405    7.63719    0.00689    0.00984      0.299    26.3982    26.3854    300.069    17.7020    36.3733 3.4213e-07       34.2 3.3467e-06       1.05 0.0000e+00
      27343    301.000    299.076    17.7578   4.738502     0.5250 -9.990e-29     0.0812     -0.560    5.34365    7.63661    0.00639    0.00913      0.277    26.3975    26.3847    299.076    17.7060    36.3738 4.0999e-07       41.0 4.0106e-06       1.15 0.0000e+00
      27357    300.000    298.083    17.7604   4.738836     0.5249 -9.990e-29     0.0835     -0.581    5.34336    7.63619    0.00651    0.00931      0.283    26.3975    26.3848    298.083    17.7088    36.3747 4.8395e-07       48.4 4.7341e-06       1.25 0.0000e+00
      27372    299.000    297.090    17.7642   4.739226     0.5251    -0.0077     0.0831     -0.511    5.34295    7.63561    0.00721    0.01030      0.313    26.3968    26.3841    297.090    17.7127    36.3751 5.3246e-07       53.2 5.2086e-06       1.31 0.0000e+00
      27386    298.000    296.097    17.7668   4.739522     0.5250 -9.990e-29     0.0849     -0.569    5.34267    7.63521    0.00677    0.00968      0.294    26.3966    26.3840    296.097    17.7155    36.3757 5.5917e-07       55.9 5.4698e-06       1.34 0.0000e+00
      27803    297.000    295.104    17.7780   4.740841     0.5255     0.0036     0.0993     -0.288    5.34148    7.63350    0.00792    0.01132      0.344    26.3952    26.3826    295.104    17.7269    36.3774 5.4661e-07       54.7 5.3470e-06       1.32 0.0000e+00
      28232    296.000    294.112    17.7864   4.741845     0.5261     0.0017     0.1009     -0.455    5.34056    7.63220    0.01049    0.01500      0.456    26.3942    26.3817    294.112    17.7354    36.3790 5.4126e-07       54.1 5.2946e-06       1.32 0.0000e+00
      28246    295.000    293.119    17.7877   4.741955     0.5271     0.0055     0.0971     -0.520    5.34043    7.63200    0.01468    0.02098      0.638    26.3940    26.3815    293.119    17.7369    36.3791 5.1074e-07       51.1 4.9961e-06       1.28 0.0000e+00
      28261    294.000    292.126    17.7899   4.742215     0.5279     0.0129     0.0899     -0.491    5.34018    7.63165    0.01751    0.02502      0.761    26.3939    26.3814    292.126    17.7392    36.3798 4.6491e-07       46.5 4.5478e-06       1.22 0.0000e+00
      28272    293.000    291.133    17.7915   4.742327     0.5290 -9.990e-29     0.0864     -0.787    5.34002    7.63142    0.02127    0.03040      0.924    26.3934    26.3810    291.133    17.7410    36.3797 4.2030e-07       42.0 4.1114e-06       1.16 0.0000e+00
      28289    292.000    290.140    17.7956   4.742870     0.5302    -0.0150     0.0850     -0.403    5.33955    7.63075    0.02255    0.03223      0.980    26.3935    26.3810    290.140    17.7453    36.3811 4.7182e-07       47.2 4.6153e-06       1.23 0.0000e+00
      28305    291.000    289.147    17.7991   4.743191     0.5319    -0.0007     0.0872     -0.523    5.33920    7.63025    0.02971    0.04247      1.291    26.3926    26.3802    289.147    17.7490    36.3811 5.7136e-07       57.1 5.5891e-06       1.35 0.0000e+00
      28324    290.000    288.154    17.7996   4.743240     0.5355    -0.0151     0.0907     -0.396    5.33913    7.63016    0.04994    0.07137      2.170    26.3927    26.3804    288.154    17.7496    36.3815 6.5311e-07       65.3 6.3888e-06       1.45 0.0000e+00
      28341    289.000    287.161    17.8045   4.743797     0.5418     0.0031     0.0887     -0.455    5.33861    7.62940    0.05124    0.07323      2.227    26.3921    26.3798    287.161    17.7547    36.3823 6.9076e-07       69.1 6.7571e-06       1.49 0.0000e+00
      28362    288.000    286.168    17.8057   4.743875     0.5458     0.0056     0.0910     -0.382    5.33848    7.62923    0.09083    0.12981      3.947    26.3917    26.3795    286.168    17.7561    36.3823 6.9305e-07       69.3 6.7794e-06       1.49 0.0000e+00
      28994    287.000    285.176    17.8249   4.746114     0.6161     0.0000     0.0720     -0.219    5.33645    7.62632    0.22483    0.32130      9.769    26.3889    26.3767    285.175    17.7754    36.3848 6.6174e-07       66.2 6.4731e-06       1.46 0.0000e+00
      29214    286.000    284.182    17.8305   4.746739     0.6249     0.0005     0.0715     -0.385    5.33585    7.62546    0.24059    0.34383     10.454    26.3881    26.3759    284.182    17.7812    36.3856 5.8135e-07       58.1 5.6868e-06       1.37 0.0000e+00
      29225    285.000    283.189    17.8308   4.746745     0.6238    -0.0070     0.0715     -0.528    5.33581    7.62541    0.24304    0.34734     10.561    26.3881    26.3759    283.189    17.7816    36.3858 5.0533e-07       50.5 4.9432e-06       1.27 0.0000e+00
      29240    284.000    282.196    17.8307   4.746702     0.6233     0.0047     0.0708     -0.522    5.33582    7.62542    0.23795    0.34006     10.340    26.3881    26.3760    282.196    17.7817    36.3859 3.7169e-07       37.2 3.6359e-06       1.09 0.0000e+00
      29252    283.000    281.203    17.8313   4.746699     0.6228     0.0011     0.0707     -0.627    5.33577    7.62535    0.23284    0.33275     10.118    26.3878    26.3757    281.203    17.7825    36.3857 2.4430e-07       24.4 2.3897e-06       0.89 0.0000e+00
      29265    282.000    280.210    17.8313   4.746682     0.6197     0.0023     0.0706     -0.648    5.33576    7.62533    0.22291    0.31857      9.686    26.3879    26.3759    280.210    17.7826    36.3859 9.7685e-08        9.8 9.5556e-07       0.56 0.0000e+00
      29282    281.000    279.217    17.8322   4.746762     0.6178    -0.0012     0.0716     -0.382    5.33566    7.62519    0.22619    0.32325      9.829    26.3879    26.3759    279.217    17.7837    36.3862 8.6235e-08        8.6 8.4355e-07       0.53 0.0000e+00
      29295    280.000    278.224    17.8323   4.746714     0.6165    -0.0004     0.0698     -0.669    5.33565    7.62518    0.21547    0.30793      9.363    26.3877    26.3758    278.224    17.7840    36.3861 1.2351e-07       12.4 1.2082e-06       0.63 0.0000e+00
      29312    279.000    277.231    17.8322   4.746680     0.6144     0.0036     0.0715     -0.372    5.33565    7.62518    0.21926    0.31334      9.527    26.3878    26.3759    277.231    17.7841    36.3863 1.5745e-07       15.7 1.5401e-06       0.71 0.0000e+00
      29327    278.000    276.238    17.8334   4.746764     0.6145 -9.990e-29     0.0706     -0.562    5.33553    7.62501    0.22021    0.31470      9.569    26.3875    26.3757    276.238    17.7854    36.3863 2.0651e-07       20.7 2.0200e-06       0.81 0.0000e+00
      29741    277.000    275.246    17.8351   4.746951     0.6164     0.0009     0.0698     -0.132    5.33534    7.62474    0.20388    0.29136      8.859    26.3874    26.3756    275.245    17.7873    36.3868 2.8609e-07       28.6 2.7985e-06       0.96 0.0000e+00
      30464    276.000    274.252    17.8398   4.747525     0.5945 -9.990e-29     0.0701     -0.418    5.33483    7.62400    0.09313    0.13309      4.047    26.3871    26.3753    274.252    17.7922    36.3879 3.2223e-07       32.2 3.1520e-06       1.02 0.0000e+00
      30448    275.000    273.259    17.8442   4.748040     0.5824 -9.990e-29     0.0714     -0.961    5.33435    7.62332    0.07850    0.11219      3.411    26.3867    26.3749    273.259    17.7967    36.3888 3.9863e-07       39.9 3.8994e-06       1.13 0.0000e+00
      30458    274.000    272.266    17.8475   4.748424     0.5717    -0.0036     0.0702     -0.868    5.33400    7.62281    0.08293    0.11852      3.604    26.3864    26.3747    272.266    17.8002    36.3896 4.8452e-07       48.5 4.7396e-06       1.25 0.0000e+00
      30471    273.000    271.273    17.8528   4.749030     0.5680    -0.0085     0.0710     -0.637    5.33342    7.62199    0.09967    0.14244      4.331    26.3857    26.3740    271.273    17.8057    36.3904 4.8606e-07       48.6 4.7546e-06       1.25 0.0000e+00
      30485    272.000    270.280    17.8585   4.749680     0.5654    -0.0004     0.0725     -0.524    5.33282    7.62113    0.09438    0.13488      4.101    26.3849    26.3733    270.280    17.8115    36.3913 5.3727e-07       53.7 5.2556e-06       1.31 0.0000e+00
      30495    271.000    269.287    17.8592   4.749774     0.5641    -0.0004     0.0727     -0.754    5.33273    7.62100    0.10048    0.14359      4.366    26.3852    26.3736    269.287    17.8124    36.3919 5.6525e-07       56.5 5.5293e-06       1.35 0.0000e+00
      30509    270.000    268.294    17.8687   4.750863     0.5659    -0.0010     0.0720     -0.609    5.33172    7.61955    0.10994    0.15711      4.777    26.3837    26.3722    268.294    17.8221    36.3932 5.5065e-07       55.1 5.3864e-06       1.33 0.0000e+00
      30524    269.000    267.301    17.8721   4.751179     0.5674    -0.0081     0.0706     -0.494    5.33137    7.61906    0.11589    0.16562      5.036    26.3829    26.3714    267.301    17.8256    36.3932 5.4798e-07       54.8 5.3604e-06       1.33 0.0000e+00
      30536    268.000    266.308    17.8733   4.751421     0.5703    -0.0004     0.0704     -0.687    5.33120    7.61882    0.12457    0.17802      5.413    26.3837    26.3722    266.308    17.8270    36.3946 5.6121e-07       56.1 5.4897e-06       1.34 0.0000e+00
      30549    267.000    265.315    17.8819   4.752361     0.5723    -0.0004     0.0686     -0.606    5.33031    7.61754    0.12457    0.17803      5.413    26.3821    26.3707    265.315    17.8358    36.3954 5.9775e-07       59.8 5.8472e-06       1.39 0.0000e+00
      30561    266.000    264.322    17.8862   4.752854     0.5728    -0.0004     0.0683     -0.685    5.32984    7.61687    0.11976    0.17115      5.204    26.3816    26.3702    264.322    17.8402    36.3962 6.2527e-07       62.5 6.1164e-06       1.42 0.0000e+00
      30579    265.000    263.329    17.8874   4.753014     0.5720 -9.990e-29     0.0659     -0.275    5.32970    7.61667    0.11622    0.16609      5.050    26.3818    26.3704    263.329    17.8416    36.3969 6.3743e-07       63.7 6.2354e-06       1.43 0.0000e+00
      30588    264.000    262.336    17.8893   4.753123     0.5721 -9.990e-29     0.0679     -0.796    5.32951    7.61641    0.11912    0.17024      5.176    26.3810    26.3697    262.336    17.8437    36.3965 6.8750e-07       68.7 6.7251e-06       1.49 0.0000e+00
      30600    263.000    261.343    17.9004   4.754472     0.5725     0.0126     0.0663     -0.764    5.32832    7.61471    0.12412    0.17738      5.394    26.3798    26.3685    261.343    17.8549    36.3986 7.5440e-07       75.4 7.3796e-06       1.56 0.0000e+00
      30616    262.000    260.350    17.9078   4.755332     0.5756     0.0067     0.0647     -0.445    5.32753    7.61357    0.13886    0.19844      6.034    26.3788    26.3676    260.350    17.8625    36.3998 7.3782e-07       73.8 7.2174e-06       1.54 0.0000e+00
      30627    261.000    259.357    17.9069   4.755124     0.5785 -9.990e-29     0.0636     -0.628    5.32764    7.61373    0.15155    0.21658      6.585    26.3786    26.3674    259.357    17.8618    36.3992 7.7232e-07       77.2 7.5548e-06       1.57 0.0000e+00
      30640    260.000    258.364    17.9160   4.756185     0.5843    -0.0070     0.0636     -0.687    5.32668    7.61235    0.16745    0.23930      7.276    26.3773    26.3662    258.364    17.8710    36.4006 8.0413e-07       80.4 7.8661e-06       1.61 0.0000e+00
      30655    259.000    257.371    17.9258   4.757422     0.5886    -0.0003     0.0653     -0.385    5.32561    7.61082    0.16490    0.23565      7.165    26.3766    26.3655    257.371    17.8810    36.4029 7.7725e-07       77.7 7.6031e-06       1.58 0.0000e+00
      30665    258.000    256.377    17.9330   4.758295     0.5908    -0.0004     0.0661     -0.828    5.32483    7.60971    0.17576    0.25118      7.637    26.3759    26.3648    256.378    17.8883    36.4043 6.9000e-07       69.0 6.7496e-06       1.49 0.0000e+00
      30682    257.000    255.384    17.9319   4.758022     0.5959    -0.0026     0.0651     -0.385    5.32497    7.60992    0.19073    0.27257      8.288    26.3754    26.3643    255.384    17.8874    36.4034 6.2620e-07       62.6 6.1255e-06       1.42 0.0000e+00
      30693    256.000    254.391    17.9403   4.759038     0.5988     0.0070     0.0638     -0.684    5.32406    7.60862    0.18922    0.27041      8.222    26.3745    26.3635    254.391    17.8960    36.4050 5.6566e-07       56.6 5.5333e-06       1.35 0.0000e+00
      30705    255.000    253.398    17.9467   4.759778     0.5992 -9.990e-29     0.0626     -0.727    5.32338    7.60765    0.18483    0.26413      8.031    26.3737    26.3627    253.398    17.9025    36.4060 4.9010e-07       49.0 4.7942e-06       1.25 0.0000e+00
      30719    254.000    252.405    17.9481   4.759850     0.6009 -9.990e-29     0.0596     -0.495    5.32325    7.60745    0.19506    0.27876      8.476    26.3731    26.3622    252.405    17.9041    36.4058 4.6744e-07       46.7 4.5725e-06       1.23 0.0000e+00
      30730    253.000    251.412    17.9460   4.759598     0.6031    -0.0004     0.0590     -0.733    5.32346    7.60776    0.20182    0.28843      8.770    26.3736    26.3628    251.412    17.9022    36.4059 4.8791e-07       48.8 4.7727e-06       1.25 0.0000e+00
      30744    252.000    250.419    17.9505   4.760115     0.6064    -0.0051     0.0569     -0.518    5.32297    7.60706    0.21486    0.30706      9.336    26.3731    26.3623    250.419    17.9069    36.4067 5.2091e-07       52.1 5.0956e-06       1.29 0.0000e+00
      30756    251.000    249.426    17.9523   4.760293     0.6111    -0.0005     0.0555     -0.697    5.32278    7.60678    0.23171    0.33113     10.068    26.3729    26.3621    249.426    17.9088    36.4070 5.1882e-07       51.9 5.0751e-06       1.29 0.0000e+00
      30768    250.000    248.433    17.9571   4.760856     0.6164 -9.990e-29     0.0555     -0.607    5.32226    7.60605    0.24022    0.34331     10.439    26.3724    26.3616    248.433    17.9138    36.4079 5.1599e-07       51.6 5.0474e-06       1.29 0.0000e+00
      30781    249.000    247.439    17.9635   4.761572     0.6201     0.0069     0.0540     -0.639    5.32159    7.60508    0.24163    0.34531     10.499    26.3714    26.3606    247.440    17.9204    36.4088 5.2791e-07       52.8 5.1640e-06       1.30 0.0000e+00
      30794    248.000    246.446    17.9685   4.762050     0.6214    -0.0081     0.0524     -0.620    5.32108    7.60435    0.23665    0.33820     10.283    26.3701    26.3594    246.446    17.9255    36.4088 4.9418e-07       49.4 4.8341e-06       1.26 0.0000e+00
      30805    247.000    245.453    17.9759   4.762955     0.6215    -0.0077     0.0520     -0.677    5.32028    7.60322    0.23485    0.33562     10.205    26.3694    26.3588    245.453    17.9331    36.4104 4.1706e-07       41.7 4.0797e-06       1.16 0.0000e+00
