CTD_data/C212_2_2.cnv
* Sea-Bird SBE 25 Data File:
* FileName = C:\CTD_Data\C212_2\C212_2_2.hex
* Software Version Seasave V 7.19
* Temperature SN = 4430
* Conductivity SN = 3138
* System UpLoad Time = May 08 2014 08:05:43
** Ship: Hermano gines
** Station: Cae 212_2
** Operator: Luis Medina
** Latitude: 10 29 86 N
** Longitude: 64 40 14 W
** segundo perfil
# nquan = 24                                
# nvalues = 712                         
# units = specified
# name 0 = scan: Scan Count
# name 1 = prSM: Pressure, Strain Gauge [db]
# name 2 = depSM: Depth [salt water, m]
# name 3 = t090C: Temperature [ITS-90, deg C]
# name 4 = c0S/m: Conductivity [S/m]
# name 5 = sbeox0V: Oxygen Voltage, SBE 43
# name 6 = flECO-AFL: Fluorescence, Wetlab ECO-AFL/FL [mg/m^3]
# name 7 = bat: Beam Attenuation, Chelsea/Seatech/Wetlab CStar [1/m]
# name 8 = dz/dtM: Descent Rate [m/s]
# name 9 = oxsatML/L: Oxygen Saturation [ml/l]
# name 10 = oxsatMg/L: Oxygen Saturation [mg/l]
# name 11 = sbeox0ML/L: Oxygen, SBE 43 [ml/l], WS = 2
# name 12 = sbeox0Mg/L: Oxygen, SBE 43 [mg/l], WS = 2
# name 13 = sbeox0Mm/Kg: Oxygen, SBE 43 [umol/Kg], WS = 2
# name 14 = sigma-é00: Density [sigma-theta, Kg/m^3]
# name 15 = sigma-t00: Density [sigma-t, Kg/m^3 ]
# name 16 = depSM: Depth [salt water, m], lat = 10.5
# name 17 = potemp090C: Potential Temperature [ITS-90, deg C]
# name 18 = sal00: Salinity [PSU]
# name 19 = E: stability, E [rad^2/m]
# name 20 = E10^-8: stability, E [10^-8 rad^2/m]
# name 21 = N^2: buoyancy frequency, N^2 [rad^2/s^2]
# name 22 = N: buoyancy frequency, N [cycles/h]
# name 23 = flag: flag
# span 0 =         47,      15792       
# span 1 =      0.000,    356.000       
# span 2 =      0.000,    353.678       
# span 3 =    17.6182,    23.2441       
# span 4 =   4.723761,   5.354930       
# span 5 =     0.5251,     2.7767       
# span 6 =    -1.7110,     8.7982       
# span 7 =     0.0408,     0.3586       
# span 8 =     -1.354,      1.240       
# span 9 =    4.82236,    5.35871       
# span 10 =    6.89164,    7.65814      
# span 11 =    0.00585,    4.66670      
# span 12 =    0.00835,    6.66917      
# span 13 =      0.254,    202.799      
# span 14 =    25.2083,    26.4161      
# span 15 =    25.2082,    26.4011      
# span 16 =      0.000,    353.678      
# span 17 =    17.5572,    23.2437      
# span 18 =    36.3500,    36.8176      
# span 19 = 6.4832e-08, 5.0490e-05      
# span 20 =        6.5,     5049.0      
# span 21 = 6.3419e-07, 4.9389e-04      
# span 22 =       0.46,      12.73      
# span 23 = 0.0000e+00, 0.0000e+00      
# interval = decibars: 1                
# start_time = May 08 2014 08:05:43
# bad_flag = -9.990e-29
*END*
[from data line 604]
      14669    107.000    106.366    19.4117   4.930805     1.6031     0.0070     0.0766     -0.843    5.17214    7.39151    2.43304    3.47705    105.714    26.1538    26.1487    106.366    19.3922    36.6141 2.0073e-06      200.7 1.9636e-05       2.54 0.0000e+00
      14678    106.000    105.372    19.4246   4.932150     1.6031     0.0069     0.0792     -0.886    5.17089    7.38973    2.44618    3.49584    106.286    26.1506    26.1455    105.372    19.4052    36.6144 1.9611e-06      196.1 1.9184e-05       2.51 0.0000e+00
      14688    105.000    104.379    19.4357   4.933582     1.6055     0.0069     0.0800     -0.829    5.16975    7.38809    2.45037    3.50182    106.467    26.1496    26.1446    104.378    19.4165    36.6169 1.7937e-06      179.4 1.7546e-05       2.40 0.0000e+00
      14697    104.000    103.385    19.4511   4.935233     1.6069     0.0025     0.0785     -0.881    5.16825    7.38595    2.45648    3.51056    106.733    26.1460    26.1410    103.384    19.4321    36.6176 1.5805e-06      158.0 1.5460e-05       2.25 0.0000e+00
      14706    103.000    102.391    19.4566   4.935930     1.6099 -9.990e-29     0.0824     -0.895    5.16768    7.38513    2.46551    3.52346    107.125    26.1455    26.1406    102.391    19.4378    36.6189 1.6864e-06      168.6 1.6496e-05       2.33 0.0000e+00
      14716    102.000    101.397    19.4594   4.936173     1.6146 -9.990e-29     0.0865     -0.788    5.16741    7.38474    2.49632    3.56749    108.464    26.1447    26.1398    101.397    19.4408    36.6189 1.8445e-06      184.4 1.8043e-05       2.43 0.0000e+00
      14724    101.000    100.404    19.4626   4.936512     1.6243     0.0069     0.0841     -0.869    5.16709    7.38429    2.54696    3.63986    110.664    26.1441    26.1393    100.403    19.4441    36.6193 2.9398e-06      294.0 2.8758e-05       3.07 0.0000e+00
      14733    100.000     99.409    19.4693   4.937356     1.6422     0.0424     0.0817     -1.015    5.16640    7.38331    2.66847    3.81351    115.944    26.1435    26.1387     99.409    19.4510    36.6208 4.0909e-06      409.1 4.0017e-05       3.62 0.0000e+00
      14743     99.000     98.415    19.4909   4.940274     1.6947     0.0585     0.0838     -0.813    5.16416    7.38009    2.86298    4.09149    124.395    26.1422    26.1375     98.415    19.4728    36.6265 4.9599e-06      496.0 4.8518e-05       3.99 0.0000e+00
      14753     98.000     97.421    19.5456   4.946860     1.7410     0.0806     0.0881     -0.689    5.15870    7.37229    2.87896    4.11432    125.089    26.1334    26.1286     97.421    19.5276    36.6338 5.5306e-06      553.1 5.4101e-05       4.21 0.0000e+00
      14761     97.000     96.427    19.5817   4.951948     1.7607     0.1018     0.0873     -0.957    5.15490    7.36688    2.86145    4.08930    124.327    26.1323    26.1276     96.428    19.5639    36.6448 5.8323e-06      583.2 5.7052e-05       4.33 0.0000e+00
      14770     96.000     95.433    19.7068   4.966512     1.7738     0.1022     0.0882     -0.976    5.14262    7.34932    2.85702    4.08297    124.135    26.1083    26.1037     95.434    19.6891    36.6565 5.7759e-06      577.6 5.6500e-05       4.31 0.0000e+00
      14780     95.000     94.440    19.7310   4.968994     1.7831     0.0934     0.0876     -0.780    5.14032    7.34603    2.84432    4.06483    123.584    26.1017    26.0971     94.440    19.7135    36.6563 5.3049e-06      530.5 5.1892e-05       4.13 0.0000e+00
      14789     94.000     93.446    19.7386   4.969714     1.7865     0.0930     0.0890     -0.766    5.13961    7.34502    2.84125    4.06043    123.450    26.0994    26.0949     93.446    19.7212    36.6560 4.5033e-06      450.3 4.4052e-05       3.80 0.0000e+00
      14797     93.000     92.452    19.7396   4.969949     1.7878     0.1136     0.0909     -1.073    5.13947    7.34482    2.83873    4.05682    123.340    26.1002    26.0957     92.452    19.7224    36.6575 3.3730e-06      337.3 3.2995e-05       3.29 0.0000e+00
      14806     92.000     91.458    19.7498   4.971009     1.7880     0.0740     0.0902     -0.983    5.13849    7.34342    2.82751    4.04079    122.853    26.0977    26.0932     91.458    19.7328    36.6577 2.2957e-06      229.6 2.2457e-05       2.72 0.0000e+00
      14817     91.000     90.465    19.7533   4.971387     1.7877     0.0843     0.0915     -0.699    5.13815    7.34293    2.83864    4.05670    123.337    26.0970    26.0926     90.464    19.7365    36.6581 9.5102e-07       95.1 9.3029e-06       1.75 0.0000e+00
      14826     90.000     89.471    19.7505   4.970990     1.7900     0.0803     0.0927     -0.848    5.13843    7.34333    2.84100    4.06007    123.439    26.0974    26.0930     89.470    19.7339    36.6577 6.1625e-07       61.6 6.0282e-06       1.41 0.0000e+00
      14835     89.000     88.476    19.7557   4.971529     1.7914     0.0835     0.0902     -0.875    5.13793    7.34261    2.85153    4.07511    123.897    26.0962    26.0918     88.476    19.7393    36.6580 5.5707e-07       55.7 5.4493e-06       1.34 0.0000e+00
      14844     88.000     87.482    19.7562   4.971498     1.7952     0.0848     0.0920     -0.824    5.13789    7.34255    2.85469    4.07964    124.034    26.0957    26.0915     87.483    19.7399    36.6576 6.7097e-07       67.1 6.5635e-06       1.47 0.0000e+00
      14852     87.000     86.489    19.7551   4.971312     1.7951     0.0826     0.0929     -1.019    5.13800    7.34271    2.84557    4.06661    123.638    26.0958    26.0916     86.489    19.7390    36.6574 7.2942e-07       72.9 7.1353e-06       1.53 0.0000e+00
      14862     86.000     85.495    19.7569   4.971513     1.7956     0.0953     0.0920     -0.868    5.13781    7.34245    2.84392    4.06424    123.566    26.0957    26.0915     85.495    19.7410    36.6579 8.5722e-07       85.7 8.3853e-06       1.66 0.0000e+00
      14871     85.000     84.501    19.7620   4.972059     1.7938     0.1571     0.0956     -0.777    5.13732    7.34174    2.83891    4.05708    123.348    26.0946    26.0904     84.501    19.7463    36.6583 9.6960e-07       97.0 9.4846e-06       1.76 0.0000e+00
      14880     84.000     83.507    19.7720   4.973327     1.7951     0.2053     0.0947     -0.904    5.13630    7.34029    2.84830    4.07050    123.756    26.0935    26.0894     83.507    19.7565    36.6605 9.8609e-07       98.6 9.6460e-06       1.78 0.0000e+00
      14889     83.000     82.513    19.7846   4.974711     1.7949     0.1882     0.0997     -0.912    5.13508    7.33854    2.83909    4.05735    123.356    26.0908    26.0867     82.513    19.7693    36.6613 1.0449e-06      104.5 1.0221e-05       1.83 0.0000e+00
      14899     82.000     81.519    19.7906   4.975330     1.7944     0.1168     0.0963     -0.807    5.13450    7.33772    2.83739    4.05491    123.282    26.0893    26.0853     81.519    19.7754    36.6615 1.1235e-06      112.4 1.0990e-05       1.90 0.0000e+00
      14908     81.000     80.525    19.7937   4.975641     1.7939     0.1132     0.0948     -0.915    5.13420    7.33729    2.84242    4.06211    123.501    26.0887    26.0847     80.525    19.7787    36.6618 1.1754e-06      117.5 1.1498e-05       1.94 0.0000e+00
      14917     80.000     79.531    19.7960   4.975842     1.7960     0.1168     0.0992     -0.874    5.13398    7.33698    2.84505    4.06586    123.615    26.0880    26.0841     79.531    19.7812    36.6618 1.3248e-06      132.5 1.2959e-05       2.06 0.0000e+00
      14925     79.000     78.537    19.7977   4.976035     1.7946     0.1353     0.0934     -0.937    5.13380    7.33672    2.83326    4.04900    123.103    26.0879    26.0840     78.537    19.7831    36.6623 1.4815e-06      148.1 1.4492e-05       2.18 0.0000e+00
      14934     78.000     77.543    19.8069   4.977133     1.7941     0.1099     0.0970     -0.951    5.13289    7.33541    2.83460    4.05093    123.161    26.0865    26.0827     77.543    19.7925    36.6637 1.5704e-06      157.0 1.5361e-05       2.25 0.0000e+00
      14943     77.000     76.549    19.8170   4.978305     1.7933     0.1003     0.1091     -0.836    5.13189    7.33399    2.83599    4.05292    123.222    26.0847    26.0810     76.549    19.8027    36.6649 2.2845e-06      228.4 2.2347e-05       2.71 0.0000e+00
      14953     76.000     75.555    19.8305   4.979983     1.7959     0.0997     0.1001     -0.791    5.13054    7.33205    2.86018    4.08749    124.273    26.0830    26.0793     75.555    19.8164    36.6674 3.0622e-06      306.2 2.9954e-05       3.14 0.0000e+00
      14962     75.000     74.561    19.8525   4.982467     1.8012     0.0937     0.0996     -0.889    5.12841    7.32901    2.86067    4.08818    124.294    26.0784    26.0747     74.561    19.8386    36.6691 3.7560e-06      375.6 3.6742e-05       3.47 0.0000e+00
      14971     74.000     73.568    19.8645   4.983832     1.8011     0.0876     0.1020     -0.807    5.12723    7.32733    2.84739    4.06920    123.717    26.0761    26.0724     73.567    19.8508    36.6703 4.2376e-06      423.8 4.1453e-05       3.69 0.0000e+00
      14979     73.000     72.574    19.8846   4.986620     1.8019     0.0875     0.1023     -1.022    5.12516    7.32437    2.85096    4.07431    123.872    26.0752    26.0716     72.573    19.8711    36.6761 4.5413e-06      454.1 4.4424e-05       3.82 0.0000e+00
      14989     72.000     71.579    19.9543   4.994603     1.8015     0.0803     0.0978     -0.884    5.11842    7.31473    2.83448    4.05075    123.156    26.0608    26.0572     71.579    19.9409    36.6816 4.7391e-06      473.9 4.6358e-05       3.90 0.0000e+00
      14999     71.000     70.585    19.9820   4.997767     1.7985     0.0802     0.0998     -0.795    5.11573    7.31089    2.82578    4.03832    122.778    26.0551    26.0516     70.585    19.9688    36.6839 5.0122e-06      501.2 4.9030e-05       4.01 0.0000e+00
      15008     70.000     69.592    20.0008   4.999851     1.7971     0.0787     0.1000     -0.844    5.11392    7.30831    2.82176    4.03258    122.604    26.0510    26.0475     69.591    19.9878    36.6850 4.9652e-06      496.5 4.8570e-05       3.99 0.0000e+00
      15016     69.000     68.598    20.0151   5.001607     1.7959     0.0769     0.1003     -0.974    5.11251    7.30628    2.82642    4.03924    122.806    26.0489    26.0455     68.597    20.0022    36.6874 4.7313e-06      473.1 4.6282e-05       3.90 0.0000e+00
      15025     68.000     67.603    20.0343   5.003826     1.7964     0.0802     0.1065     -0.879    5.11064    7.30362    2.82410    4.03592    122.705    26.0452    26.0419     67.603    20.0216    36.6893 4.2946e-06      429.5 4.2010e-05       3.71 0.0000e+00
      15034     67.000     66.609    20.0692   5.008247     1.7961 -9.990e-29     0.1088     -0.844    5.10717    7.29866    2.82379    4.03548    122.692    26.0407    26.0374     66.609    20.0567    36.6957 3.6121e-06      361.2 3.5334e-05       3.41 0.0000e+00
      15043     66.000     65.616    20.1030   5.011848     1.7959     0.0826     0.1092     -0.960    5.10398    7.29410    2.81426    4.02186    122.278    26.0321    26.0288     65.615    20.0907    36.6962 3.2704e-06      327.0 3.1991e-05       3.24 0.0000e+00
      15051     65.000     64.621    20.1086   5.012431     1.7950     0.0781     0.1131     -0.990    5.10345    7.29333    2.81975    4.02970    122.516    26.0308    26.0275     64.621    20.0964    36.6965 3.0540e-06      305.4 2.9874e-05       3.13 0.0000e+00
      15062     64.000     63.627    20.1125   5.012842     1.7960     0.0729     0.1140     -0.731    5.10307    7.29280    2.82252    4.03366    122.637    26.0300    26.0268     63.627    20.1005    36.6969 2.8872e-06      288.7 2.8243e-05       3.04 0.0000e+00
      15071     63.000     62.633    20.1272   5.014608     1.7977     0.0729     0.1135     -0.794    5.10163    7.29074    2.82827    4.04188    122.887    26.0276    26.0244     62.633    20.1154    36.6990 2.5866e-06      258.7 2.5303e-05       2.88 0.0000e+00
      15080     62.000     61.639    20.1381   5.015710     1.7982     0.0729     0.1135     -0.954    5.10061    7.28928    2.82085    4.03127    122.564    26.0246    26.0215     61.639    20.1265    36.6989 2.2370e-06      223.7 2.1883e-05       2.68 0.0000e+00
      15089     61.000     60.646    20.1431   5.016327     1.7971     0.0754     0.1177     -0.903    5.10011    7.28857    2.81134    4.01769    122.151    26.0240    26.0210     60.645    20.1317    36.7000 1.8640e-06      186.4 1.8234e-05       2.45 0.0000e+00
      15098     60.000     59.651    20.1604   5.018317     1.7958     0.0857     0.1182     -0.837    5.09844    7.28618    2.80708    4.01160    121.966    26.0206    26.0176     59.651    20.1492    36.7017 1.7644e-06      176.4 1.7260e-05       2.38 0.0000e+00
      15106     59.000     58.657    20.1736   5.019769     1.7932 -9.990e-29     0.1226     -0.969    5.09718    7.28438    2.79641    3.99634    121.502    26.0176    26.0147     58.657    20.1625    36.7025 1.5941e-06      159.4 1.5593e-05       2.26 0.0000e+00
      15116     58.000     57.663    20.1783   5.020235     1.7926     0.0912     0.1184     -0.906    5.09674    7.28374    2.81197    4.01859    122.179    26.0164    26.0135     57.663    20.1674    36.7026 1.3562e-06      135.6 1.3267e-05       2.09 0.0000e+00
      15125     57.000     56.669    20.1808   5.020423     1.7950 -9.990e-29     0.1180     -0.845    5.09651    7.28342    2.81598    4.02432    122.353    26.0155    26.0126     56.669    20.1701    36.7023 1.0809e-06      108.1 1.0573e-05       1.86 0.0000e+00
      15133     56.000     55.675    20.1825   5.020628     1.7946     0.0948     0.1203     -0.931    5.09633    7.28317    2.80236    4.00485    121.761    26.0154    26.0126     55.675    20.1720    36.7029 8.7421e-07       87.4 8.5515e-06       1.68 0.0000e+00
      15142     55.000     54.681    20.1855   5.020914     1.7931     0.0948     0.1219     -0.968    5.09605    7.28276    2.80593    4.00995    121.916    26.0147    26.0119     54.681    20.1752    36.7030 6.1672e-07       61.7 6.0327e-06       1.41 0.0000e+00
      15152     54.000     53.687    20.1865   5.020972     1.7956     0.0948     0.1228     -0.804    5.09595    7.28263    2.82466    4.03673    122.730    26.0143    26.0116     53.687    20.1764    36.7030 4.5240e-07       45.2 4.4254e-06       1.21 0.0000e+00
      15161     53.000     52.693    20.1877   5.020983     1.7983     0.0948     0.1221     -0.799    5.09586    7.28249    2.81808    4.02731    122.444    26.0135    26.0109     52.693    20.1778    36.7024 4.0066e-07       40.1 3.9193e-06       1.13 0.0000e+00
      15169     52.000     51.699    20.1880   5.021058     1.7971     0.0948     0.1212     -0.904    5.09581    7.28243    2.80407    4.00729    121.835    26.0139    26.0113     51.699    20.1783    36.7031 3.7637e-07       37.6 3.6816e-06       1.10 0.0000e+00
      15177     51.000     50.705    20.1896   5.021161     1.7953     0.0948     0.1206     -1.082    5.09566    7.28221    2.80649    4.01076    121.941    26.0133    26.0108     50.705    20.1800    36.7029 3.9989e-07       40.0 3.9118e-06       1.13 0.0000e+00
      15186     50.000     49.710    20.1914   5.021314     1.7969     0.0989     0.1210     -0.926    5.09549    7.28197    2.82232    4.03337    122.628    26.0128    26.0103     49.711    20.1820    36.7030 4.0986e-07       41.0 4.0093e-06       1.15 0.0000e+00
      15197     49.000     48.716    20.1925   5.021403     1.7988     0.1102     0.1198     -0.718    5.09539    7.28183    2.81601    4.02436    122.354    26.0126    26.0101     48.716    20.1833    36.7031 4.4320e-07       44.3 4.3354e-06       1.19 0.0000e+00
      15206     48.000     47.723    20.1936   5.021433     1.7991     0.1095     0.1203     -0.792    5.09530    7.28169    2.81310    4.02020    122.228    26.0120    26.0096     47.722    20.1846    36.7028 5.0535e-07       50.5 4.9433e-06       1.27 0.0000e+00
