CTD_data/C212_2_3.cnv
* Sea-Bird SBE 25 Data File:
* FileName = C:\CTD_Data\C212_2\C212_2_3.hex
* Software Version Seasave V 7.19
* Temperature SN = 4430
* Conductivity SN = 3138
* System UpLoad Time = May 08 2014 16:53:15
** Ship: Hermano Gines
** Station: Car 212_2
** Operator: Luis Medina
** Latitude: 10 30.10 N
** Longitude: 64 39.86 W
** tercer perfil
# nquan = 24                                
# nvalues = 1815                        
# units = specified
# name 0 = scan: Scan Count
# name 1 = prSM: Pressure, Strain Gauge [db]
# name 2 = depSM: Depth [salt water, m]
# name 3 = t090C: Temperature [ITS-90, deg C]
# name 4 = c0S/m: Conductivity [S/m]
# name 5 = sbeox0V: Oxygen Voltage, SBE 43
# name 6 = flECO-AFL: Fluorescence, Wetlab ECO-AFL/FL [mg/m^3]
# name 7 = bat: Beam Attenuation, Chelsea/Seatech/Wetlab CStar [1/m]
# name 8 = dz/dtM: Descent Rate [m/s]
# name 9 = oxsatML/L: Oxygen Saturation [ml/l]
# name 10 = oxsatMg/L: Oxygen Saturation [mg/l]
# name 11 = sbeox0ML/L: Oxygen, SBE 43 [ml/l], WS = 2
# name 12 = sbeox0Mg/L: Oxygen, SBE 43 [mg/l], WS = 2
# name 13 = sbeox0Mm/Kg: Oxygen, SBE 43 [umol/Kg], WS = 2
# name 14 = sigma-é00: Density [sigma-theta, Kg/m^3]
# name 15 = sigma-t00: Density [sigma-t, Kg/m^3 ]
# name 16 = depSM: Depth [salt water, m], lat = 10.5
# name 17 = potemp090C: Potential Temperature [ITS-90, deg C]
# name 18 = sal00: Salinity [PSU]
# name 19 = E: stability, E [rad^2/m]
# name 20 = E10^-8: stability, E [10^-8 rad^2/m]
# name 21 = N^2: buoyancy frequency, N^2 [rad^2/s^2]
# name 22 = N: buoyancy frequency, N [cycles/h]
# name 23 = flag: flag
# span 0 =        146,      30426       
# span 1 =      1.000,    908.000       
# span 2 =      0.994,    900.882       
# span 3 =    17.2493,    23.9071       
# span 4 =   4.692703,   5.427887       
# span 5 =     0.5245,     2.7878       
# span 6 =    -0.1137,     0.6618       
# span 7 =     0.0384,     0.2784       
# span 8 =     -1.194,      1.031       
# span 9 =    4.76685,    5.39954       
# span 10 =    6.81230,    7.71648      
# span 11 =    0.00348,    4.78100      
# span 12 =    0.00497,    6.83252      
# span 13 =      0.151,    207.755      
# span 14 =    25.0208,    26.4628      
# span 15 =    25.0207,    26.4304      
# span 16 =      0.994,    900.882      
# span 17 =    17.0989,    23.9065      
# span 18 =    36.2656,    36.8401      
# span 19 = -2.545e-08, 6.4480e-05      
# span 20 =       -2.5,     6448.0      
# span 21 = -2.490e-07, 6.3074e-04      
# span 22 =      -0.29,      14.39      
# span 23 = 0.0000e+00, 0.0000e+00      
# interval = decibars: 1                
# start_time = May 08 2014 16:53:15
# bad_flag = -9.990e-29
*END*
[from data line 1510]
      20450    305.000    303.048    17.7332   4.735573     0.5249     0.0021     0.0793     -0.731    5.34632    7.64043    0.00659    0.00942      0.286    26.4000    26.3871    303.048    17.6808    36.3689 2.2381e-07       22.4 2.1893e-06       0.85 0.0000e+00
      20463    304.000    302.055    17.7357   4.735849     0.5250     0.0120     0.0800     -0.629    5.34604    7.64003    0.00593    0.00848      0.258    26.3998    26.3869    302.055    17.6834    36.3695 2.8421e-07       28.4 2.7802e-06       0.96 0.0000e+00
      20474    303.000    301.062    17.7380   4.736073     0.5251 -9.990e-29     0.0809     -0.655    5.34581    7.63969    0.00780    0.01114      0.339    26.3994    26.3865    301.062    17.6859    36.3697 2.9006e-07       29.0 2.8374e-06       0.97 0.0000e+00
      20484    302.000    300.069    17.7395   4.736230     0.5252     0.0099     0.0815     -0.863    5.34564    7.63945    0.00825    0.01179      0.358    26.3992    26.3865    300.069    17.6876    36.3701 3.7339e-07       37.3 3.6525e-06       1.10 0.0000e+00
      20498    301.000    299.076    17.7398   4.736226     0.5252     0.0147     0.0796     -0.513    5.34560    7.63940    0.00673    0.00962      0.292    26.3992    26.3864    299.076    17.6880    36.3702 4.2927e-07       42.9 4.1991e-06       1.17 0.0000e+00
      20509    300.000    298.083    17.7472   4.737140     0.5253    -0.0009     0.0805     -0.622    5.34480    7.63825    0.00749    0.01071      0.326    26.3986    26.3859    298.083    17.6956    36.3719 4.6448e-07       46.4 4.5436e-06       1.22 0.0000e+00
      20518    299.000    297.090    17.7536   4.737854     0.5253     0.0106     0.0805     -0.960    5.34412    7.63728    0.00727    0.01039      0.316    26.3976    26.3849    297.090    17.7022    36.3727 4.9791e-07       49.8 4.8706e-06       1.26 0.0000e+00
      20532    298.000    296.097    17.7502   4.737412     0.5250    -0.0005     0.0767     -0.611    5.34448    7.63779    0.00663    0.00948      0.288    26.3981    26.3855    296.097    17.6989    36.3723 5.1356e-07       51.4 5.0236e-06       1.28 0.0000e+00
      20546    297.000    295.105    17.7654   4.739248     0.5252    -0.0004     0.0789     -0.570    5.34284    7.63545    0.00726    0.01037      0.315    26.3964    26.3838    295.104    17.7143    36.3749 5.3216e-07       53.2 5.2056e-06       1.31 0.0000e+00
      21843    296.000    294.111    17.7673   4.739404     0.5249    -0.0064     0.0825     -0.338    5.34265    7.63517    0.00658    0.00940      0.286    26.3959    26.3833    294.112    17.7163    36.3750 5.0940e-07       50.9 4.9830e-06       1.28 0.0000e+00
      22371    295.000    293.119    17.7705   4.739791     0.5249    -0.0150     0.0852     -0.778    5.34228    7.63466    0.00665    0.00950      0.289    26.3957    26.3832    293.119    17.7197    36.3758 4.5949e-07       45.9 4.4947e-06       1.21 0.0000e+00
      22381    294.000    292.126    17.7727   4.739997     0.5250    -0.0005     0.0857     -1.024    5.34205    7.63433    0.00819    0.01170      0.356    26.3953    26.3828    292.126    17.7221    36.3760 4.3422e-07       43.4 4.2476e-06       1.18 0.0000e+00
      22390    293.000    291.133    17.7757   4.740329     0.5257    -0.0004     0.0839     -0.971    5.34173    7.63386    0.01402    0.02004      0.609    26.3949    26.3825    291.133    17.7253    36.3766 4.3706e-07       43.7 4.2753e-06       1.18 0.0000e+00
      22398    292.000    290.140    17.7773   4.740440     0.5269    -0.0004     0.0816     -0.908    5.34157    7.63364    0.02230    0.03187      0.969    26.3944    26.3820    290.140    17.7270    36.3765 3.5895e-07       35.9 3.5113e-06       1.07 0.0000e+00
      22406    291.000    289.147    17.7791   4.740659     0.5287    -0.0004     0.0860     -1.075    5.34136    7.63334    0.02420    0.03458      1.051    26.3945    26.3821    289.147    17.7290    36.3772 3.8597e-07       38.6 3.7755e-06       1.11 0.0000e+00
      22414    290.000    288.154    17.7830   4.741120     0.5297    -0.0014     0.0986     -0.998    5.34094    7.63273    0.02237    0.03197      0.972    26.3941    26.3818    288.154    17.7331    36.3781 4.0815e-07       40.8 3.9926e-06       1.14 0.0000e+00
      22424    289.000    287.161    17.7879   4.741641     0.5308    -0.0123     0.0872     -0.790    5.34042    7.63199    0.03372    0.04819      1.465    26.3933    26.3810    287.161    17.7381    36.3786 4.1711e-07       41.7 4.0801e-06       1.16 0.0000e+00
      22433    288.000    286.168    17.7882   4.741578     0.5345    -0.0150     0.0964     -0.874    5.34041    7.63198    0.05234    0.07480      2.274    26.3928    26.3806    286.168    17.7386    36.3781 4.0985e-07       41.0 4.0092e-06       1.15 0.0000e+00
      22442    287.000    285.175    17.7948   4.742506     0.5388     0.0019     0.0951     -0.881    5.33965    7.63090    0.05921    0.08462      2.573    26.3931    26.3809    285.175    17.7454    36.3806 3.8673e-07       38.7 3.7830e-06       1.11 0.0000e+00
      22452    286.000    284.182    17.8015   4.743238     0.5415     0.0023     0.0885     -0.840    5.33894    7.62989    0.05486    0.07840      2.384    26.3919    26.3798    284.182    17.7522    36.3813 3.5090e-07       35.1 3.4325e-06       1.06 0.0000e+00
      22461    285.000    283.189    17.8043   4.743549     0.5426    -0.0161     0.0866     -0.860    5.33865    7.62945    0.05439    0.07774      2.364    26.3916    26.3795    283.189    17.7552    36.3819 2.8833e-07       28.8 2.8205e-06       0.96 0.0000e+00
      22471    284.000    282.196    17.8057   4.743667     0.5437    -0.0151     0.0847     -0.822    5.33850    7.62925    0.05680    0.08118      2.468    26.3913    26.3793    282.196    17.7568    36.3820 2.5720e-07       25.7 2.5160e-06       0.91 0.0000e+00
      22480    283.000    281.203    17.8056   4.743606     0.5444    -0.0004     0.0803     -0.830    5.33851    7.62926    0.05915    0.08453      2.570    26.3913    26.3792    281.203    17.7568    36.3820 3.0045e-07       30.0 2.9390e-06       0.98 0.0000e+00
      22489    282.000    280.210    17.8060   4.743619     0.5463 -9.990e-29     0.0826     -0.978    5.33846    7.62920    0.06477    0.09257      2.815    26.3913    26.3793    280.210    17.7574    36.3821 3.2738e-07       32.7 3.2024e-06       1.03 0.0000e+00
      22499    281.000    279.217    17.8065   4.743668     0.5469    -0.0004     0.0752     -0.705    5.33840    7.62910    0.05955    0.08510      2.588    26.3914    26.3794    279.217    17.7581    36.3825 3.2888e-07       32.9 3.2171e-06       1.03 0.0000e+00
      22508    280.000    278.225    17.8076   4.743768     0.5468 -9.990e-29     0.0798     -0.861    5.33828    7.62893    0.05836    0.08340      2.536    26.3913    26.3793    278.224    17.7593    36.3828 3.4787e-07       34.8 3.4029e-06       1.06 0.0000e+00
      22517    279.000    277.231    17.8168   4.744895     0.5473 -9.990e-29     0.0761     -0.977    5.33728    7.62751    0.06455    0.09225      2.805    26.3904    26.3785    277.231    17.7687    36.3846 3.9849e-07       39.8 3.8980e-06       1.13 0.0000e+00
      22526    278.000    276.238    17.8216   4.745315     0.5481     0.0048     0.0717     -0.788    5.33680    7.62682    0.06910    0.09875      3.003    26.3889    26.3771    276.238    17.7737    36.3844 4.5851e-07       45.9 4.4851e-06       1.21 0.0000e+00
      22535    277.000    275.245    17.8242   4.745663     0.5504    -0.0002     0.0714     -0.980    5.33650    7.62639    0.08405    0.12012      3.652    26.3891    26.3773    275.245    17.7764    36.3854 4.9790e-07       49.8 4.8705e-06       1.26 0.0000e+00
      22545    276.000    274.252    17.8259   4.745798     0.5539 -9.990e-29     0.0698     -0.768    5.33633    7.62615    0.08604    0.12295      3.739    26.3886    26.3769    274.252    17.7783    36.3854 5.2784e-07       52.8 5.1633e-06       1.30 0.0000e+00
      22554    275.000    273.259    17.8262   4.745812     0.5549 -9.990e-29     0.0705     -0.804    5.33629    7.62609    0.08299    0.11861      3.606    26.3887    26.3770    273.259    17.7788    36.3857 5.4310e-07       54.3 5.3126e-06       1.32 0.0000e+00
      22562    274.000    272.266    17.8350   4.746866     0.5557    -0.0004     0.0720     -1.025    5.33534    7.62473    0.08518    0.12174      3.701    26.3877    26.3760    272.266    17.7877    36.3873 5.1386e-07       51.4 5.0266e-06       1.28 0.0000e+00
      22572    273.000    271.273    17.8389   4.747279     0.5568    -0.0004     0.0681     -0.835    5.33493    7.62415    0.08619    0.12317      3.745    26.3871    26.3754    271.273    17.7918    36.3878 4.9379e-07       49.4 4.8303e-06       1.26 0.0000e+00
      22580    272.000    270.280    17.8418   4.747597     0.5575     0.0328     0.0657     -0.838    5.33461    7.62370    0.09056    0.12943      3.935    26.3867    26.3751    270.280    17.7949    36.3883 5.4695e-07       54.7 5.3503e-06       1.33 0.0000e+00
      22589    271.000    269.287    17.8485   4.748407     0.5586     0.0030     0.0657     -1.011    5.33389    7.62265    0.09354    0.13368      4.065    26.3861    26.3745    269.287    17.8017    36.3897 5.6121e-07       56.1 5.4897e-06       1.34 0.0000e+00
      22598    270.000    268.294    17.8510   4.748588     0.5603     0.0111     0.0652     -0.950    5.33364    7.62231    0.10159    0.14519      4.415    26.3852    26.3737    268.294    17.8044    36.3894 5.8129e-07       58.1 5.6862e-06       1.37 0.0000e+00
      22609    269.000    267.301    17.8524   4.748729     0.5623     0.0143     0.0583     -0.753    5.33349    7.62209    0.10083    0.14410      4.381    26.3851    26.3736    267.301    17.8060    36.3897 5.4980e-07       55.0 5.3782e-06       1.33 0.0000e+00
      22619    268.000    266.308    17.8587   4.749527     0.5633    -0.0081     0.0579     -0.674    5.33279    7.62109    0.10394    0.14855      4.517    26.3847    26.3733    266.308    17.8124    36.3914 5.2505e-07       52.5 5.1361e-06       1.30 0.0000e+00
      22628    267.000    265.315    17.8627   4.749889     0.5646     0.0068     0.0619     -0.901    5.33239    7.62052    0.10714    0.15312      4.656    26.3837    26.3723    265.315    17.8166    36.3913 4.9365e-07       49.4 4.8289e-06       1.26 0.0000e+00
      22638    266.000    264.322    17.8659   4.750257     0.5654    -0.0020     0.0596     -0.877    5.33204    7.62002    0.10809    0.15447      4.697    26.3834    26.3720    264.322    17.8200    36.3920 4.4256e-07       44.3 4.3291e-06       1.19 0.0000e+00
      22647    265.000    263.329    17.8687   4.750509     0.5666     0.0145     0.0591     -0.815    5.33176    7.61961    0.10770    0.15392      4.680    26.3827    26.3713    263.329    17.8229    36.3920 3.9113e-07       39.1 3.8261e-06       1.12 0.0000e+00
      22655    264.000    262.336    17.8724   4.750957     0.5664    -0.0072     0.0584     -0.962    5.33135    7.61903    0.10399    0.14860      4.518    26.3824    26.3711    262.336    17.8268    36.3930 3.8419e-07       38.4 3.7582e-06       1.11 0.0000e+00
      22667    263.000    261.342    17.8737   4.751068     0.5657    -0.0077     0.0526     -0.723    5.33121    7.61884    0.09917    0.14172      4.309    26.3822    26.3710    261.343    17.8283    36.3932 3.5334e-07       35.3 3.4564e-06       1.07 0.0000e+00
      22677    262.000    260.350    17.8744   4.751097     0.5655    -0.0077     0.0567     -0.655    5.33114    7.61873    0.10417    0.14887      4.527    26.3820    26.3708    260.350    17.8291    36.3932 3.3471e-07       33.5 3.2742e-06       1.04 0.0000e+00
      22686    261.000    259.357    17.8751   4.751136     0.5658 -9.990e-29     0.0576     -0.921    5.33107    7.61863    0.10774    0.15398      4.682    26.3819    26.3707    259.357    17.8300    36.3933 3.9286e-07       39.3 3.8429e-06       1.12 0.0000e+00
      22695    260.000    258.364    17.8782   4.751509     0.5668    -0.0077     0.0544     -0.834    5.33072    7.61814    0.11490    0.16421      4.993    26.3817    26.3706    258.364    17.8333    36.3941 4.6236e-07       46.2 4.5228e-06       1.22 0.0000e+00
      22705    259.000    257.370    17.8853   4.752354     0.5698 -9.990e-29     0.0529     -0.931    5.32996    7.61704    0.13565    0.19386      5.895    26.3809    26.3698    257.371    17.8405    36.3954 5.4312e-07       54.3 5.3128e-06       1.32 0.0000e+00
      22718    258.000    256.377    17.8870   4.752526     0.5780 -9.990e-29     0.0518     -0.579    5.32978    7.61678    0.17619    0.25179      7.656    26.3807    26.3697    256.378    17.8424    36.3958 5.8236e-07       58.2 5.6966e-06       1.37 0.0000e+00
      22730    257.000    255.384    17.8933   4.753265     0.5945 -9.990e-29     0.0512     -0.638    5.32910    7.61581    0.29128    0.41627     12.657    26.3800    26.3690    255.384    17.8489    36.3969 6.5038e-07       65.0 6.3620e-06       1.45 0.0000e+00
      22740    256.000    254.391    17.9004   4.754025     0.6261    -0.0056     0.0534     -0.818    5.32836    7.61475    0.37750    0.53948     16.403    26.3786    26.3676    254.391    17.8561    36.3975 7.2380e-07       72.4 7.0802e-06       1.52 0.0000e+00
      22751    255.000    253.398    17.9039   4.754344     0.6449    -0.0229     0.0527     -0.710    5.32800    7.61425    0.32495    0.46439     14.120    26.3777    26.3668    253.398    17.8598    36.3975 7.7012e-07       77.0 7.5333e-06       1.57 0.0000e+00
      22761    254.000    252.405    17.9058   4.754497     0.6478 -9.990e-29     0.0550     -0.807    5.32781    7.61397    0.33107    0.47313     14.386    26.3772    26.3663    252.405    17.8619    36.3975 7.6646e-07       76.6 7.4975e-06       1.57 0.0000e+00
      22774    253.000    251.412    17.9072   4.754667     0.6643 -9.990e-29     0.0574     -0.597    5.32765    7.61374    0.40871    0.58409     17.760    26.3773    26.3664    251.412    17.8635    36.3981 7.4594e-07       74.6 7.2968e-06       1.55 0.0000e+00
      22784    252.000    250.419    17.9204   4.756289     0.6766 -9.990e-29     0.0571     -0.608    5.32622    7.61170    0.41238    0.58933     17.919    26.3759    26.3651    250.419    17.8768    36.4006 6.6904e-07       66.9 6.5446e-06       1.47 0.0000e+00
      22792    251.000    249.425    17.9267   4.756960     0.6833     0.0020     0.0582     -1.059    5.32557    7.61077    0.41855    0.59815     18.187    26.3747    26.3640    249.426    17.8833    36.4012 5.7012e-07       57.0 5.5769e-06       1.35 0.0000e+00
      22802    250.000    248.432    17.9300   4.757281     0.6887     0.0069     0.0560     -0.872    5.32523    7.61028    0.41279    0.58991     17.937    26.3740    26.3633    248.433    17.8867    36.4014 4.8043e-07       48.0 4.6996e-06       1.24 0.0000e+00
      22813    249.000    247.440    17.9320   4.757498     0.6916 -9.990e-29     0.0581     -0.673    5.32501    7.60997    0.40877    0.58418     17.762    26.3738    26.3632    247.440    17.8889    36.4018 4.5219e-07       45.2 4.4234e-06       1.21 0.0000e+00
      22823    248.000    246.446    17.9328   4.757536     0.6920 -9.990e-29     0.0593     -0.794    5.32493    7.60985    0.39229    0.56062     17.046    26.3736    26.3630    246.446    17.8899    36.4018 4.1160e-07       41.2 4.0263e-06       1.15 0.0000e+00
      22832    247.000    245.453    17.9340   4.757653     0.6876 -9.990e-29     0.0580     -0.791    5.32479    7.60966    0.35392    0.50578     15.379    26.3735    26.3629    245.453    17.8912    36.4022 3.5508e-07       35.5 3.4734e-06       1.07 0.0000e+00
