CTD_data/C212_2_2.cnv
* Sea-Bird SBE 25 Data File:
* FileName = C:\CTD_Data\C212_2\C212_2_2.hex
* Software Version Seasave V 7.19
* Temperature SN = 4430
* Conductivity SN = 3138
* System UpLoad Time = May 08 2014 08:05:43
** Ship: Hermano gines
** Station: Cae 212_2
** Operator: Luis Medina
** Latitude: 10 29 86 N
** Longitude: 64 40 14 W
** segundo perfil
# nquan = 24                                
# nvalues = 712                         
# units = specified
# name 0 = scan: Scan Count
# name 1 = prSM: Pressure, Strain Gauge [db]
# name 2 = depSM: Depth [salt water, m]
# name 3 = t090C: Temperature [ITS-90, deg C]
# name 4 = c0S/m: Conductivity [S/m]
# name 5 = sbeox0V: Oxygen Voltage, SBE 43
# name 6 = flECO-AFL: Fluorescence, Wetlab ECO-AFL/FL [mg/m^3]
# name 7 = bat: Beam Attenuation, Chelsea/Seatech/Wetlab CStar [1/m]
# name 8 = dz/dtM: Descent Rate [m/s]
# name 9 = oxsatML/L: Oxygen Saturation [ml/l]
# name 10 = oxsatMg/L: Oxygen Saturation [mg/l]
# name 11 = sbeox0ML/L: Oxygen, SBE 43 [ml/l], WS = 2
# name 12 = sbeox0Mg/L: Oxygen, SBE 43 [mg/l], WS = 2
# name 13 = sbeox0Mm/Kg: Oxygen, SBE 43 [umol/Kg], WS = 2
# name 14 = sigma-é00: Density [sigma-theta, Kg/m^3]
# name 15 = sigma-t00: Density [sigma-t, Kg/m^3 ]
# name 16 = depSM: Depth [salt water, m], lat = 10.5
# name 17 = potemp090C: Potential Temperature [ITS-90, deg C]
# name 18 = sal00: Salinity [PSU]
# name 19 = E: stability, E [rad^2/m]
# name 20 = E10^-8: stability, E [10^-8 rad^2/m]
# name 21 = N^2: buoyancy frequency, N^2 [rad^2/s^2]
# name 22 = N: buoyancy frequency, N [cycles/h]
# name 23 = flag: flag
# span 0 =         47,      15792       
# span 1 =      0.000,    356.000       
# span 2 =      0.000,    353.678       
# span 3 =    17.6182,    23.2441       
# span 4 =   4.723761,   5.354930       
# span 5 =     0.5251,     2.7767       
# span 6 =    -1.7110,     8.7982       
# span 7 =     0.0408,     0.3586       
# span 8 =     -1.354,      1.240       
# span 9 =    4.82236,    5.35871       
# span 10 =    6.89164,    7.65814      
# span 11 =    0.00585,    4.66670      
# span 12 =    0.00835,    6.66917      
# span 13 =      0.254,    202.799      
# span 14 =    25.2083,    26.4161      
# span 15 =    25.2082,    26.4011      
# span 16 =      0.000,    353.678      
# span 17 =    17.5572,    23.2437      
# span 18 =    36.3500,    36.8176      
# span 19 = 6.4832e-08, 5.0490e-05      
# span 20 =        6.5,     5049.0      
# span 21 = 6.3419e-07, 4.9389e-04      
# span 22 =       0.46,      12.73      
# span 23 = 0.0000e+00, 0.0000e+00      
# interval = decibars: 1                
# start_time = May 08 2014 08:05:43
# bad_flag = -9.990e-29
*END*
[from data line 484]
      11152    227.000    225.589    17.9180   4.755118     0.6165     0.0020     0.0481     -0.704    5.32641    7.61197    0.25540    0.36499     11.098    26.3767    26.3670    225.589    17.8788    36.4023 4.3240e-07       43.2 4.2297e-06       1.18 0.0000e+00
      11161    226.000    224.596    17.9184   4.755104     0.6226    -0.0151     0.0473     -0.794    5.32638    7.61192    0.26713    0.38175     11.607    26.3765    26.3668    224.596    17.8793    36.4022 4.7101e-07       47.1 4.6074e-06       1.23 0.0000e+00
      11169    225.000    223.603    17.9241   4.755826     0.6269    -0.0022     0.0475     -1.071    5.32575    7.61103    0.27553    0.39376     11.973    26.3762    26.3666    223.603    17.8852    36.4037 5.5595e-07       55.6 5.4383e-06       1.34 0.0000e+00
      11180    224.000    222.610    17.9334   4.756935     0.6331 -9.990e-29     0.0455     -0.828    5.32475    7.60960    0.29279    0.41842     12.722    26.3751    26.3655    222.610    17.8947    36.4054 6.1173e-07       61.2 5.9839e-06       1.40 0.0000e+00
      11192    223.000    221.617    17.9404   4.757739     0.6422 -9.990e-29     0.0450     -0.552    5.32401    7.60854    0.31406    0.44882     13.647    26.3742    26.3646    221.616    17.9018    36.4064 6.6576e-07       66.6 6.5125e-06       1.46 0.0000e+00
      11201    222.000    220.623    17.9429   4.757928     0.6466    -0.0150     0.0453     -0.790    5.32377    7.60819    0.30887    0.44140     13.421    26.3733    26.3638    220.623    17.9045    36.4062 5.8142e-07       58.1 5.6874e-06       1.37 0.0000e+00
      11209    221.000    219.630    17.9506   4.758991     0.6479    -0.0069     0.0458     -1.013    5.32290    7.60695    0.29770    0.42545     12.936    26.3734    26.3639    219.630    17.9123    36.4089 5.8633e-07       58.6 5.7355e-06       1.37 0.0000e+00
      11219    220.000    218.637    17.9570   4.759642     0.6470     0.0028     0.0465     -0.921    5.32224    7.60601    0.29144    0.41649     12.664    26.3720    26.3625    218.637    17.9189    36.4091 5.3563e-07       53.6 5.2396e-06       1.31 0.0000e+00
      11231    219.000    217.643    17.9589   4.759849     0.6474    -0.0158     0.0464     -0.638    5.32203    7.60571    0.29967    0.42826     13.021    26.3718    26.3624    217.643    17.9210    36.4096 4.8175e-07       48.2 4.7125e-06       1.24 0.0000e+00
      11240    218.000    216.650    17.9602   4.759865     0.6479 -9.990e-29     0.0464     -0.814    5.32192    7.60555    0.30117    0.43040     13.087    26.3710    26.3616    216.650    17.9225    36.4090 5.5846e-07       55.8 5.4628e-06       1.34 0.0000e+00
      11250    217.000    215.657    17.9560   4.759461     0.6508 -9.990e-29     0.0459     -0.866    5.32232    7.60614    0.33270    0.47547     14.457    26.3725    26.3632    215.657    17.9184    36.4096 6.1556e-07       61.6 6.0214e-06       1.41 0.0000e+00
      11259    216.000    214.663    17.9674   4.760714     0.6587    -0.0004     0.0476     -0.803    5.32113    7.60443    0.36217    0.51758     15.737    26.3704    26.3611    214.663    17.9300    36.4106 6.4200e-07       64.2 6.2800e-06       1.44 0.0000e+00
      11268    215.000    213.670    17.9661   4.760526     0.6657    -0.0025     0.0521     -0.883    5.32127    7.60463    0.36561    0.52249     15.887    26.3706    26.3613    213.670    17.9289    36.4105 6.2036e-07       62.0 6.0684e-06       1.41 0.0000e+00
      11277    214.000    212.677    17.9805   4.762414     0.6685    -0.0076     0.0464     -0.919    5.31969    7.60237    0.35303    0.50452     15.340    26.3699    26.3607    212.677    17.9434    36.4143 6.6238e-07       66.2 6.4794e-06       1.46 0.0000e+00
      11289    213.000    211.683    17.9957   4.764083     0.6701    -0.0003     0.0467     -0.674    5.31812    7.60012    0.35990    0.51433     15.639    26.3670    26.3578    211.684    17.9588    36.4155 6.4827e-07       64.8 6.3414e-06       1.44 0.0000e+00
      11300    212.000    210.690    17.9937   4.763761     0.6736    -0.0004     0.0532     -0.702    5.31833    7.60043    0.37370    0.53406     16.238    26.3669    26.3578    210.690    17.9569    36.4149 6.5145e-07       65.1 6.3725e-06       1.45 0.0000e+00
      11310    211.000    209.697    17.9912   4.763405     0.6769    -0.0077     0.0505     -0.866    5.31860    7.60082    0.37589    0.53719     16.333    26.3672    26.3581    209.697    17.9546    36.4144 5.4405e-07       54.4 5.3219e-06       1.32 0.0000e+00
      11320    210.000    208.704    18.0001   4.764583     0.6787    -0.0055     0.0516     -0.735    5.31762    7.59941    0.37676    0.53843     16.371    26.3669    26.3578    208.704    17.9637    36.4170 4.3292e-07       43.3 4.2348e-06       1.18 0.0000e+00
      11329    209.000    207.710    18.0026   4.764757     0.6802    -0.0006     0.0513     -0.884    5.31738    7.59907    0.37760    0.53964     16.408    26.3660    26.3570    207.710    17.9664    36.4166 3.5816e-07       35.8 3.5035e-06       1.07 0.0000e+00
      11339    208.000    206.716    18.0026   4.764742     0.6807    -0.0004     0.0505     -0.848    5.31737    7.59905    0.37708    0.53889     16.385    26.3661    26.3571    206.717    17.9665    36.4169 3.4700e-07       34.7 3.3943e-06       1.06 0.0000e+00
      11350    207.000    205.724    18.0053   4.765002     0.6842    -0.0004     0.0504     -0.656    5.31709    7.59865    0.41149    0.58807     17.881    26.3656    26.3566    205.724    17.9694    36.4171 4.1436e-07       41.4 4.0533e-06       1.15 0.0000e+00
      11360    206.000    204.730    18.0046   4.764803     0.6923    -0.0079     0.0508     -0.790    5.31718    7.59879    0.43587    0.62290     18.940    26.3652    26.3563    204.730    17.9689    36.4164 4.3816e-07       43.8 4.2861e-06       1.19 0.0000e+00
      11370    205.000    203.737    18.0050   4.765000     0.6978    -0.0077     0.0515     -0.850    5.31709    7.59865    0.43172    0.61697     18.759    26.3663    26.3575    203.737    17.9695    36.4181 5.5668e-07       55.7 5.4455e-06       1.34 0.0000e+00
      11379    204.000    202.744    18.0209   4.766927     0.6995    -0.0077     0.0519     -0.816    5.31539    7.59622    0.42081    0.60138     18.285    26.3645    26.3556    202.744    17.9855    36.4209 6.9694e-07       69.7 6.8175e-06       1.50 0.0000e+00
      11388    203.000    201.750    18.0269   4.767467     0.7010    -0.0001     0.0522     -0.878    5.31479    7.59537    0.44238    0.63220     19.222    26.3627    26.3539    201.750    17.9917    36.4206 8.2542e-07       82.5 8.0743e-06       1.63 0.0000e+00
      11400    202.000    200.757    18.0240   4.767066     0.7079     0.0031     0.0537     -0.802    5.31510    7.59581    0.45990    0.65725     19.984    26.3630    26.3543    200.757    17.9889    36.4201 1.0756e-06      107.6 1.0522e-05       1.86 0.0000e+00
      11415    201.000    199.763    18.0326   4.768279     0.7151 -9.990e-29     0.0566     -0.436    5.31413    7.59443    0.47604    0.68031     20.685    26.3632    26.3545    199.763    17.9977    36.4232 1.3018e-06      130.2 1.2734e-05       2.04 0.0000e+00
      11426    200.000    198.770    18.0486   4.770036     0.7182 -9.990e-29     0.0554     -0.682    5.31248    7.59206    0.48023    0.68629     20.867    26.3601    26.3514    198.770    18.0139    36.4244 1.3585e-06      135.9 1.3289e-05       2.09 0.0000e+00
      11441    199.000    197.777    18.0590   4.771231     0.7377    -0.0077     0.0531     -0.556    5.31138    7.59049    0.58335    0.83367     25.348    26.3585    26.3499    197.777    18.0244    36.4258 1.3801e-06      138.0 1.3500e-05       2.11 0.0000e+00
      11461    198.000    196.783    18.0751   4.773446     0.7683    -0.0083     0.0560     -0.372    5.30960    7.58794    0.62636    0.89512     27.216    26.3583    26.3497    196.783    18.0407    36.4308 1.3554e-06      135.5 1.3258e-05       2.09 0.0000e+00
      11475    197.000    195.790    18.1026   4.776631     0.7719     0.0087     0.0559     -0.546    5.30672    7.58383    0.57860    0.82687     25.141    26.3539    26.3453    195.790    18.0683    36.4340 1.3331e-06      133.3 1.3041e-05       2.07 0.0000e+00
      11486    196.000    194.797    18.1109   4.777580     0.7751 -9.990e-29     0.0562     -0.734    5.30585    7.58258    0.62439    0.89231     27.131    26.3526    26.3441    194.797    18.0768    36.4351 1.2011e-06      120.1 1.1749e-05       1.96 0.0000e+00
      11502    195.000    193.803    18.0958   4.775635     0.7839 -9.990e-29     0.0565     -0.474    5.30746    7.58489    0.63026    0.90071     27.386    26.3542    26.3457    193.803    18.0619    36.4323 9.8263e-07       98.3 9.6121e-06       1.78 0.0000e+00
      11517    194.000    192.810    18.1139   4.777739     0.7883    -0.0102     0.0584     -0.556    5.30556    7.58217    0.63799    0.91174     27.722    26.3514    26.3429    192.810    18.0801    36.4346 8.0716e-07       80.7 7.8957e-06       1.61 0.0000e+00
      11530    193.000    191.816    18.1133   4.777654     0.7913    -0.0136     0.0594     -0.607    5.30561    7.58225    0.63842    0.91237     27.741    26.3516    26.3432    191.816    18.0797    36.4348 6.7510e-07       67.5 6.6038e-06       1.47 0.0000e+00
      11543    192.000    190.823    18.1174   4.778116     0.7936    -0.0056     0.0587     -0.658    5.30518    7.58162    0.64810    0.92620     28.161    26.3511    26.3427    190.823    18.0840    36.4355 5.5973e-07       56.0 5.4753e-06       1.34 0.0000e+00
      11555    191.000    189.829    18.1174   4.778034     0.7981    -0.0016     0.0633     -0.637    5.30518    7.58164    0.67307    0.96189     29.247    26.3508    26.3425    189.830    18.0841    36.4352 6.8874e-07       68.9 6.7373e-06       1.49 0.0000e+00
      11568    190.000    188.836    18.1229   4.778677     0.8109 -9.990e-29     0.0579     -0.605    5.30460    7.58081    0.73969    1.05709     32.141    26.3502    26.3419    188.836    18.0898    36.4361 9.2002e-07       92.0 8.9997e-06       1.72 0.0000e+00
      11581    189.000    187.843    18.1261   4.779110     0.8241    -0.0150     0.0558     -0.631    5.30424    7.58029    0.71843    1.02670     31.217    26.3503    26.3420    187.843    18.0932    36.4374 1.0666e-06      106.7 1.0434e-05       1.85 0.0000e+00
      11592    188.000    186.849    18.1405   4.780958     0.8250    -0.0004     0.0569     -0.705    5.30268    7.57806    0.75023    1.07216     32.599    26.3492    26.3410    186.849    18.1077    36.4408 1.3558e-06      135.6 1.3262e-05       2.09 0.0000e+00
      11609    187.000    185.856    18.1511   4.782132     0.8482     0.0026     0.0594     -0.403    5.30159    7.57649    0.81201    1.16044     35.283    26.3473    26.3392    185.856    18.1185    36.4418 1.5828e-06      158.3 1.5483e-05       2.25 0.0000e+00
      11625    186.000    184.863    18.1767   4.785392     0.8619 -9.990e-29     0.0651     -0.606    5.29883    7.57256    0.84072    1.20147     36.531    26.3451    26.3370    184.862    18.1442    36.4473 1.7160e-06      171.6 1.6785e-05       2.35 0.0000e+00
      11642    185.000    183.869    18.1857   4.786250     0.8849    -0.0175     0.0604     -0.439    5.29793    7.57127    0.92374    1.32012     40.138    26.3426    26.3345    183.869    18.1534    36.4470 1.8222e-06      182.2 1.7825e-05       2.42 0.0000e+00
      11658    184.000    182.876    18.2038   4.788480     0.9094    -0.0150     0.0598     -0.508    5.29601    7.56852    0.94416    1.34931     41.026    26.3406    26.3325    182.876    18.1717    36.4503 1.7005e-06      170.0 1.6634e-05       2.34 0.0000e+00
      11669    183.000    181.882    18.2229   4.790767     0.9126    -0.0012     0.0617     -0.730    5.29399    7.56565    0.92656    1.32415     40.261    26.3380    26.3300    181.882    18.1909    36.4533 1.6738e-06      167.4 1.6373e-05       2.32 0.0000e+00
      11688    182.000    180.889    18.2290   4.791345     0.9221    -0.0004     0.0617     -0.352    5.29338    7.56478    0.95381    1.36310     41.445    26.3364    26.3284    180.889    18.1972    36.4532 1.6515e-06      165.2 1.6155e-05       2.30 0.0000e+00
      11701    181.000    179.895    18.2321   4.791699     0.9229    -0.0078     0.0637     -0.568    5.29306    7.56431    0.94272    1.34724     40.962    26.3360    26.3281    179.895    18.2005    36.4538 1.6463e-06      164.6 1.6104e-05       2.30 0.0000e+00
      11711    180.000    178.902    18.2450   4.793167     0.9289 -9.990e-29     0.0648     -0.861    5.29171    7.56239    0.97855    1.39845     42.520    26.3339    26.3260    178.902    18.2135    36.4553 1.5614e-06      156.1 1.5274e-05       2.24 0.0000e+00
      11728    179.000    177.908    18.2369   4.792366     0.9394    -0.0065     0.0647     -0.354    5.29250    7.56351    0.99631    1.42383     43.291    26.3364    26.3286    177.908    18.2056    36.4560 1.4040e-06      140.4 1.3734e-05       2.12 0.0000e+00
      11741    178.000    176.915    18.2675   4.795908     0.9448    -0.0006     0.0662     -0.626    5.28932    7.55897    0.99947    1.42835     43.429    26.3313    26.3235    176.915    18.2363    36.4595 1.3323e-06      133.2 1.3033e-05       2.07 0.0000e+00
      11757    177.000    175.922    18.2833   4.797725     0.9470    -0.0077     0.0701     -0.499    5.28768    7.55662    0.99269    1.41865     43.134    26.3288    26.3210    175.921    18.2523    36.4613 1.4653e-06      146.5 1.4333e-05       2.17 0.0000e+00
      11772    176.000    174.928    18.2946   4.798963     0.9475    -0.0077     0.0728     -0.533    5.28652    7.55497    0.98825    1.41230     42.941    26.3266    26.3188    174.928    18.2638    36.4622 1.4308e-06      143.1 1.3997e-05       2.14 0.0000e+00
      11784    175.000    173.934    18.2938   4.798858     0.9471    -0.0077     0.0742     -0.682    5.28660    7.55507    0.99471    1.42153     43.221    26.3269    26.3192    173.934    18.2631    36.4624 1.7361e-06      173.6 1.6983e-05       2.36 0.0000e+00
      11803    174.000    172.941    18.2895   4.798350     0.9555     0.0002     0.0761     -0.359    5.28703    7.55569    1.04974    1.50018     45.612    26.3278    26.3202    172.941    18.2590    36.4623 2.2400e-06      224.0 2.1912e-05       2.68 0.0000e+00
      11818    173.000    171.948    18.3031   4.799886     0.9669    -0.0036     0.0759     -0.520    5.28562    7.55368    1.05004    1.50062     45.626    26.3254    26.3178    171.947    18.2728    36.4637 2.4620e-06      246.2 2.4084e-05       2.81 0.0000e+00
      11831    172.000    170.954    18.3315   4.803205     0.9802    -0.0075     0.0757     -0.690    5.28267    7.54947    1.13993    1.62907     49.531    26.3209    26.3133    170.954    18.3013    36.4672 3.2153e-06      321.5 3.1452e-05       3.21 0.0000e+00
      11850    171.000    169.960    18.3356   4.804113     1.0052    -0.0112     0.0773     -0.264    5.28212    7.54867    1.14030    1.62961     49.548    26.3233    26.3157    169.960    18.3056    36.4716 4.1886e-06      418.9 4.0973e-05       3.67 0.0000e+00
      11892    170.000    168.967    18.3905   4.810413     1.0150    -0.0102     0.0812     -0.494    5.27647    7.54060    1.14428    1.63530     49.721    26.3135    26.3060    168.967    18.3606    36.4770 5.1056e-06      510.6 4.9943e-05       4.05 0.0000e+00
      12087    169.000    167.974    18.4385   4.816272     1.0584    -0.0104     0.0885     -0.400    5.27144    7.53342    1.26809    1.81222     55.100    26.3072    26.2997    167.973    18.4087    36.4846 5.6347e-06      563.5 5.5119e-05       4.25 0.0000e+00
