CTD_data/C212_2_1.cnv
* Sea-Bird SBE 25 Data File:
* FileName = C:\CTD_Data\C212_2\C212_2_1.hex
* Software Version Seasave V 7.19
* Temperature SN = 4430
* Conductivity SN = 3138
* System UpLoad Time = May 07 2014 16:27:21
** Ship: Hermano Gines
** Station: Car 212
** Operator: Luis Medina
** Latitude: 10 29.75
** Longitude: 64 39.95
** primer perfil
# nquan = 24                                
# nvalues = 2540                        
# units = specified
# name 0 = scan: Scan Count
# name 1 = prSM: Pressure, Strain Gauge [db]
# name 2 = depSM: Depth [salt water, m]
# name 3 = t090C: Temperature [ITS-90, deg C]
# name 4 = c0S/m: Conductivity [S/m]
# name 5 = sbeox0V: Oxygen Voltage, SBE 43
# name 6 = flECO-AFL: Fluorescence, Wetlab ECO-AFL/FL [mg/m^3]
# name 7 = bat: Beam Attenuation, Chelsea/Seatech/Wetlab CStar [1/m]
# name 8 = dz/dtM: Descent Rate [m/s]
# name 9 = oxsatML/L: Oxygen Saturation [ml/l]
# name 10 = oxsatMg/L: Oxygen Saturation [mg/l]
# name 11 = sbeox0ML/L: Oxygen, SBE 43 [ml/l], WS = 2
# name 12 = sbeox0Mg/L: Oxygen, SBE 43 [mg/l], WS = 2
# name 13 = sbeox0Mm/Kg: Oxygen, SBE 43 [umol/Kg], WS = 2
# name 14 = sigma-é00: Density [sigma-theta, Kg/m^3]
# name 15 = sigma-t00: Density [sigma-t, Kg/m^3 ]
# name 16 = depSM: Depth [salt water, m], lat = 10.5
# name 17 = potemp090C: Potential Temperature [ITS-90, deg C]
# name 18 = sal00: Salinity [PSU]
# name 19 = E: stability, E [rad^2/m]
# name 20 = E10^-8: stability, E [10^-8 rad^2/m]
# name 21 = N^2: buoyancy frequency, N^2 [rad^2/s^2]
# name 22 = N: buoyancy frequency, N [cycles/h]
# name 23 = flag: flag
# span 0 =        190,      40418       
# span 1 =      0.000,   1270.000       
# span 2 =     -0.000,   1258.958       
# span 3 =    17.2476,    23.7824       
# span 4 =   4.693086,   5.409838       
# span 5 =     0.5240,     3.0331       
# span 6 =    -0.1117,     1.4721       
# span 7 =     0.0385,     0.6393       
# span 8 =     -1.423,      1.362       
# span 9 =    4.77810,    5.39976       
# span 10 =    6.82839,    7.71680      
# span 11 = -1.025e+62, 2.0838e+61      
# span 12 = -1.465e+62, 2.9780e+61      
# span 13 = -4.456e+63, 9.0541e+62      
# span 14 =    25.0316,    26.4654      
# span 15 =    25.0314,    26.4307      
# span 16 =      0.000,   1258.959      
# span 17 =    17.0684,    23.7818      
# span 18 =    36.2595,    36.8103      
# span 19 = -4.568e-07, 6.3864e-05      
# span 20 =      -45.7,     6386.4      
# span 21 = -4.468e-06, 6.2472e-04      
# span 22 =      -1.21,      14.32      
# span 23 = 0.0000e+00, 0.0000e+00      
# interval = decibars: 1                
# start_time = May 07 2014 16:27:21
# bad_flag = -9.990e-29
*END*
[from data line 604]
       6719    605.000    600.693    17.2956   4.693957     0.5252     0.0364     0.0427      0.792    5.39416    7.70879    0.00583    0.00834      0.253    26.4548    26.4299    600.693    17.1927    36.2852 4.6282e-08        4.6 4.5273e-07       0.39 0.0000e+00
       6730    606.000    601.685    17.2953   4.693933     0.5250     0.0409     0.0433      0.767    5.39420    7.70885    0.00785    0.01121      0.341    26.4547    26.4297    601.685    17.1922    36.2849 3.9026e-08        3.9 3.8175e-07       0.35 0.0000e+00
       6742    607.000    602.676    17.2953   4.694012     0.5252 -9.990e-29     0.0415      0.625    5.39419    7.70883    0.00768    0.01097      0.334    26.4549    26.4299    602.676    17.1920    36.2852 2.7437e-08        2.7 2.6839e-07       0.30 0.0000e+00
       6754    608.000    603.668    17.2956   4.694066     0.5252     0.0362     0.0413      0.708    5.39416    7.70880    0.00744    0.01063      0.323    26.4548    26.4297    603.667    17.1921    36.2850 2.4670e-08        2.5 2.4132e-07       0.28 0.0000e+00
       6766    609.000    604.659    17.2956   4.694110     0.5251     0.0362     0.0408      0.584    5.39416    7.70880    0.00679    0.00970      0.295    26.4548    26.4297    604.659    17.1920    36.2850 2.2576e-08        2.3 2.2084e-07       0.27 0.0000e+00
       6776    610.000    605.650    17.2957   4.694146     0.5251     0.0337     0.0422      0.767    5.39416    7.70879    0.00876    0.01252      0.381    26.4547    26.4296    605.650    17.1919    36.2849 2.6742e-08        2.7 2.6159e-07       0.29 0.0000e+00
       6784    611.000    606.642    17.2957   4.694193     0.5253     0.0335     0.0421      0.986    5.39416    7.70879    0.00763    0.01091      0.332    26.4548    26.4296    606.642    17.1917    36.2849 3.0680e-08        3.1 3.0012e-07       0.31 0.0000e+00
       6797    612.000    607.633    17.2953   4.694167     0.5252     0.0390     0.0421      0.658    5.39420    7.70886    0.00759    0.01085      0.330    26.4547    26.4295    607.633    17.1912    36.2847 3.2911e-08        3.3 3.2194e-07       0.33 0.0000e+00
       6811    613.000    608.624    17.2953   4.694234     0.5252     0.0361     0.0404      0.465    5.39420    7.70885    0.00717    0.01025      0.312    26.4549    26.4297    608.625    17.1910    36.2849 5.6299e-08        5.6 5.5071e-07       0.43 0.0000e+00
       6819    614.000    609.616    17.2944   4.694154     0.5253     0.0362     0.0408      0.934    5.39430    7.70899    0.00764    0.01092      0.332    26.4550    26.4297    609.616    17.1899    36.2846 6.7645e-08        6.8 6.6170e-07       0.47 0.0000e+00
       6829    615.000    610.607    17.2940   4.694143     0.5252     0.0362     0.0415      0.843    5.39435    7.70906    0.00812    0.01160      0.353    26.4550    26.4297    610.607    17.1893    36.2845 7.3693e-08        7.4 7.2087e-07       0.49 0.0000e+00
       6840    616.000    611.599    17.2926   4.693980     0.5253 -9.990e-29     0.0419      0.800    5.39451    7.70930    0.00780    0.01114      0.339    26.4550    26.4296    611.599    17.1878    36.2839 5.8349e-08        5.8 5.7077e-07       0.43 0.0000e+00
       6853    617.000    612.590    17.2916   4.693898     0.5252     0.0338     0.0406      0.569    5.39462    7.70945    0.00708    0.01012      0.308    26.4551    26.4297    612.590    17.1866    36.2837 5.9650e-08        6.0 5.8350e-07       0.44 0.0000e+00
       6865    618.000    613.582    17.2914   4.693934     0.5253     0.0315     0.0404      0.623    5.39463    7.70947    0.00766    0.01095      0.333    26.4553    26.4298    613.581    17.1862    36.2839 5.4698e-08        5.5 5.3506e-07       0.42 0.0000e+00
       6874    619.000    614.572    17.2914   4.693980     0.5251     0.0290     0.0411      0.901    5.39463    7.70947    0.00697    0.00996      0.303    26.4554    26.4299    614.573    17.1861    36.2839 4.5122e-08        4.5 4.4138e-07       0.38 0.0000e+00
       6886    620.000    615.565    17.2914   4.694019     0.5252     0.0418     0.0411      0.588    5.39464    7.70948    0.00868    0.01241      0.377    26.4554    26.4298    615.564    17.1859    36.2838 4.3998e-08        4.4 4.3039e-07       0.38 0.0000e+00
       6896    621.000    616.555    17.2912   4.693981     0.5253     0.0399     0.0409      0.805    5.39468    7.70954    0.00718    0.01026      0.312    26.4551    26.4295    616.556    17.1855    36.2833 3.9932e-08        4.0 3.9062e-07       0.36 0.0000e+00
       6909    622.000    617.547    17.2910   4.694049     0.5252     0.0359     0.0429      0.627    5.39468    7.70954    0.00804    0.01149      0.350    26.4554    26.4298    617.547    17.1851    36.2837 3.4849e-08        3.5 3.4090e-07       0.33 0.0000e+00
       6920    623.000    618.538    17.2911   4.694103     0.5253     0.0214     0.0415      0.586    5.39467    7.70953    0.00730    0.01043      0.317    26.4555    26.4298    618.538    17.1851    36.2837 3.5506e-08        3.6 3.4732e-07       0.34 0.0000e+00
       6929    624.000    619.530    17.2911   4.694110     0.5251     0.0255     0.0422      0.993    5.39469    7.70955    0.00645    0.00922      0.281    26.4553    26.4296    619.530    17.1849    36.2834 4.3452e-08        4.3 4.2505e-07       0.37 0.0000e+00
       6940    625.000    620.521    17.2904   4.694082     0.5252     0.0290     0.0415      0.679    5.39476    7.70965    0.00827    0.01181      0.359    26.4555    26.4297    620.521    17.1840    36.2834 4.6708e-08        4.7 4.5690e-07       0.39 0.0000e+00
       6951    626.000    621.513    17.2901   4.694078     0.5253     0.0216     0.0406      0.769    5.39479    7.70970    0.00797    0.01139      0.346    26.4555    26.4297    621.512    17.1836    36.2832 4.6836e-08        4.7 4.5815e-07       0.39 0.0000e+00
       6963    627.000    622.504    17.2903   4.694158     0.5252     0.0348     0.0404      0.695    5.39477    7.70967    0.00667    0.00953      0.290    26.4556    26.4297    622.504    17.1836    36.2834 3.0871e-08        3.1 3.0198e-07       0.31 0.0000e+00
       6976    628.000    623.495    17.2901   4.694179     0.5250     0.0305     0.0408      0.594    5.39479    7.70969    0.00709    0.01013      0.308    26.4556    26.4298    623.495    17.1832    36.2834 2.5711e-08        2.6 2.5150e-07       0.29 0.0000e+00
       6986    629.000    624.486    17.2903   4.694248     0.5250     0.0271     0.0420      0.633    5.39476    7.70966    0.00761    0.01088      0.331    26.4557    26.4298    624.486    17.1832    36.2834 1.9005e-08        1.9 1.8590e-07       0.25 0.0000e+00
       6995    630.000    625.478    17.2905   4.694299     0.5253     0.0299     0.0426      1.002    5.39475    7.70963    0.00818    0.01170      0.356    26.4556    26.4296    625.478    17.1833    36.2833 1.2652e-08        1.3 1.2376e-07       0.20 0.0000e+00
       7009    631.000    626.469    17.2906   4.694349     0.5252     0.0272     0.0434      0.548    5.39474    7.70962    0.00741    0.01060      0.322    26.4556    26.4296    626.469    17.1832    36.2833 7.5487e-09        0.8 7.3842e-08       0.16 0.0000e+00
       7020    632.000    627.460    17.2906   4.694396     0.5251 -9.990e-29     0.0426      0.702    5.39474    7.70962    0.00721    0.01030      0.313    26.4556    26.4296    627.460    17.1830    36.2833 1.3581e-08        1.4 1.3285e-07       0.21 0.0000e+00
       7031    633.000    628.452    17.2903   4.694378     0.5253     0.0387     0.0415      0.752    5.39478    7.70968    0.00804    0.01149      0.349    26.4555    26.4295    628.452    17.1825    36.2830 2.4780e-08        2.5 2.4240e-07       0.28 0.0000e+00
       7041    634.000    629.443    17.2903   4.694412     0.5251     0.0288     0.0426      0.757    5.39478    7.70969    0.00712    0.01018      0.310    26.4555    26.4294    629.443    17.1824    36.2829 4.3812e-08        4.4 4.2857e-07       0.38 0.0000e+00
       7052    635.000    630.434    17.2895   4.694367     0.5251     0.0357     0.0422      0.786    5.39487    7.70980    0.00727    0.01038      0.316    26.4557    26.4296    630.434    17.1814    36.2829 6.4884e-08        6.5 6.3469e-07       0.46 0.0000e+00
       7069    636.000    631.426    17.2893   4.694357     0.5253     0.0362     0.0413      0.288    5.39490    7.70985    0.00868    0.01240      0.377    26.4556    26.4294    631.426    17.1810    36.2826 7.5849e-08        7.6 7.4196e-07       0.49 0.0000e+00
       7077    637.000    632.417    17.2882   4.694286     0.5253 -9.990e-29     0.0415      0.798    5.39501    7.71002    0.00657    0.00939      0.286    26.4559    26.4296    632.417    17.1798    36.2826 9.0500e-08        9.0 8.8527e-07       0.54 0.0000e+00
       7086    638.000    633.408    17.2873   4.694203     0.5251 -9.990e-29     0.0415      0.982    5.39512    7.71016    0.00721    0.01031      0.313    26.4559    26.4296    633.408    17.1787    36.2823 1.0509e-07       10.5 1.0280e-06       0.58 0.0000e+00
       7098    639.000    634.399    17.2863   4.694119     0.5249     0.0289     0.0408      0.595    5.39523    7.71032    0.00654    0.00934      0.284    26.4560    26.4297    634.399    17.1775    36.2821 1.0868e-07       10.9 1.0631e-06       0.59 0.0000e+00
       7110    640.000    635.391    17.2853   4.694039     0.5253     0.0289     0.0407      0.732    5.39533    7.71047    0.00852    0.01217      0.370    26.4562    26.4298    635.391    17.1764    36.2819 9.7088e-08        9.7 9.4972e-07       0.56 0.0000e+00
       7123    641.000    636.382    17.2846   4.693975     0.5251     0.0441     0.0423      0.596    5.39542    7.71060    0.00617    0.00882      0.268    26.4562    26.4297    636.382    17.1755    36.2816 8.7902e-08        8.8 8.5986e-07       0.53 0.0000e+00
       7134    642.000    637.373    17.2837   4.693913     0.5249     0.0387     0.0420      0.645    5.39551    7.71073    0.00811    0.01159      0.353    26.4563    26.4299    637.373    17.1744    36.2815 7.4663e-08        7.5 7.3036e-07       0.49 0.0000e+00
       7144    643.000    638.364    17.2819   4.693714     0.5252     0.0294     0.0429      0.838    5.39572    7.71102    0.00797    0.01139      0.346    26.4564    26.4299    638.364    17.1725    36.2810 6.8207e-08        6.8 6.6721e-07       0.47 0.0000e+00
       7156    644.000    639.356    17.2812   4.693660     0.5250     0.0424     0.0413      0.655    5.39580    7.71114    0.00611    0.00873      0.265    26.4565    26.4299    639.356    17.1716    36.2808 5.5385e-08        5.5 5.4178e-07       0.42 0.0000e+00
       7169    645.000    640.347    17.2808   4.693639     0.5251     0.0392     0.0416      0.656    5.39585    7.71120    0.00821    0.01173      0.357    26.4564    26.4299    640.347    17.1710    36.2805 4.8988e-08        4.9 4.7921e-07       0.40 0.0000e+00
       7183    646.000    641.338    17.2808   4.693668     0.5253     0.0359     0.0413      0.480    5.39585    7.71121    0.00827    0.01182      0.359    26.4564    26.4298    641.338    17.1708    36.2804 5.2693e-08        5.3 5.1544e-07       0.41 0.0000e+00
       7191    647.000    642.329    17.2810   4.693764     0.5253     0.0286     0.0415      0.839    5.39583    7.71117    0.00780    0.01116      0.339    26.4566    26.4299    642.329    17.1709    36.2807 4.5607e-08        4.6 4.4613e-07       0.38 0.0000e+00
       7200    648.000    643.321    17.2806   4.693741     0.5252     0.0296     0.0428      0.988    5.39587    7.71124    0.00626    0.00895      0.272    26.4566    26.4299    643.321    17.1703    36.2805 5.4960e-08        5.5 5.3762e-07       0.42 0.0000e+00
       7213    649.000    644.312    17.2800   4.693694     0.5251     0.0363     0.0417      0.581    5.39594    7.71134    0.00791    0.01130      0.344    26.4566    26.4298    644.312    17.1695    36.2802 6.0066e-08        6.0 5.8757e-07       0.44 0.0000e+00
       7224    650.000    645.303    17.2788   4.693572     0.5251     0.0352     0.0428      0.743    5.39608    7.71154    0.00705    0.01008      0.306    26.4566    26.4298    645.303    17.1682    36.2799 6.9285e-08        6.9 6.7775e-07       0.47 0.0000e+00
       7236    651.000    646.294    17.2779   4.693512     0.5251     0.0313     0.0438      0.672    5.39618    7.71167    0.00768    0.01098      0.334    26.4568    26.4300    646.294    17.1671    36.2798 6.8412e-08        6.8 6.6920e-07       0.47 0.0000e+00
       7246    652.000    647.285    17.2778   4.693522     0.5252     0.0289     0.0415      0.699    5.39619    7.71170    0.00764    0.01092      0.332    26.4567    26.4299    647.286    17.1668    36.2796 5.9532e-08        6.0 5.8234e-07       0.44 0.0000e+00
       7257    653.000    648.277    17.2769   4.693478     0.5252     0.0361     0.0408      0.811    5.39628    7.71182    0.00743    0.01062      0.323    26.4570    26.4301    648.277    17.1658    36.2796 5.9427e-08        5.9 5.8132e-07       0.44 0.0000e+00
       7269    654.000    649.268    17.2765   4.693450     0.5252     0.0362     0.0415      0.618    5.39634    7.71190    0.00790    0.01128      0.343    26.4569    26.4300    649.268    17.1652    36.2793 5.1409e-08        5.1 5.0288e-07       0.41 0.0000e+00
       7280    655.000    650.259    17.2765   4.693498     0.5252     0.0362     0.0415      0.713    5.39634    7.71190    0.00701    0.01001      0.304    26.4570    26.4300    650.259    17.1650    36.2794 4.5795e-08        4.6 4.4797e-07       0.38 0.0000e+00
       7291    656.000    651.250    17.2767   4.693559     0.5251     0.0362     0.0415      0.756    5.39631    7.71187    0.00692    0.00990      0.301    26.4570    26.4300    651.250    17.1650    36.2794 4.1893e-08        4.2 4.0980e-07       0.37 0.0000e+00
       7303    657.000    652.241    17.2769   4.693627     0.5251     0.0329     0.0426      0.695    5.39629    7.71184    0.00726    0.01037      0.315    26.4570    26.4299    652.242    17.1651    36.2794 3.8801e-08        3.9 3.7956e-07       0.35 0.0000e+00
       7314    658.000    653.233    17.2771   4.693707     0.5249     0.0298     0.0435      0.641    5.39627    7.71180    0.00723    0.01033      0.314    26.4571    26.4300    653.233    17.1651    36.2795 3.0970e-08        3.1 3.0295e-07       0.32 0.0000e+00
       7324    659.000    654.224    17.2769   4.693704     0.5253     0.0298     0.0423      0.823    5.39629    7.71184    0.00870    0.01243      0.378    26.4570    26.4299    654.224    17.1647    36.2793 3.9283e-08        3.9 3.8427e-07       0.36 0.0000e+00
       7337    660.000    655.215    17.2763   4.693680     0.5252     0.0392     0.0417      0.576    5.39636    7.71193    0.00725    0.01036      0.315    26.4572    26.4300    655.215    17.1639    36.2793 3.6811e-08        3.7 3.6009e-07       0.34 0.0000e+00
       7348    661.000    656.206    17.2763   4.693724     0.5253     0.0326     0.0415      0.716    5.39636    7.71193    0.00749    0.01071      0.326    26.4572    26.4300    656.206    17.1638    36.2793 2.6447e-08        2.6 2.5871e-07       0.29 0.0000e+00
       7360    662.000    657.197    17.2762   4.693736     0.5251     0.0361     0.0411      0.721    5.39637    7.71196    0.00737    0.01054      0.321    26.4571    26.4299    657.197    17.1635    36.2791 1.8148e-08        1.8 1.7752e-07       0.24 0.0000e+00
       7372    663.000    658.189    17.2761   4.693770     0.5252 -9.990e-29     0.0404      0.610    5.39638    7.71197    0.00823    0.01176      0.358    26.4572    26.4299    658.189    17.1632    36.2791 1.7999e-08        1.8 1.7607e-07       0.24 0.0000e+00
       7381    664.000    659.180    17.2757   4.693775     0.5253     0.0216     0.0428      0.791    5.39642    7.71203    0.00783    0.01119      0.341    26.4574    26.4300    659.180    17.1627    36.2791 2.4709e-08        2.5 2.4170e-07       0.28 0.0000e+00
