CTD_data/C212_2_3.cnv
* Sea-Bird SBE 25 Data File:
* FileName = C:\CTD_Data\C212_2\C212_2_3.hex
* Software Version Seasave V 7.19
* Temperature SN = 4430
* Conductivity SN = 3138
* System UpLoad Time = May 08 2014 16:53:15
** Ship: Hermano Gines
** Station: Car 212_2
** Operator: Luis Medina
** Latitude: 10 30.10 N
** Longitude: 64 39.86 W
** tercer perfil
# nquan = 24                                
# nvalues = 1815                        
# units = specified
# name 0 = scan: Scan Count
# name 1 = prSM: Pressure, Strain Gauge [db]
# name 2 = depSM: Depth [salt water, m]
# name 3 = t090C: Temperature [ITS-90, deg C]
# name 4 = c0S/m: Conductivity [S/m]
# name 5 = sbeox0V: Oxygen Voltage, SBE 43
# name 6 = flECO-AFL: Fluorescence, Wetlab ECO-AFL/FL [mg/m^3]
# name 7 = bat: Beam Attenuation, Chelsea/Seatech/Wetlab CStar [1/m]
# name 8 = dz/dtM: Descent Rate [m/s]
# name 9 = oxsatML/L: Oxygen Saturation [ml/l]
# name 10 = oxsatMg/L: Oxygen Saturation [mg/l]
# name 11 = sbeox0ML/L: Oxygen, SBE 43 [ml/l], WS = 2
# name 12 = sbeox0Mg/L: Oxygen, SBE 43 [mg/l], WS = 2
# name 13 = sbeox0Mm/Kg: Oxygen, SBE 43 [umol/Kg], WS = 2
# name 14 = sigma-é00: Density [sigma-theta, Kg/m^3]
# name 15 = sigma-t00: Density [sigma-t, Kg/m^3 ]
# name 16 = depSM: Depth [salt water, m], lat = 10.5
# name 17 = potemp090C: Potential Temperature [ITS-90, deg C]
# name 18 = sal00: Salinity [PSU]
# name 19 = E: stability, E [rad^2/m]
# name 20 = E10^-8: stability, E [10^-8 rad^2/m]
# name 21 = N^2: buoyancy frequency, N^2 [rad^2/s^2]
# name 22 = N: buoyancy frequency, N [cycles/h]
# name 23 = flag: flag
# span 0 =        146,      30426       
# span 1 =      1.000,    908.000       
# span 2 =      0.994,    900.882       
# span 3 =    17.2493,    23.9071       
# span 4 =   4.692703,   5.427887       
# span 5 =     0.5245,     2.7878       
# span 6 =    -0.1137,     0.6618       
# span 7 =     0.0384,     0.2784       
# span 8 =     -1.194,      1.031       
# span 9 =    4.76685,    5.39954       
# span 10 =    6.81230,    7.71648      
# span 11 =    0.00348,    4.78100      
# span 12 =    0.00497,    6.83252      
# span 13 =      0.151,    207.755      
# span 14 =    25.0208,    26.4628      
# span 15 =    25.0207,    26.4304      
# span 16 =      0.994,    900.882      
# span 17 =    17.0989,    23.9065      
# span 18 =    36.2656,    36.8401      
# span 19 = -2.545e-08, 6.4480e-05      
# span 20 =       -2.5,     6448.0      
# span 21 = -2.490e-07, 6.3074e-04      
# span 22 =      -0.29,      14.39      
# span 23 = 0.0000e+00, 0.0000e+00      
# interval = decibars: 1                
# start_time = May 08 2014 16:53:15
# bad_flag = -9.990e-29
*END*
[from data line 242]
       2906    243.000    241.481    17.9480   4.759333     0.6867    -0.0004     0.0515      0.707    5.32326    7.60747    0.42432    0.60639     18.438    26.3726    26.3621    241.481    17.9059    36.4057 3.4847e-07       34.8 3.4087e-06       1.06 0.0000e+00
       2918    244.000    242.474    17.9419   4.758617     0.6911    -0.0004     0.0505      0.688    5.32392    7.60841    0.40595    0.58014     17.640    26.3733    26.3628    242.474    17.8997    36.4046 3.4640e-07       34.6 3.3885e-06       1.05 0.0000e+00
       2929    245.000    243.467    17.9393   4.758333     0.6910 -9.990e-29     0.0534      0.665    5.32420    7.60881    0.39095    0.55870     16.988    26.3736    26.3630    243.467    17.8969    36.4041 3.6574e-07       36.6 3.5776e-06       1.08 0.0000e+00
       2939    246.000    244.460    17.9351   4.757812     0.6863    -0.0077     0.0580      0.831    5.32466    7.60947    0.35025    0.50054     15.219    26.3738    26.3632    244.460    17.8925    36.4029 4.1795e-07       41.8 4.0884e-06       1.16 0.0000e+00
       2953    247.000    245.453    17.9315   4.757380     0.6683     0.0048     0.0606      0.478    5.32505    7.61004    0.26396    0.37722     11.470    26.3740    26.3634    245.453    17.8888    36.4020 4.6566e-07       46.6 4.5551e-06       1.22 0.0000e+00
       2963    248.000    246.446    17.9271   4.756955     0.6523     0.0215     0.0609      0.737    5.32550    7.61068    0.25115    0.35892     10.913    26.3751    26.3644    246.446    17.8842    36.4019 5.0229e-07       50.2 4.9134e-06       1.27 0.0000e+00
       2974    249.000    247.440    17.9234   4.756465     0.6484     0.0116     0.0619      0.791    5.32592    7.61128    0.32612    0.46606     14.171    26.3750    26.3644    247.440    17.8803    36.4006 5.0934e-07       50.9 4.9824e-06       1.28 0.0000e+00
       2985    250.000    248.432    17.9198   4.756048     0.6609     0.0094     0.0625      0.702    5.32631    7.61183    0.36985    0.52855     16.071    26.3754    26.3647    248.433    17.8766    36.3999 5.5230e-07       55.2 5.4026e-06       1.33 0.0000e+00
       2997    251.000    249.425    17.9123   4.755189     0.6597    -0.0001     0.0624      0.715    5.32711    7.61297    0.27943    0.39933     12.142    26.3765    26.3657    249.426    17.8689    36.3988 6.0550e-07       60.6 5.9230e-06       1.39 0.0000e+00
       3011    252.000    250.419    17.9072   4.754628     0.6369    -0.0004     0.0632      0.519    5.32764    7.61373    0.16490    0.23565      7.165    26.3773    26.3665    250.419    17.8636    36.3981 6.5888e-07       65.9 6.4452e-06       1.45 0.0000e+00
       3021    253.000    251.412    17.9043   4.754322     0.6144    -0.0004     0.0612      0.766    5.32795    7.61418    0.11854    0.16940      5.151    26.3777    26.3669    251.412    17.8606    36.3977 7.1100e-07       71.1 6.9550e-06       1.51 0.0000e+00
       3032    254.000    252.405    17.9012   4.753953     0.5947     0.0014     0.0608      0.795    5.32829    7.61466    0.09894    0.14139      4.299    26.3779    26.3670    252.405    17.8573    36.3969 7.6292e-07       76.3 7.4629e-06       1.57 0.0000e+00
       3046    255.000    253.398    17.8979   4.753683     0.5788     0.0030     0.0592      0.528    5.32862    7.61514    0.09569    0.13675      4.158    26.3789    26.3680    253.398    17.8538    36.3971 7.6940e-07       76.9 7.5263e-06       1.57 0.0000e+00
       3058    256.000    254.391    17.8913   4.752937     0.5734 -9.990e-29     0.0582      0.666    5.32932    7.61614    0.11328    0.16189      4.922    26.3799    26.3690    254.391    17.8471    36.3962 7.2958e-07       73.0 7.1368e-06       1.53 0.0000e+00
       3070    257.000    255.384    17.8838   4.752076     0.5731    -0.0150     0.0565      0.687    5.33012    7.61727    0.12021    0.17179      5.223    26.3810    26.3700    255.384    17.8394    36.3951 7.1961e-07       72.0 7.0393e-06       1.52 0.0000e+00
       3082    258.000    256.377    17.8773   4.751356     0.5727     0.0202     0.0565      0.672    5.33081    7.61826    0.11752    0.16794      5.106    26.3820    26.3710    256.378    17.8327    36.3944 7.3812e-07       73.8 7.2203e-06       1.54 0.0000e+00
       3097    259.000    257.370    17.8745   4.751055     0.5703    -0.0022     0.0536      0.482    5.33111    7.61868    0.09352    0.13364      4.064    26.3824    26.3713    257.371    17.8298    36.3939 7.1957e-07       72.0 7.0389e-06       1.52 0.0000e+00
       3109    260.000    258.364    17.8720   4.750819     0.5629    -0.0004     0.0559      0.623    5.33137    7.61906    0.06246    0.08926      2.714    26.3829    26.3718    258.364    17.8271    36.3937 6.4810e-07       64.8 6.3398e-06       1.44 0.0000e+00
       3118    261.000    259.357    17.8700   4.750585     0.5574    -0.0068     0.0544      0.897    5.33159    7.61938    0.05972    0.08535      2.595    26.3830    26.3718    259.357    17.8249    36.3931 5.5783e-07       55.8 5.4567e-06       1.34 0.0000e+00
       3131    262.000    260.350    17.8604   4.749406     0.5527 -9.990e-29     0.0557      0.624    5.33263    7.62086    0.06042    0.08635      2.625    26.3839    26.3727    260.350    17.8152    36.3911 4.7267e-07       47.3 4.6237e-06       1.23 0.0000e+00
       3144    263.000    261.343    17.8542   4.748745     0.5506     0.0216     0.0601      0.587    5.33328    7.62179    0.06216    0.08883      2.701    26.3850    26.3738    261.343    17.8088    36.3906 4.4183e-07       44.2 4.3220e-06       1.19 0.0000e+00
       3156    264.000    262.336    17.8532   4.748675     0.5497 -9.990e-29     0.0652      0.611    5.33339    7.62194    0.06007    0.08584      2.610    26.3852    26.3740    262.336    17.8076    36.3905 4.6809e-07       46.8 4.5789e-06       1.23 0.0000e+00
       3166    265.000    263.329    17.8529   4.748691     0.5485    -0.0004     0.0680      0.862    5.33342    7.62199    0.06271    0.08962      2.725    26.3854    26.3741    263.329    17.8072    36.3905 4.6944e-07       46.9 4.5921e-06       1.23 0.0000e+00
       3177    266.000    264.322    17.8526   4.748676     0.5506    -0.0004     0.0677      0.736    5.33345    7.62203    0.07914    0.11310      3.439    26.3853    26.3740    264.322    17.8067    36.3902 4.5826e-07       45.8 4.4827e-06       1.21 0.0000e+00
       3190    267.000    265.315    17.8507   4.748473     0.5528 -9.990e-29     0.0649      0.615    5.33366    7.62233    0.07590    0.10848      3.298    26.3855    26.3741    265.315    17.8046    36.3898 4.4868e-07       44.9 4.3890e-06       1.20 0.0000e+00
       3202    268.000    266.308    17.8405   4.747227     0.5530    -0.0004     0.0654      0.617    5.33476    7.62391    0.07368    0.10530      3.202    26.3865    26.3751    266.308    17.7943    36.3878 4.7649e-07       47.6 4.6610e-06       1.24 0.0000e+00
       3214    269.000    267.301    17.8352   4.746672     0.5530    -0.0004     0.0623      0.715    5.33532    7.62470    0.07337    0.10486      3.188    26.3875    26.3760    267.301    17.7888    36.3874 5.4878e-07       54.9 5.3681e-06       1.33 0.0000e+00
       3227    270.000    268.294    17.8342   4.746594     0.5535    -0.0004     0.0670      0.570    5.33543    7.62486    0.08272    0.11821      3.594    26.3877    26.3762    268.294    17.7876    36.3872 5.8391e-07       58.4 5.7119e-06       1.37 0.0000e+00
       3239    271.000    269.287    17.8327   4.746449     0.5572     0.0010     0.0655      0.707    5.33558    7.62508    0.10250    0.14649      4.454    26.3879    26.3763    269.287    17.7860    36.3869 6.0489e-07       60.5 5.9171e-06       1.39 0.0000e+00
       3251    272.000    270.280    17.8263   4.745723     0.5611    -0.0152     0.0649      0.676    5.33627    7.62605    0.10186    0.14556      4.426    26.3888    26.3772    270.280    17.7794    36.3860 5.9514e-07       59.5 5.8217e-06       1.38 0.0000e+00
       3262    273.000    271.273    17.8197   4.744964     0.5615 -9.990e-29     0.0665      0.694    5.33697    7.62707    0.09187    0.13129      3.992    26.3897    26.3780    271.273    17.7726    36.3850 5.5891e-07       55.9 5.4673e-06       1.34 0.0000e+00
       3276    274.000    272.266    17.8163   4.744641     0.5608 -9.990e-29     0.0655      0.571    5.33732    7.62757    0.08924    0.12754      3.878    26.3904    26.3788    272.266    17.7691    36.3848 5.3031e-07       53.0 5.1875e-06       1.30 0.0000e+00
       3286    275.000    273.259    17.8152   4.744518     0.5597    -0.0150     0.0645      0.756    5.33745    7.62775    0.07479    0.10689      3.250    26.3904    26.3787    273.259    17.7678    36.3844 5.1280e-07       51.3 5.0162e-06       1.28 0.0000e+00
       3299    276.000    274.253    17.8102   4.743942     0.5537    -0.0150     0.0705      0.638    5.33799    7.62852    0.05255    0.07509      2.283    26.3910    26.3792    274.252    17.7626    36.3835 4.7065e-07       47.1 4.6039e-06       1.23 0.0000e+00
       3311    277.000    275.245    17.8055   4.743407     0.5491 -9.990e-29     0.0652      0.654    5.33849    7.62924    0.04483    0.06407      1.948    26.3916    26.3798    275.245    17.7578    36.3827 4.0514e-07       40.5 3.9630e-06       1.14 0.0000e+00
       3323    278.000    276.239    17.8014   4.742936     0.5442     0.0192     0.0655      0.677    5.33893    7.62987    0.03134    0.04479      1.362    26.3920    26.3802    276.238    17.7535    36.3819 3.4024e-07       34.0 3.3282e-06       1.05 0.0000e+00
       3335    279.000    277.231    17.8003   4.742854     0.5393     0.0143     0.0708      0.655    5.33905    7.63004    0.02212    0.03161      0.961    26.3923    26.3804    277.231    17.7522    36.3818 3.3867e-07       33.9 3.3129e-06       1.04 0.0000e+00
       3346    280.000    278.224    17.7983   4.742631     0.5354    -0.0002     0.0718      0.723    5.33927    7.63036    0.01468    0.02098      0.638    26.3924    26.3805    278.224    17.7501    36.3813 3.5375e-07       35.4 3.4604e-06       1.07 0.0000e+00
       3359    281.000    279.217    17.7964   4.742447     0.5317    -0.0004     0.0746      0.621    5.33948    7.63065    0.01083    0.01548      0.471    26.3927    26.3807    279.217    17.7480    36.3810 3.5572e-07       35.6 3.4796e-06       1.07 0.0000e+00
       3371    282.000    280.210    17.7945   4.742262     0.5289    -0.0004     0.0779      0.597    5.33968    7.63093    0.00828    0.01183      0.360    26.3930    26.3810    280.210    17.7459    36.3807 3.4499e-07       34.5 3.3747e-06       1.05 0.0000e+00
       3381    283.000    281.203    17.7904   4.741703     0.5283     0.0108     0.0772      0.847    5.34015    7.63161    0.01277    0.01824      0.555    26.3929    26.3808    281.203    17.7417    36.3792 3.5023e-07       35.0 3.4259e-06       1.06 0.0000e+00
       3392    284.000    282.196    17.7829   4.740858     0.5280     0.0131     0.0877      0.753    5.34095    7.63274    0.01153    0.01647      0.501    26.3940    26.3819    282.196    17.7340    36.3782 3.7466e-07       37.5 3.6649e-06       1.10 0.0000e+00
       3407    285.000    283.189    17.7788   4.740378     0.5274    -0.0008     0.1060      0.444    5.34139    7.63339    0.01176    0.01680      0.511    26.3944    26.3823    283.189    17.7297    36.3773 4.0007e-07       40.0 3.9135e-06       1.13 0.0000e+00
       3417    286.000    284.182    17.7766   4.740181     0.5274    -0.0004     0.0972      0.764    5.34162    7.63371    0.01241    0.01774      0.539    26.3949    26.3827    284.182    17.7274    36.3772 4.1485e-07       41.5 4.0581e-06       1.15 0.0000e+00
       3427    287.000    285.175    17.7759   4.740106     0.5274 -9.990e-29     0.0850      0.822    5.34171    7.63383    0.01242    0.01774      0.539    26.3948    26.3826    285.175    17.7265    36.3768 4.4822e-07       44.8 4.3845e-06       1.20 0.0000e+00
       3439    288.000    286.168    17.7738   4.739908     0.5274     0.0033     0.0798      0.668    5.34193    7.63415    0.01158    0.01655      0.503    26.3952    26.3830    286.168    17.7242    36.3766 4.6994e-07       47.0 4.5970e-06       1.23 0.0000e+00
       3452    289.000    287.161    17.7684   4.739283     0.5272 -9.990e-29     0.0776      0.666    5.34251    7.63498    0.01248    0.01784      0.542    26.3958    26.3836    287.161    17.7187    36.3756 4.4242e-07       44.2 4.3278e-06       1.19 0.0000e+00
       3466    290.000    288.154    17.7659   4.739047     0.5272 -9.990e-29     0.0755      0.491    5.34277    7.63535    0.01003    0.01434      0.436    26.3963    26.3840    288.154    17.7160    36.3754 4.5377e-07       45.4 4.4388e-06       1.21 0.0000e+00
       3477    291.000    289.147    17.7617   4.738541     0.5268 -9.990e-29     0.0741      0.722    5.34323    7.63601    0.01024    0.01463      0.445    26.3967    26.3843    289.147    17.7116    36.3745 4.8846e-07       48.8 4.7782e-06       1.25 0.0000e+00
       3487    292.000    290.140    17.7556   4.737870     0.5267     0.0048     0.0767      0.819    5.34388    7.63693    0.01212    0.01732      0.527    26.3976    26.3853    290.140    17.7054    36.3737 5.0747e-07       50.7 4.9641e-06       1.28 0.0000e+00
       3498    293.000    291.133    17.7529   4.737590     0.5273    -0.0003     0.0776      0.762    5.34416    7.63734    0.01260    0.01801      0.548    26.3980    26.3856    291.133    17.7025    36.3733 5.1172e-07       51.2 5.0057e-06       1.28 0.0000e+00
       3512    294.000    292.125    17.7505   4.737284     0.5269    -0.0079     0.0786      0.525    5.34444    7.63774    0.01014    0.01449      0.441    26.3980    26.3855    292.126    17.6999    36.3725 5.0062e-07       50.1 4.8970e-06       1.27 0.0000e+00
       3523    295.000    293.119    17.7448   4.736607     0.5270 -9.990e-29     0.0785      0.671    5.34506    7.63862    0.01097    0.01568      0.477    26.3986    26.3861    293.119    17.6941    36.3713 4.7867e-07       47.9 4.6824e-06       1.24 0.0000e+00
       3532    296.000    294.112    17.7397   4.736076     0.5269     0.0069     0.0800      0.899    5.34559    7.63938    0.01153    0.01648      0.501    26.3996    26.3870    294.112    17.6888    36.3709 4.4089e-07       44.1 4.3128e-06       1.19 0.0000e+00
       3544    297.000    295.104    17.7355   4.735537     0.5267     0.0118     0.0821      0.702    5.34606    7.64006    0.01056    0.01509      0.459    26.3996    26.3871    295.104    17.6844    36.3696 3.8652e-07       38.7 3.7810e-06       1.11 0.0000e+00
       3556    298.000    296.097    17.7317   4.735150     0.5266 -9.990e-29     0.0826      0.628    5.34646    7.64063    0.00905    0.01293      0.393    26.4004    26.3878    296.097    17.6805    36.3693 3.5226e-07       35.2 3.4459e-06       1.06 0.0000e+00
       3568    299.000    297.090    17.7303   4.735041     0.5265 -9.990e-29     0.0830      0.706    5.34661    7.64083    0.01056    0.01509      0.459    26.4007    26.3880    297.090    17.6789    36.3692 3.1986e-07       32.0 3.1289e-06       1.01 0.0000e+00
       3579    300.000    298.083    17.7293   4.734952     0.5265 -9.990e-29     0.0846      0.687    5.34672    7.64100    0.01010    0.01443      0.439    26.4008    26.3881    298.083    17.6777    36.3690 2.7037e-07       27.0 2.6447e-06       0.93 0.0000e+00
       3590    301.000    299.076    17.7292   4.734992     0.5263     0.0143     0.0860      0.736    5.34673    7.64101    0.01031    0.01473      0.448    26.4009    26.3882    299.076    17.6775    36.3690 2.2034e-07       22.0 2.1553e-06       0.84 0.0000e+00
