CTD_data/C212_2_4.cnv
* Sea-Bird SBE 25 Data File:
* FileName = C:\CTD_Data\C212_2\C212_2_4.hex
* Software Version Seasave V 7.19
* Temperature SN = 4430
* Conductivity SN = 3138
* System UpLoad Time = May 09 2014 17:06:48
** Ship: Hermano Gines
** Station: Car 212
** Operator: Luis Medina
** Latitude: 10 30.19 N
** Longitude: 64 39.90 W
** Cuto perfil
# nquan = 24                                
# nvalues = 1816                        
# units = specified
# name 0 = scan: Scan Count
# name 1 = prSM: Pressure, Strain Gauge [db]
# name 2 = depSM: Depth [salt water, m]
# name 3 = t090C: Temperature [ITS-90, deg C]
# name 4 = c0S/m: Conductivity [S/m]
# name 5 = sbeox0V: Oxygen Voltage, SBE 43
# name 6 = flECO-AFL: Fluorescence, Wetlab ECO-AFL/FL [mg/m^3]
# name 7 = bat: Beam Attenuation, Chelsea/Seatech/Wetlab CStar [1/m]
# name 8 = dz/dtM: Descent Rate [m/s]
# name 9 = oxsatML/L: Oxygen Saturation [ml/l]
# name 10 = oxsatMg/L: Oxygen Saturation [mg/l]
# name 11 = sbeox0ML/L: Oxygen, SBE 43 [ml/l], WS = 2
# name 12 = sbeox0Mg/L: Oxygen, SBE 43 [mg/l], WS = 2
# name 13 = sbeox0Mm/Kg: Oxygen, SBE 43 [umol/Kg], WS = 2
# name 14 = sigma-é00: Density [sigma-theta, Kg/m^3]
# name 15 = sigma-t00: Density [sigma-t, Kg/m^3 ]
# name 16 = depSM: Depth [salt water, m], lat = 10.5
# name 17 = potemp090C: Potential Temperature [ITS-90, deg C]
# name 18 = sal00: Salinity [PSU]
# name 19 = E: stability, E [rad^2/m]
# name 20 = E10^-8: stability, E [10^-8 rad^2/m]
# name 21 = N^2: buoyancy frequency, N^2 [rad^2/s^2]
# name 22 = N: buoyancy frequency, N [cycles/h]
# name 23 = flag: flag
# span 0 =         90,      39520       
# span 1 =      0.000,    908.000       
# span 2 =     -0.000,    900.883       
# span 3 =    17.2551,    23.8519       
# span 4 =   4.694463,   5.423960       
# span 5 =     0.5247,     2.8268       
# span 6 =    -0.1165,     1.8002       
# span 7 =     0.0424,     0.5283       
# span 8 =     -1.260,      0.769       
# span 9 =    4.77097,    5.39894       
# span 10 =    6.81820,    7.71562      
# span 11 = -5.509e+61, 1.9634e+61      
# span 12 = -7.873e+61, 2.8060e+61      
# span 13 = -2.394e+63, 8.5341e+62      
# span 14 =    25.0489,    26.4631      
# span 15 =    25.0488,    26.4301      
# span 16 =      0.000,    900.882      
# span 17 =    17.1013,    23.8515      
# span 18 =    36.2673,    36.8257      
# span 19 = -7.560e-09, 6.7505e-05      
# span 20 =       -0.8,     6750.5      
# span 21 = -7.395e-08, 6.6033e-04      
# span 22 =      -0.16,      14.72      
# span 23 = 0.0000e+00, 0.0000e+00      
# interval = decibars: 1                
# start_time = May 09 2014 17:06:48
# bad_flag = -9.990e-29
*END*
[from data line 1329]
      22560    486.000    482.678    17.4261   4.705500     0.5248     0.0290     0.0433     -0.769    5.37969    7.68811    0.00534    0.00763      0.233    26.4404    26.4202    482.678    17.3432    36.3140 1.7126e-07       17.1 1.6753e-06       0.74 0.0000e+00
      22569    485.000    481.686    17.4268   4.705547     0.5248     0.0273     0.0444     -0.849    5.37961    7.68801    0.00697    0.00996      0.303    26.4403    26.4202    481.686    17.3441    36.3141 1.8611e-07       18.6 1.8205e-06       0.77 0.0000e+00
      22580    484.000    480.694    17.4294   4.705846     0.5249     0.0262     0.0449     -0.832    5.37932    7.68759    0.00714    0.01020      0.310    26.4401    26.4200    480.694    17.3468    36.3148 2.0162e-07       20.2 1.9722e-06       0.80 0.0000e+00
      22590    483.000    479.702    17.4304   4.705869     0.5253 -9.990e-29     0.0433     -0.723    5.37922    7.68745    0.00933    0.01334      0.406    26.4396    26.4195    479.702    17.3480    36.3145 2.0713e-07       20.7 2.0261e-06       0.82 0.0000e+00
      22599    482.000    478.710    17.4328   4.706180     0.5253 -9.990e-29     0.0439     -0.898    5.37895    7.68706    0.00693    0.00991      0.301    26.4397    26.4197    478.710    17.3506    36.3154 2.0592e-07       20.6 2.0143e-06       0.81 0.0000e+00
      22609    481.000    477.718    17.4360   4.706513     0.5248 -9.990e-29     0.0432     -0.822    5.37860    7.68656    0.00466    0.00666      0.202    26.4392    26.4192    477.718    17.3539    36.3158 1.9502e-07       19.5 1.9077e-06       0.79 0.0000e+00
      22620    480.000    476.726    17.4361   4.706450     0.5250 -9.990e-29     0.0436     -0.672    5.37860    7.68656    0.00848    0.01212      0.369    26.4389    26.4190    476.726    17.3542    36.3155 1.7292e-07       17.3 1.6915e-06       0.75 0.0000e+00
      22628    479.000    475.734    17.4370   4.706558     0.5250 -9.990e-29     0.0443     -0.889    5.37849    7.68640    0.00580    0.00829      0.252    26.4391    26.4192    475.734    17.3553    36.3161 1.4484e-07       14.5 1.4168e-06       0.68 0.0000e+00
      22637    478.000    474.742    17.4382   4.706651     0.5249     0.0110     0.0451     -0.965    5.37837    7.68622    0.00776    0.01110      0.337    26.4388    26.4189    474.742    17.3566    36.3162 1.1360e-07       11.4 1.1113e-06       0.60 0.0000e+00
      22647    477.000    473.750    17.4385   4.706647     0.5254     0.0170     0.0429     -0.839    5.37833    7.68617    0.00917    0.01310      0.398    26.4388    26.4189    473.750    17.3571    36.3162 1.0697e-07       10.7 1.0464e-06       0.59 0.0000e+00
      22657    476.000    472.758    17.4386   4.706618     0.5252     0.0275     0.0438     -0.723    5.37832    7.68616    0.00605    0.00865      0.263    26.4387    26.4189    472.758    17.3574    36.3163 9.7078e-08        9.7 9.4962e-07       0.56 0.0000e+00
      22666    475.000    471.766    17.4386   4.706577     0.5252 -9.990e-29     0.0434     -0.918    5.37831    7.68615    0.00875    0.01251      0.381    26.4387    26.4190    471.766    17.3576    36.3163 9.8578e-08        9.9 9.6430e-07       0.56 0.0000e+00
      22675    474.000    470.774    17.4396   4.706669     0.5253 -9.990e-29     0.0426     -0.887    5.37821    7.68600    0.00641    0.00916      0.278    26.4386    26.4189    470.774    17.3587    36.3166 1.2415e-07       12.4 1.2144e-06       0.63 0.0000e+00
      22685    473.000    469.782    17.4401   4.706683     0.5252 -9.990e-29     0.0445     -0.774    5.37815    7.68591    0.00801    0.01145      0.348    26.4385    26.4189    469.782    17.3594    36.3167 1.1935e-07       11.9 1.1675e-06       0.62 0.0000e+00
      22694    472.000    468.790    17.4416   4.706818     0.5252 -9.990e-29     0.0435     -0.886    5.37799    7.68569    0.00661    0.00945      0.287    26.4383    26.4187    468.790    17.3611    36.3169 1.5798e-07       15.8 1.5453e-06       0.71 0.0000e+00
      22704    471.000    467.798    17.4425   4.706875     0.5253     0.0216     0.0431     -0.808    5.37790    7.68556    0.00732    0.01045      0.318    26.4381    26.4185    467.798    17.3621    36.3169 1.9678e-07       19.7 1.9249e-06       0.79 0.0000e+00
      22714    470.000    466.805    17.4437   4.707004     0.5249     0.0216     0.0434     -0.798    5.37776    7.68535    0.00629    0.00899      0.274    26.4381    26.4185    466.806    17.3635    36.3174 2.5156e-07       25.2 2.4608e-06       0.90 0.0000e+00
      22724    469.000    465.814    17.4449   4.707077     0.5249     0.0122     0.0435     -0.854    5.37764    7.68518    0.00567    0.00809      0.246    26.4377    26.4182    465.814    17.3649    36.3173 2.9281e-07       29.3 2.8643e-06       0.97 0.0000e+00
      22734    468.000    464.821    17.4467   4.707316     0.5248     0.0068     0.0452     -0.706    5.37742    7.68487    0.00703    0.01005      0.306    26.4378    26.4184    464.822    17.3668    36.3182 3.1533e-07       31.5 3.0846e-06       1.01 0.0000e+00
      22743    467.000    463.830    17.4511   4.707770     0.5249     0.0141     0.0449     -0.901    5.37695    7.68420    0.00671    0.00959      0.292    26.4370    26.4176    463.829    17.3714    36.3185 3.1914e-07       31.9 3.1218e-06       1.01 0.0000e+00
      22752    466.000    462.837    17.4559   4.708368     0.5250     0.0143     0.0431     -0.922    5.37641    7.68343    0.00732    0.01046      0.318    26.4368    26.4174    462.837    17.3764    36.3198 3.1718e-07       31.7 3.1026e-06       1.01 0.0000e+00
      22763    465.000    461.845    17.4610   4.708927     0.5249     0.0217     0.0433     -0.751    5.37587    7.68265    0.00692    0.00989      0.301    26.4360    26.4167    461.845    17.3816    36.3205 3.2559e-07       32.6 3.1849e-06       1.02 0.0000e+00
      22772    464.000    460.853    17.4617   4.708961     0.5249     0.0241     0.0447     -0.770    5.37580    7.68255    0.00802    0.01146      0.349    26.4359    26.4166    460.853    17.3825    36.3205 2.9646e-07       29.6 2.9000e-06       0.98 0.0000e+00
      22781    463.000    459.861    17.4635   4.709157     0.5254    -0.0153     0.0439     -0.962    5.37559    7.68226    0.00711    0.01015      0.309    26.4357    26.4165    459.861    17.3845    36.3210 2.8682e-07       28.7 2.8057e-06       0.96 0.0000e+00
      22792    462.000    458.869    17.4649   4.709305     0.5250     0.0204     0.0434     -0.683    5.37544    7.68204    0.00653    0.00933      0.284    26.4357    26.4165    458.869    17.3860    36.3214 2.4863e-07       24.9 2.4321e-06       0.89 0.0000e+00
      22802    461.000    457.877    17.4651   4.709269     0.5249 -9.990e-29     0.0436     -0.734    5.37542    7.68201    0.00780    0.01115      0.339    26.4355    26.4163    457.877    17.3864    36.3213 2.3023e-07       23.0 2.2521e-06       0.86 0.0000e+00
      22810    460.000    456.885    17.4691   4.709718     0.5252 -9.990e-29     0.0439     -0.993    5.37498    7.68138    0.00716    0.01023      0.311    26.4350    26.4159    456.885    17.3906    36.3220 1.9814e-07       19.8 1.9382e-06       0.80 0.0000e+00
      22824    459.000    455.892    17.4668   4.709385     0.5253     0.0352     0.0441     -0.536    5.37523    7.68174    0.00835    0.01194      0.363    26.4352    26.4161    455.893    17.3884    36.3215 1.9346e-07       19.3 1.8924e-06       0.79 0.0000e+00
      22835    458.000    454.900    17.4713   4.709893     0.5249     0.0279     0.0441     -0.652    5.37474    7.68104    0.00462    0.00660      0.201    26.4346    26.4156    454.900    17.3931    36.3223 1.8452e-07       18.5 1.8050e-06       0.77 0.0000e+00
      22850    457.000    453.909    17.4721   4.709936     0.5249     0.0189     0.0442     -0.564    5.37466    7.68093    0.00612    0.00874      0.266    26.4344    26.4154    453.908    17.3941    36.3223 1.6158e-07       16.2 1.5805e-06       0.72 0.0000e+00
      22867    456.000    452.916    17.4738   4.710122     0.5250     0.0316     0.0443     -0.555    5.37447    7.68066    0.00654    0.00935      0.284    26.4344    26.4154    452.916    17.3959    36.3228 1.3730e-07       13.7 1.3431e-06       0.66 0.0000e+00
      22884    455.000    451.924    17.4741   4.710128     0.5253     0.0056     0.0448     -0.480    5.37443    7.68060    0.00877    0.01253      0.381    26.4344    26.4154    451.924    17.3964    36.3230 1.2644e-07       12.6 1.2369e-06       0.64 0.0000e+00
      22899    454.000    450.932    17.4750   4.710192     0.5251     0.0168     0.0444     -0.680    5.37434    7.68046    0.00624    0.00892      0.271    26.4342    26.4153    450.932    17.3975    36.3231 1.3479e-07       13.5 1.3185e-06       0.66 0.0000e+00
      23526    453.000    449.940    17.4756   4.710234     0.5253     0.0217     0.0433     -0.303    5.37427    7.68037    0.00706    0.01008      0.307    26.4342    26.4153    449.940    17.3982    36.3233 1.1520e-07       11.5 1.1269e-06       0.61 0.0000e+00
      23873    452.000    448.948    17.4760   4.710264     0.5250     0.0290     0.0448     -0.728    5.37421    7.68029    0.00610    0.00872      0.265    26.4343    26.4154    448.947    17.3988    36.3236 1.1935e-07       11.9 1.1674e-06       0.62 0.0000e+00
      23879    451.000    447.955    17.4778   4.710452     0.5250     0.0216     0.0449     -0.694    5.37401    7.68000    0.00803    0.01148      0.349    26.4341    26.4153    447.955    17.4008    36.3240 1.4037e-07       14.0 1.3731e-06       0.67 0.0000e+00
      23890    450.000    446.963    17.4800   4.710657     0.5250     0.0131     0.0438     -0.812    5.37379    7.67968    0.00674    0.00964      0.293    26.4337    26.4149    446.963    17.4031    36.3242 1.6131e-07       16.1 1.5779e-06       0.72 0.0000e+00
      23900    449.000    445.971    17.4807   4.710690     0.5252 -9.990e-29     0.0429     -0.737    5.37371    7.67957    0.00786    0.01124      0.342    26.4335    26.4148    445.971    17.4040    36.3242 1.4833e-07       14.8 1.4510e-06       0.69 0.0000e+00
      23909    448.000    444.979    17.4804   4.710616     0.5252     0.0253     0.0424     -0.824    5.37374    7.67961    0.00647    0.00924      0.281    26.4335    26.4149    444.979    17.4039    36.3243 1.5866e-07       15.9 1.5520e-06       0.71 0.0000e+00
      23920    447.000    443.987    17.4826   4.710858     0.5250     0.0188     0.0427     -0.855    5.37350    7.67927    0.00704    0.01006      0.306    26.4333    26.4147    443.987    17.4063    36.3248 1.6201e-07       16.2 1.5848e-06       0.72 0.0000e+00
      23931    446.000    442.994    17.4845   4.711039     0.5250     0.0201     0.0440     -0.666    5.37329    7.67897    0.00716    0.01024      0.311    26.4330    26.4144    442.994    17.4083    36.3250 1.4074e-07       14.1 1.3767e-06       0.67 0.0000e+00
      23941    445.000    442.002    17.4842   4.710927     0.5251     0.0273     0.0438     -0.779    5.37334    7.67904    0.00689    0.00985      0.299    26.4328    26.4143    442.002    17.4082    36.3247 1.2199e-07       12.2 1.1933e-06       0.63 0.0000e+00
      23951    444.000    441.010    17.4855   4.711128     0.5252     0.0289     0.0438     -0.847    5.37317    7.67879    0.00737    0.01053      0.320    26.4332    26.4147    441.010    17.4097    36.3257 1.1848e-07       11.8 1.1590e-06       0.62 0.0000e+00
      23961    443.000    440.018    17.4869   4.711214     0.5252     0.0289     0.0440     -0.777    5.37303    7.67860    0.00749    0.01070      0.325    26.4327    26.4142    440.018    17.4112    36.3255 1.2056e-07       12.1 1.1793e-06       0.62 0.0000e+00
      23970    442.000    439.026    17.4872   4.711199     0.5252     0.0192     0.0524     -0.832    5.37300    7.67855    0.00875    0.01250      0.380    26.4326    26.4142    439.026    17.4117    36.3255 1.2168e-07       12.2 1.1903e-06       0.63 0.0000e+00
      23981    441.000    438.033    17.4875   4.711213     0.5255     0.0274     0.0435     -0.769    5.37296    7.67850    0.00643    0.00919      0.279    26.4326    26.4143    438.033    17.4122    36.3258 1.3936e-07       13.9 1.3633e-06       0.67 0.0000e+00
      23993    440.000    437.041    17.4886   4.711315     0.5250     0.0191     0.0432     -0.686    5.37284    7.67832    0.00624    0.00892      0.271    26.4326    26.4142    437.041    17.4134    36.3260 1.6598e-07       16.6 1.6236e-06       0.73 0.0000e+00
      24003    439.000    436.049    17.4890   4.711306     0.5249    -0.0038     0.0441     -0.746    5.37280    7.67827    0.00702    0.01004      0.305    26.4324    26.4141    436.049    17.4140    36.3260 2.0587e-07       20.6 2.0138e-06       0.81 0.0000e+00
      24012    438.000    435.056    17.4915   4.711597     0.5252     0.0067     0.0449     -0.852    5.37252    7.67787    0.00741    0.01059      0.322    26.4322    26.4140    435.057    17.4167    36.3267 2.0152e-07       20.2 1.9713e-06       0.80 0.0000e+00
      24022    437.000    434.065    17.4943   4.711905     0.5251     0.0171     0.0457     -0.806    5.37221    7.67742    0.00800    0.01143      0.348    26.4319    26.4137    434.064    17.4196    36.3272 2.3330e-07       23.3 2.2822e-06       0.87 0.0000e+00
      24032    436.000    433.072    17.4966   4.712118     0.5254     0.0214     0.0446     -0.817    5.37197    7.67708    0.00682    0.00975      0.297    26.4315    26.4133    433.072    17.4221    36.3274 2.7308e-07       27.3 2.6713e-06       0.94 0.0000e+00
      24043    435.000    432.080    17.4989   4.712383     0.5249     0.0216     0.0441     -0.743    5.37171    7.67671    0.00578    0.00826      0.251    26.4313    26.4132    432.080    17.4246    36.3280 2.8210e-07       28.2 2.7595e-06       0.95 0.0000e+00
      24055    434.000    431.088    17.5004   4.712489     0.5250 -9.990e-29     0.0428     -0.617    5.37156    7.67649    0.00835    0.01194      0.363    26.4309    26.4128    431.088    17.4262    36.3280 2.9435e-07       29.4 2.8794e-06       0.97 0.0000e+00
      24065    433.000    430.096    17.5022   4.712733     0.5250     0.0143     0.0434     -0.828    5.37134    7.67618    0.00642    0.00918      0.279    26.4311    26.4130    430.095    17.4282    36.3288 2.9328e-07       29.3 2.8689e-06       0.97 0.0000e+00
      24075    432.000    429.103    17.5057   4.713095     0.5250     0.0106     0.0427     -0.800    5.37097    7.67565    0.00703    0.01004      0.305    26.4305    26.4125    429.103    17.4319    36.3292 3.0239e-07       30.2 2.9580e-06       0.99 0.0000e+00
      24084    431.000    428.111    17.5100   4.713588     0.5251     0.0131     0.0458     -0.873    5.37050    7.67498    0.00676    0.00965      0.294    26.4300    26.4121    428.111    17.4363    36.3300 3.0658e-07       30.7 2.9989e-06       0.99 0.0000e+00
      24096    430.000    427.118    17.5104   4.713603     0.5251 -9.990e-29     0.0431     -0.668    5.37045    7.67491    0.00745    0.01065      0.324    26.4300    26.4121    427.119    17.4369    36.3302 3.0154e-07       30.2 2.9496e-06       0.98 0.0000e+00
      24107    429.000    426.127    17.5123   4.713766     0.5248     0.0289 -9.990e-29     -0.552    5.37025    7.67463    0.00519    0.00741      0.225    26.4296    26.4117    426.126    17.4390    36.3303 2.9787e-07       29.8 2.9138e-06       0.98 0.0000e+00
      24115    428.000    425.134    17.5164   4.714282     0.5249     0.0209     0.0456     -1.045    5.36979    7.67397    0.00680    0.00971      0.295    26.4295    26.4116    425.134    17.4432    36.3315 2.9354e-07       29.4 2.8715e-06       0.97 0.0000e+00
