CTD_data/C212_2_4.cnv
* Sea-Bird SBE 25 Data File:
* FileName = C:\CTD_Data\C212_2\C212_2_4.hex
* Software Version Seasave V 7.19
* Temperature SN = 4430
* Conductivity SN = 3138
* System UpLoad Time = May 09 2014 17:06:48
** Ship: Hermano Gines
** Station: Car 212
** Operator: Luis Medina
** Latitude: 10 30.19 N
** Longitude: 64 39.90 W
** Cuto perfil
# nquan = 24                                
# nvalues = 1816                        
# units = specified
# name 0 = scan: Scan Count
# name 1 = prSM: Pressure, Strain Gauge [db]
# name 2 = depSM: Depth [salt water, m]
# name 3 = t090C: Temperature [ITS-90, deg C]
# name 4 = c0S/m: Conductivity [S/m]
# name 5 = sbeox0V: Oxygen Voltage, SBE 43
# name 6 = flECO-AFL: Fluorescence, Wetlab ECO-AFL/FL [mg/m^3]
# name 7 = bat: Beam Attenuation, Chelsea/Seatech/Wetlab CStar [1/m]
# name 8 = dz/dtM: Descent Rate [m/s]
# name 9 = oxsatML/L: Oxygen Saturation [ml/l]
# name 10 = oxsatMg/L: Oxygen Saturation [mg/l]
# name 11 = sbeox0ML/L: Oxygen, SBE 43 [ml/l], WS = 2
# name 12 = sbeox0Mg/L: Oxygen, SBE 43 [mg/l], WS = 2
# name 13 = sbeox0Mm/Kg: Oxygen, SBE 43 [umol/Kg], WS = 2
# name 14 = sigma-é00: Density [sigma-theta, Kg/m^3]
# name 15 = sigma-t00: Density [sigma-t, Kg/m^3 ]
# name 16 = depSM: Depth [salt water, m], lat = 10.5
# name 17 = potemp090C: Potential Temperature [ITS-90, deg C]
# name 18 = sal00: Salinity [PSU]
# name 19 = E: stability, E [rad^2/m]
# name 20 = E10^-8: stability, E [10^-8 rad^2/m]
# name 21 = N^2: buoyancy frequency, N^2 [rad^2/s^2]
# name 22 = N: buoyancy frequency, N [cycles/h]
# name 23 = flag: flag
# span 0 =         90,      39520       
# span 1 =      0.000,    908.000       
# span 2 =     -0.000,    900.883       
# span 3 =    17.2551,    23.8519       
# span 4 =   4.694463,   5.423960       
# span 5 =     0.5247,     2.8268       
# span 6 =    -0.1165,     1.8002       
# span 7 =     0.0424,     0.5283       
# span 8 =     -1.260,      0.769       
# span 9 =    4.77097,    5.39894       
# span 10 =    6.81820,    7.71562      
# span 11 = -5.509e+61, 1.9634e+61      
# span 12 = -7.873e+61, 2.8060e+61      
# span 13 = -2.394e+63, 8.5341e+62      
# span 14 =    25.0489,    26.4631      
# span 15 =    25.0488,    26.4301      
# span 16 =      0.000,    900.882      
# span 17 =    17.1013,    23.8515      
# span 18 =    36.2673,    36.8257      
# span 19 = -7.560e-09, 6.7505e-05      
# span 20 =       -0.8,     6750.5      
# span 21 = -7.395e-08, 6.6033e-04      
# span 22 =      -0.16,      14.72      
# span 23 = 0.0000e+00, 0.0000e+00      
# interval = decibars: 1                
# start_time = May 09 2014 17:06:48
# bad_flag = -9.990e-29
*END*
[from data line 967]
      18505    848.000    841.473    17.2588   4.698903     0.5250     0.0571     0.0456     -0.688    5.39849    7.71498    0.00869    0.01241      0.378    26.4619    26.4269    841.473    17.1139    36.2697 5.5562e-09        0.6 5.4351e-08       0.13 0.0000e+00
      18519    847.000    840.483    17.2587   4.698841     0.5252     0.0287     0.0454     -0.517    5.39851    7.71500    0.00642    0.00917      0.279    26.4618    26.4268    840.483    17.1140    36.2696 1.1661e-08        1.2 1.1407e-07       0.19 0.0000e+00
      18532    846.000    839.492    17.2586   4.698784     0.5251     0.0316     0.0456     -0.658    5.39852    7.71502    0.00794    0.01134      0.345    26.4618    26.4268    839.493    17.1141    36.2696 1.9121e-08        1.9 1.8705e-07       0.25 0.0000e+00
      18547    845.000    838.502    17.2584   4.698746     0.5252     0.0454     0.0448     -0.450    5.39853    7.71504    0.00776    0.01108      0.337    26.4619    26.4271    838.502    17.1140    36.2698 1.7767e-08        1.8 1.7380e-07       0.24 0.0000e+00
      18558    844.000    837.512    17.2583   4.698688     0.5251     0.0382     0.0466     -0.737    5.39854    7.71505    0.00673    0.00961      0.292    26.4619    26.4270    837.512    17.1141    36.2698 1.3924e-08        1.4 1.3621e-07       0.21 0.0000e+00
      18571    843.000    836.521    17.2582   4.698623     0.5251     0.0441     0.0482     -0.636    5.39856    7.71508    0.00849    0.01213      0.369    26.4618    26.4270    836.522    17.1142    36.2697 2.6202e-09        0.3 2.5631e-08       0.09 0.0000e+00
      18583    842.000    835.531    17.2581   4.698552     0.5255     0.0371     0.0451     -0.618    5.39857    7.71510    0.00858    0.01226      0.373    26.4616    26.4269    835.531    17.1143    36.2695 -9.353e-11       -0.0 -9.149e-10      -0.02 0.0000e+00
      18596    841.000    834.540    17.2579   4.698501     0.5250     0.0362     0.0465     -0.634    5.39859    7.71512    0.00500    0.00715      0.217    26.4617    26.4270    834.541    17.1142    36.2696 -4.386e-09       -0.4 -4.290e-08      -0.12 0.0000e+00
      18608    840.000    833.550    17.2577   4.698446     0.5249     0.0491     0.0456     -0.693    5.39861    7.71515    0.00981    0.01401      0.426    26.4618    26.4271    833.551    17.1142    36.2697 1.2678e-09        0.1 1.2402e-08       0.06 0.0000e+00
      18621    839.000    832.560    17.2574   4.698374     0.5250     0.0487     0.0457     -0.607    5.39863    7.71519    0.00601    0.00859      0.261    26.4618    26.4272    832.560    17.1141    36.2697 1.4965e-09        0.1 1.4638e-08       0.07 0.0000e+00
      18633    838.000    831.570    17.2573   4.698330     0.5252     0.0365     0.0460     -0.639    5.39865    7.71520    0.00774    0.01106      0.336    26.4619    26.4273    831.570    17.1142    36.2698 -6.416e-09       -0.6 -6.276e-08      -0.14 0.0000e+00
      18645    837.000    830.580    17.2572   4.698268     0.5250     0.0458     0.0459     -0.668    5.39866    7.71522    0.00729    0.01042      0.317    26.4618    26.4273    830.580    17.1142    36.2697 -6.643e-09       -0.7 -6.498e-08      -0.15 0.0000e+00
      18658    836.000    829.589    17.2568   4.698189     0.5250     0.0375     0.0485     -0.673    5.39869    7.71527    0.00660    0.00943      0.287    26.4619    26.4274    829.589    17.1140    36.2698 -5.424e-10       -0.1 -5.306e-09      -0.04 0.0000e+00
      18673    835.000    828.599    17.2567   4.698115     0.5250     0.0362     0.0454     -0.423    5.39872    7.71530    0.00830    0.01185      0.361    26.4617    26.4273    828.599    17.1141    36.2696 1.1651e-08        1.2 1.1397e-07       0.19 0.0000e+00
      18684    834.000    827.608    17.2565   4.698048     0.5249     0.0331     0.0476     -0.767    5.39873    7.71533    0.00596    0.00852      0.259    26.4617    26.4273    827.609    17.1141    36.2695 1.6148e-08        1.6 1.5796e-07       0.23 0.0000e+00
      18698    833.000    826.618    17.2563   4.698001     0.5250     0.0298     0.0465     -0.480    5.39875    7.71536    0.00834    0.01192      0.362    26.4618    26.4275    826.618    17.1140    36.2697 1.3185e-08        1.3 1.2898e-07       0.21 0.0000e+00
      18709    832.000    825.628    17.2561   4.697930     0.5252     0.0362     0.0464     -0.711    5.39877    7.71539    0.00749    0.01071      0.325    26.4618    26.4275    825.628    17.1140    36.2696 1.4511e-08        1.5 1.4195e-07       0.22 0.0000e+00
      18723    831.000    824.637    17.2560   4.697881     0.5250     0.0487     0.0461     -0.580    5.39878    7.71540    0.00816    0.01166      0.355    26.4618    26.4275    824.638    17.1141    36.2697 1.3799e-08        1.4 1.3499e-07       0.21 0.0000e+00
      18738    830.000    823.647    17.2563   4.697861     0.5252     0.0325 -9.990e-29     -0.492    5.39876    7.71536    0.00611    0.00873      0.265    26.4616    26.4274    823.647    17.1146    36.2696 1.0836e-08        1.1 1.0600e-07       0.19 0.0000e+00
      18748    829.000    822.657    17.2565   4.697861     0.5251     0.0390     0.0460     -0.839    5.39873    7.71532    0.00685    0.00979      0.298    26.4617    26.4275    822.657    17.1149    36.2698 1.2850e-08        1.3 1.2570e-07       0.20 0.0000e+00
      18763    828.000    821.667    17.2565   4.697842     0.5249     0.0438     0.0457     -0.424    5.39872    7.71531    0.00734    0.01050      0.319    26.4618    26.4277    821.666    17.1151    36.2700 1.2835e-08        1.3 1.2555e-07       0.20 0.0000e+00
      18775    827.000    820.676    17.2567   4.697814     0.5253     0.0479     0.0467     -0.678    5.39870    7.71529    0.00876    0.01252      0.381    26.4617    26.4276    820.676    17.1155    36.2699 2.2755e-08        2.3 2.2259e-07       0.27 0.0000e+00
      18788    826.000    819.686    17.2567   4.697790     0.5251     0.0526     0.0462     -0.633    5.39870    7.71528    0.00666    0.00952      0.289    26.4618    26.4277    819.686    17.1157    36.2701 2.4997e-08        2.5 2.4452e-07       0.28 0.0000e+00
      18802    825.000    818.696    17.2567   4.697738     0.5250     0.0354     0.0462     -0.546    5.39870    7.71528    0.00771    0.01102      0.335    26.4617    26.4276    818.695    17.1158    36.2700 2.3860e-08        2.4 2.3339e-07       0.28 0.0000e+00
      18813    824.000    817.705    17.2567   4.697697     0.5249     0.0362     0.0478     -0.758    5.39870    7.71528    0.00674    0.00963      0.293    26.4616    26.4277    817.705    17.1160    36.2701 2.6307e-08        2.6 2.5734e-07       0.29 0.0000e+00
      18827    823.000    816.715    17.2567   4.697687     0.5252     0.0362     0.0453     -0.505    5.39869    7.71527    0.00754    0.01077      0.328    26.4618    26.4279    816.714    17.1162    36.2703 3.5971e-08        3.6 3.5187e-07       0.34 0.0000e+00
      18837    822.000    815.724    17.2575   4.697695     0.5251     0.0468     0.0465     -0.742    5.39862    7.71516    0.00818    0.01169      0.355    26.4614    26.4275    815.724    17.1171    36.2701 4.2936e-08        4.3 4.2000e-07       0.37 0.0000e+00
      18849    821.000    814.733    17.2576   4.697696     0.5250     0.0462     0.0465     -0.746    5.39859    7.71513    0.00772    0.01104      0.336    26.4615    26.4277    814.734    17.1174    36.2704 4.1779e-08        4.2 4.0868e-07       0.37 0.0000e+00
      18861    820.000    813.743    17.2576   4.697657     0.5253     0.0363     0.0467     -0.598    5.39859    7.71513    0.00850    0.01214      0.369    26.4615    26.4277    813.743    17.1176    36.2704 4.0632e-08        4.1 3.9746e-07       0.36 0.0000e+00
      18874    819.000    812.753    17.2586   4.697774     0.5252     0.0397     0.0459     -0.654    5.39847    7.71496    0.00630    0.00900      0.274    26.4616    26.4278    812.753    17.1188    36.2709 4.1310e-08        4.1 4.0410e-07       0.36 0.0000e+00
      18889    818.000    811.762    17.2594   4.697818     0.5249     0.0177     0.0440     -0.404    5.39839    7.71484    0.00767    0.01097      0.333    26.4614    26.4277    811.762    17.1197    36.2709 3.6794e-08        3.7 3.5992e-07       0.34 0.0000e+00
      18898    817.000    810.772    17.2595   4.697772     0.5251     0.0357 -9.990e-29     -0.874    5.39838    7.71483    0.00833    0.01191      0.362    26.4613    26.4276    810.772    17.1200    36.2708 2.5065e-08        2.5 2.4518e-07       0.28 0.0000e+00
      18911    816.000    809.782    17.2592   4.697726     0.5250     0.0398     0.0451     -0.630    5.39840    7.71486    0.00687    0.00982      0.299    26.4615    26.4278    809.781    17.1199    36.2711 2.8466e-08        2.8 2.7845e-07       0.30 0.0000e+00
      18925    815.000    808.791    17.2594   4.697695     0.5250     0.0455     0.0450     -0.500    5.39839    7.71483    0.00713    0.01019      0.310    26.4613    26.4277    808.791    17.1203    36.2710 2.6685e-08        2.7 2.6103e-07       0.29 0.0000e+00
      18936    814.000    807.801    17.2595   4.697675     0.5252     0.0391     0.0449     -0.775    5.39837    7.71481    0.00845    0.01207      0.367    26.4614    26.4278    807.801    17.1205    36.2711 1.8145e-08        1.8 1.7749e-07       0.24 0.0000e+00
      18948    813.000    806.810    17.2599   4.697701     0.5250     0.0280     0.0448     -0.697    5.39833    7.71475    0.00564    0.00806      0.245    26.4614    26.4279    806.810    17.1211    36.2713 1.3418e-08        1.3 1.3126e-07       0.21 0.0000e+00
      18960    812.000    805.819    17.2599   4.697652     0.5248     0.0360     0.0445     -0.610    5.39832    7.71475    0.00776    0.01109      0.337    26.4613    26.4278    805.820    17.1213    36.2713 8.2166e-09        0.8 8.0375e-08       0.16 0.0000e+00
      18972    811.000    804.829    17.2602   4.697660     0.5252     0.0428     0.0457     -0.681    5.39828    7.71469    0.00759    0.01085      0.330    26.4613    26.4279    804.829    17.1217    36.2715 2.3794e-08        2.4 2.3276e-07       0.28 0.0000e+00
      18986    810.000    803.839    17.2601   4.697602     0.5248     0.0364     0.0460     -0.601    5.39830    7.71470    0.00671    0.00959      0.292    26.4613    26.4279    803.839    17.1218    36.2714 2.3537e-08        2.4 2.3024e-07       0.27 0.0000e+00
      18998    809.000    802.849    17.2600   4.697569     0.5252     0.0362     0.0469     -0.599    5.39830    7.71471    0.00970    0.01387      0.422    26.4614    26.4280    802.848    17.1219    36.2716 3.1639e-08        3.2 3.0949e-07       0.32 0.0000e+00
      19009    808.000    801.858    17.2601   4.697514     0.5254     0.0299     0.0455     -0.690    5.39830    7.71471    0.00660    0.00943      0.287    26.4612    26.4279    801.858    17.1222    36.2714 4.2916e-08        4.3 4.1981e-07       0.37 0.0000e+00
      19022    807.000    800.868    17.2600   4.697492     0.5249     0.0360     0.0464     -0.706    5.39830    7.71471    0.00571    0.00815      0.248    26.4614    26.4281    800.867    17.1222    36.2717 4.4694e-08        4.5 4.3720e-07       0.38 0.0000e+00
      19037    806.000    799.877    17.2607   4.697517     0.5250     0.0362     0.0445     -0.445    5.39823    7.71461    0.00738    0.01054      0.321    26.4612    26.4279    799.877    17.1231    36.2716 4.5126e-08        4.5 4.4143e-07       0.38 0.0000e+00
      19048    805.000    798.886    17.2614   4.697571     0.5249     0.0362     0.0449     -0.738    5.39815    7.71449    0.00847    0.01211      0.368    26.4611    26.4279    798.886    17.1240    36.2719 4.7366e-08        4.7 4.6333e-07       0.39 0.0000e+00
      19060    804.000    797.896    17.2618   4.697581     0.5250     0.0362     0.0450     -0.661    5.39811    7.71443    0.00729    0.01041      0.317    26.4611    26.4279    797.896    17.1246    36.2720 4.7583e-08        4.8 4.6546e-07       0.39 0.0000e+00
      19073    803.000    796.905    17.2619   4.697545     0.5253     0.0291     0.0442     -0.646    5.39809    7.71442    0.00803    0.01148      0.349    26.4610    26.4278    796.905    17.1248    36.2719 4.3977e-08        4.4 4.3018e-07       0.38 0.0000e+00
      19086    802.000    795.915    17.2619   4.697520     0.5252     0.0182     0.0454     -0.573    5.39809    7.71441    0.00860    0.01230      0.374    26.4610    26.4280    795.915    17.1250    36.2721 4.4011e-08        4.4 4.3051e-07       0.38 0.0000e+00
      19097    801.000    794.924    17.2620   4.697494     0.5251 -9.990e-29     0.0465     -0.708    5.39808    7.71439    0.00557    0.00795      0.242    26.4610    26.4280    794.924    17.1253    36.2722 4.0685e-08        4.1 3.9798e-07       0.36 0.0000e+00
      19109    800.000    793.934    17.2621   4.697451     0.5251     0.0320     0.0446     -0.699    5.39807    7.71438    0.00795    0.01136      0.345    26.4609    26.4279    793.934    17.1255    36.2721 3.8934e-08        3.9 3.8086e-07       0.35 0.0000e+00
      19124    799.000    792.943    17.2623   4.697454     0.5250     0.0403     0.0454     -0.434    5.39804    7.71434    0.00706    0.01009      0.307    26.4610    26.4280    792.943    17.1259    36.2723 2.7662e-08        2.8 2.7059e-07       0.30 0.0000e+00
      19135    798.000    791.953    17.2624   4.697412     0.5252     0.0352     0.0454     -0.756    5.39803    7.71433    0.00716    0.01023      0.311    26.4608    26.4279    791.953    17.1262    36.2722 2.2258e-08        2.2 2.1773e-07       0.27 0.0000e+00
      19146    797.000    790.962    17.2623   4.697366     0.5250     0.0385     0.0438     -0.731    5.39804    7.71434    0.00639    0.00914      0.278    26.4609    26.4280    790.962    17.1263    36.2723 2.3186e-08        2.3 2.2681e-07       0.27 0.0000e+00
      19159    796.000    789.972    17.2622   4.697285     0.5249     0.0331     0.0454     -0.590    5.39806    7.71437    0.00855    0.01222      0.372    26.4607    26.4278    789.972    17.1263    36.2720 1.5760e-08        1.6 1.5416e-07       0.22 0.0000e+00
      19171    795.000    788.981    17.2620   4.697245     0.5252     0.0382     0.0447     -0.725    5.39808    7.71439    0.00709    0.01014      0.308    26.4608    26.4280    788.981    17.1263    36.2722 -4.348e-09       -0.4 -4.253e-08      -0.12 0.0000e+00
      19185    794.000    787.991    17.2619   4.697212     0.5251     0.0444     0.0463     -0.516    5.39808    7.71440    0.00709    0.01013      0.308    26.4610    26.4282    787.991    17.1264    36.2724 -4.366e-09       -0.4 -4.271e-08      -0.12 0.0000e+00
      19196    793.000    787.000    17.2618   4.697148     0.5248    -0.0317     0.0449     -0.695    5.39809    7.71441    0.00728    0.01041      0.316    26.4609    26.4282    787.000    17.1265    36.2723 -7.560e-09       -0.8 -7.395e-08      -0.16 0.0000e+00
      19208    792.000    786.010    17.2617   4.697088     0.5254    -0.0478     0.0460     -0.691    5.39810    7.71443    0.00957    0.01368      0.416    26.4608    26.4281    786.010    17.1265    36.2723 -1.494e-09       -0.1 -1.462e-08      -0.07 0.0000e+00
      19221    791.000    785.019    17.2614   4.697021     0.5254    -0.0742     0.0449     -0.625    5.39813    7.71447    0.00707    0.01010      0.307    26.4609    26.4283    785.019    17.1264    36.2723 1.4115e-09        0.1 1.3807e-08       0.07 0.0000e+00
      19233    790.000    784.028    17.2615   4.697026     0.5249    -0.0552     0.0452     -0.663    5.39811    7.71444    0.00587    0.00838      0.255    26.4611    26.4285    784.028    17.1267    36.2727 1.1106e-08        1.1 1.0864e-07       0.19 0.0000e+00
