CTD_data/C212_2_2.cnv
* Sea-Bird SBE 25 Data File:
* FileName = C:\CTD_Data\C212_2\C212_2_2.hex
* Software Version Seasave V 7.19
* Temperature SN = 4430
* Conductivity SN = 3138
* System UpLoad Time = May 08 2014 08:05:43
** Ship: Hermano gines
** Station: Cae 212_2
** Operator: Luis Medina
** Latitude: 10 29 86 N
** Longitude: 64 40 14 W
** segundo perfil
# nquan = 24                                
# nvalues = 712                         
# units = specified
# name 0 = scan: Scan Count
# name 1 = prSM: Pressure, Strain Gauge [db]
# name 2 = depSM: Depth [salt water, m]
# name 3 = t090C: Temperature [ITS-90, deg C]
# name 4 = c0S/m: Conductivity [S/m]
# name 5 = sbeox0V: Oxygen Voltage, SBE 43
# name 6 = flECO-AFL: Fluorescence, Wetlab ECO-AFL/FL [mg/m^3]
# name 7 = bat: Beam Attenuation, Chelsea/Seatech/Wetlab CStar [1/m]
# name 8 = dz/dtM: Descent Rate [m/s]
# name 9 = oxsatML/L: Oxygen Saturation [ml/l]
# name 10 = oxsatMg/L: Oxygen Saturation [mg/l]
# name 11 = sbeox0ML/L: Oxygen, SBE 43 [ml/l], WS = 2
# name 12 = sbeox0Mg/L: Oxygen, SBE 43 [mg/l], WS = 2
# name 13 = sbeox0Mm/Kg: Oxygen, SBE 43 [umol/Kg], WS = 2
# name 14 = sigma-é00: Density [sigma-theta, Kg/m^3]
# name 15 = sigma-t00: Density [sigma-t, Kg/m^3 ]
# name 16 = depSM: Depth [salt water, m], lat = 10.5
# name 17 = potemp090C: Potential Temperature [ITS-90, deg C]
# name 18 = sal00: Salinity [PSU]
# name 19 = E: stability, E [rad^2/m]
# name 20 = E10^-8: stability, E [10^-8 rad^2/m]
# name 21 = N^2: buoyancy frequency, N^2 [rad^2/s^2]
# name 22 = N: buoyancy frequency, N [cycles/h]
# name 23 = flag: flag
# span 0 =         47,      15792       
# span 1 =      0.000,    356.000       
# span 2 =      0.000,    353.678       
# span 3 =    17.6182,    23.2441       
# span 4 =   4.723761,   5.354930       
# span 5 =     0.5251,     2.7767       
# span 6 =    -1.7110,     8.7982       
# span 7 =     0.0408,     0.3586       
# span 8 =     -1.354,      1.240       
# span 9 =    4.82236,    5.35871       
# span 10 =    6.89164,    7.65814      
# span 11 =    0.00585,    4.66670      
# span 12 =    0.00835,    6.66917      
# span 13 =      0.254,    202.799      
# span 14 =    25.2083,    26.4161      
# span 15 =    25.2082,    26.4011      
# span 16 =      0.000,    353.678      
# span 17 =    17.5572,    23.2437      
# span 18 =    36.3500,    36.8176      
# span 19 = 6.4832e-08, 5.0490e-05      
# span 20 =        6.5,     5049.0      
# span 21 = 6.3419e-07, 4.9389e-04      
# span 22 =       0.46,      12.73      
# span 23 = 0.0000e+00, 0.0000e+00      
# interval = decibars: 1                
# start_time = May 08 2014 08:05:43
# bad_flag = -9.990e-29
*END*
[from data line 121]
       1438    122.000    121.272    19.0322   4.885995     1.6021    -0.0077     0.0663      0.915    5.21034    7.44610    2.40915    3.44291    104.677    26.2169    26.2112    121.273    19.0102    36.5671 4.3394e-06      433.9 4.2449e-05       3.73 0.0000e+00
       1449    123.000    122.266    19.0082   4.883075     1.5916    -0.0137     0.0528      0.836    5.21280    7.44961    2.40397    3.43551    104.452    26.2202    26.2145    122.266    18.9861    36.5633 3.2537e-06      325.4 3.1828e-05       3.23 0.0000e+00
       1465    124.000    123.260    18.9970   4.881765     1.5833     0.0055     0.0503      0.405    5.21394    7.45124    2.40572    3.43802    104.528    26.2220    26.2162    123.260    18.9747    36.5618 2.1279e-06      212.8 2.0815e-05       2.61 0.0000e+00
       1475    125.000    124.254    18.9908   4.881102     1.5807 -9.990e-29     0.0469      0.676    5.21456    7.45212    2.40608    3.43853    104.544    26.2232    26.2175    124.254    18.9683    36.5613 1.6439e-06      164.4 1.6080e-05       2.30 0.0000e+00
       1484    126.000    125.247    18.9902   4.881087     1.5785     0.0051     0.0465      0.969    5.21462    7.45221    2.40079    3.43097    104.314    26.2235    26.2176    125.248    18.9676    36.5613 1.0995e-06      110.0 1.0755e-05       1.88 0.0000e+00
       1497    127.000    126.241    18.9892   4.880996     1.5770    -0.0256     0.0436      0.572    5.21472    7.45236    2.39904    3.42847    104.238    26.2236    26.2177    126.241    18.9664    36.5611 6.9385e-07       69.4 6.7873e-06       1.49 0.0000e+00
       1508    128.000    127.235    18.9879   4.880889     1.5737    -0.0095     0.0434      0.748    5.21485    7.45255    2.38911    3.41427    103.807    26.2238    26.2179    127.235    18.9649    36.5609 5.5719e-07       55.7 5.4504e-06       1.34 0.0000e+00
       1520    129.000    128.229    18.9863   4.880743     1.5717    -0.0189     0.0415      0.647    5.21502    7.45278    2.39227    3.41880    103.944    26.2242    26.2182    128.229    18.9631    36.5607 5.3778e-07       53.8 5.2606e-06       1.31 0.0000e+00
       1533    130.000    129.223    18.9854   4.880732     1.5714    -0.0086     0.0453      0.598    5.21510    7.45289    2.39354    3.42061    103.999    26.2247    26.2187    129.222    18.9620    36.5610 5.5843e-07       55.8 5.4626e-06       1.34 0.0000e+00
       1543    131.000    130.216    18.9806   4.880157     1.5712    -0.0127     0.0429      0.769    5.21559    7.45360    2.39504    3.42276    104.065    26.2252    26.2192    130.216    18.9571    36.5601 6.2324e-07       62.3 6.0966e-06       1.41 0.0000e+00
       1554    132.000    131.210    18.9738   4.879379     1.5704    -0.0149     0.0423      0.781    5.21629    7.45460    2.38823    3.41301    103.768    26.2263    26.2202    131.210    18.9501    36.5591 7.5631e-07       75.6 7.3982e-06       1.56 0.0000e+00
       1566    133.000    132.204    18.9654   4.878369     1.5679    -0.0150     0.0431      0.625    5.21715    7.45583    2.37822    3.39872    103.334    26.2274    26.2212    132.204    18.9415    36.5577 9.6393e-07       96.4 9.4292e-06       1.76 0.0000e+00
       1577    134.000    133.197    18.9622   4.878057     1.5640    -0.0150     0.0425      0.734    5.21747    7.45629    2.35339    3.36323    102.254    26.2281    26.2219    133.197    18.9381    36.5575 1.1113e-06      111.1 1.0871e-05       1.89 0.0000e+00
       1590    135.000    134.191    18.9602   4.877855     1.5528    -0.0226     0.0411      0.630    5.21768    7.45659    2.31356    3.30631    100.524    26.2284    26.2222    134.191    18.9360    36.5572 1.2532e-06      125.3 1.2259e-05       2.01 0.0000e+00
       1601    136.000    135.185    18.9571   4.877565     1.5437    -0.0120     0.0421      0.646    5.21799    7.45702    2.30453    3.29340    100.131    26.2292    26.2229    135.185    18.9327    36.5571 1.8861e-06      188.6 1.8450e-05       2.46 0.0000e+00
       1610    137.000    136.178    18.9367   4.875034     1.5381    -0.0158     0.0426      0.916    5.22009    7.46003    2.29592    3.28110     99.758    26.2317    26.2253    136.178    18.9121    36.5534 2.4332e-06      243.3 2.3802e-05       2.80 0.0000e+00
       1622    138.000    137.172    18.9226   4.873517     1.5273    -0.0222     0.0448      0.675    5.22150    7.46204    2.24117    3.20285     97.379    26.2348    26.2284    137.172    18.8979    36.5527 2.8949e-06      289.5 2.8318e-05       3.05 0.0000e+00
       1636    139.000    138.165    18.9156   4.872643     1.5046    -0.0039     0.0452      0.536    5.22223    7.46309    2.17708    3.11127     94.594    26.2354    26.2290    138.166    18.8907    36.5511 3.1855e-06      318.6 3.1161e-05       3.20 0.0000e+00
       1647    140.000    139.159    18.8808   4.867927     1.4871    -0.0150     0.0458      0.687    5.22593    7.46838    2.13715    3.05420     92.860    26.2372    26.2308    139.159    18.8557    36.5417 3.3244e-06      332.4 3.2519e-05       3.27 0.0000e+00
       1657    141.000    140.153    18.8175   4.860838     1.4709    -0.0150     0.0447      0.845    5.23228    7.47745    2.11101    3.01684     91.724    26.2502    26.2437    140.153    18.7923    36.5374 3.2886e-06      328.9 3.2169e-05       3.25 0.0000e+00
       1667    142.000    141.147    18.8005   4.858801     1.4581    -0.0150     0.0450      0.786    5.23403    7.47995    2.10030    3.00153     91.258    26.2526    26.2461    141.147    18.7751    36.5349 3.1145e-06      311.4 3.0466e-05       3.16 0.0000e+00
       1681    143.000    142.140    18.7870   4.857263     1.4462    -0.0150     0.0483      0.610    5.23540    7.48191    2.09306    2.99119     90.944    26.2550    26.2485    142.140    18.7615    36.5334 2.8129e-06      281.3 2.7516e-05       3.01 0.0000e+00
       1692    144.000    143.134    18.7843   4.857001     1.4416    -0.0201     0.0558      0.574    5.23568    7.48231    2.09671    2.99641     91.103    26.2556    26.2490    143.134    18.7586    36.5332 2.4361e-06      243.6 2.3830e-05       2.80 0.0000e+00
       1702    145.000    144.127    18.7715   4.855405     1.4396    -0.0223     0.0566      0.900    5.23701    7.48422    2.10873    3.01359     91.625    26.2569    26.2503    144.128    18.7456    36.5307 1.9356e-06      193.6 1.8934e-05       2.49 0.0000e+00
       1716    146.000    145.121    18.7607   4.854126     1.4407    -0.0147     0.0590      0.524    5.23813    7.48581    2.10415    3.00704     91.426    26.2585    26.2518    145.121    18.7347    36.5290 1.2800e-06      128.0 1.2521e-05       2.03 0.0000e+00
       1726    147.000    146.114    18.7508   4.853047     1.4376    -0.0075     0.0616      0.643    5.23913    7.48724    2.09965    3.00061     91.230    26.2605    26.2538    146.115    18.7246    36.5283 1.1100e-06      111.0 1.0858e-05       1.89 0.0000e+00
       1736    148.000    147.108    18.7482   4.852788     1.4380    -0.0193     0.0650      0.885    5.23939    7.48762    2.10780    3.01227     91.585    26.2610    26.2542    147.108    18.7218    36.5280 1.0119e-06      101.2 9.8988e-06       1.80 0.0000e+00
       1751    149.000    148.102    18.7430   4.852148     1.4345    -0.0180     0.0636      0.448    5.23994    7.48840    2.05669    2.93921     89.364    26.2614    26.2546    148.102    18.7165    36.5268 1.0298e-06      103.0 1.0074e-05       1.82 0.0000e+00
       1762    150.000    149.096    18.7353   4.851360     1.4207    -0.0223     0.0646      0.692    5.24071    7.48949    2.01255    2.87614     87.446    26.2633    26.2564    149.096    18.7086    36.5266 1.0314e-06      103.1 1.0089e-05       1.82 0.0000e+00
       1771    151.000    150.089    18.7348   4.851323     1.4101    -0.0106     0.0652      0.915    5.24076    7.48957    1.99276    2.84786     86.586    26.2632    26.2564    150.089    18.7079    36.5263 1.0913e-06      109.1 1.0675e-05       1.87 0.0000e+00
       1784    152.000    151.082    18.7299   4.850719     1.3954    -0.0059     0.0671      0.612    5.24128    7.49032    1.96340    2.80590     85.311    26.2636    26.2567    151.083    18.7028    36.5252 1.3015e-06      130.1 1.2731e-05       2.04 0.0000e+00
       1798    153.000    152.076    18.7201   4.849551     1.3840    -0.0052     0.0675      0.557    5.24230    7.49177    1.95475    2.79354     84.935    26.2650    26.2580    152.076    18.6929    36.5236 1.5443e-06      154.4 1.5106e-05       2.23 0.0000e+00
       1808    154.000    153.070    18.7070   4.848052     1.3777    -0.0149     0.0694      0.760    5.24364    7.49368    1.93593    2.76664     84.117    26.2672    26.2602    153.070    18.6796    36.5221 1.7320e-06      173.2 1.6942e-05       2.36 0.0000e+00
       1819    155.000    154.064    18.6966   4.846809     1.3688    -0.0224     0.0733      0.794    5.24472    7.49522    1.91243    2.73305     83.096    26.2686    26.2616    154.064    18.6690    36.5204 1.7931e-06      179.3 1.7540e-05       2.40 0.0000e+00
       1832    156.000    155.058    18.6788   4.844621     1.3564    -0.0122     0.0751      0.548    5.24657    7.49788    1.88419    2.69270     81.869    26.2708    26.2637    155.057    18.6511    36.5173 1.8152e-06      181.5 1.7756e-05       2.41 0.0000e+00
       1844    157.000    156.051    18.6563   4.842091     1.3482    -0.0186     0.0744      0.685    5.24885    7.50114    1.88075    2.68777     81.719    26.2751    26.2680    156.051    18.6284    36.5154 1.7585e-06      175.9 1.7202e-05       2.38 0.0000e+00
       1856    158.000    157.044    18.6435   4.840543     1.3441    -0.0086     0.0754      0.670    5.25019    7.50305    1.88502    2.69388     81.905    26.2767    26.2696    157.044    18.6154    36.5132 1.6914e-06      169.1 1.6545e-05       2.33 0.0000e+00
       1867    159.000    158.037    18.6373   4.839916     1.3414    -0.0101     0.0809      0.713    5.25081    7.50393    1.87754    2.68319     81.580    26.2782    26.2710    158.038    18.6091    36.5130 1.6436e-06      164.4 1.6078e-05       2.30 0.0000e+00
       1880    160.000    159.031    18.6362   4.839811     1.3335    -0.0065     0.0754      0.633    5.25093    7.50410    1.82449    2.60738     79.275    26.2783    26.2711    159.031    18.6078    36.5127 2.1399e-06      214.0 2.0933e-05       2.62 0.0000e+00
       1892    161.000    160.025    18.6349   4.839702     1.3179     0.0041     0.0755      0.613    5.25106    7.50429    1.74003    2.48667     75.605    26.2785    26.2713    160.025    18.6063    36.5126 2.6222e-06      262.2 2.5650e-05       2.90 0.0000e+00
       1902    162.000    161.018    18.6218   4.838079     1.2758    -0.0067     0.0744      0.842    5.25243    7.50625    1.46595    2.09499     63.696    26.2800    26.2727    161.019    18.5931    36.5100 3.1478e-06      314.8 3.0792e-05       3.18 0.0000e+00
       1918    163.000    162.012    18.6046   4.836038     1.1607    -0.0155     0.0732      0.406    5.25421    7.50880    1.18039    1.68690     51.289    26.2825    26.2752    162.012    18.5757    36.5076 3.7342e-06      373.4 3.6528e-05       3.46 0.0000e+00
       1929    164.000    163.006    18.5618   4.830339     1.1098    -0.0150     0.0732      0.663    5.25880    7.51535    1.20222    1.71810     52.238    26.2851    26.2778    163.006    18.5328    36.4967 4.3048e-06      430.5 4.2110e-05       3.72 0.0000e+00
       1937    165.000    163.999    18.4835   4.821223     1.0845    -0.0150     0.0762      0.943    5.26684    7.52684    1.17980    1.68606     51.264    26.2985    26.2912    163.999    18.4544    36.4883 4.9471e-06      494.7 4.8393e-05       3.99 0.0000e+00
       1950    166.000    164.993    18.4531   4.817564     1.0555    -0.0300     0.0844      0.669    5.27001    7.53137    1.12985    1.61467     49.093    26.3028    26.2954    164.993    18.4238    36.4838 5.2596e-06      526.0 5.1450e-05       4.11 0.0000e+00
       1963    167.000    165.986    18.4195   4.813592     1.0219    -0.0147     0.0885      0.587    5.27349    7.53635    1.02456    1.46421     44.518    26.3080    26.3005    165.986    18.3901    36.4794 5.1590e-06      515.9 5.0465e-05       4.07 0.0000e+00
       1974    168.000    166.980    18.3920   4.810251     0.9886    -0.0076     0.0882      0.704    5.27638    7.54047    0.97318    1.39077     42.286    26.3115    26.3041    166.980    18.3625    36.4750 4.7838e-06      478.4 4.6796e-05       3.92 0.0000e+00
       1985    169.000    167.973    18.3526   4.805428     0.9706 -9.990e-29     0.0884      0.740    5.28051    7.54638    0.99174    1.41730     43.093    26.3165    26.3090    167.973    18.3229    36.4685 4.1414e-06      414.1 4.0512e-05       3.65 0.0000e+00
       1998    170.000    168.967    18.3055   4.799943     0.9612    -0.0118     0.0834      0.586    5.28540    7.55336    0.99622    1.42370     43.287    26.3243    26.3168    168.967    18.2757    36.4632 3.2851e-06      328.5 3.2135e-05       3.25 0.0000e+00
       2007    171.000    169.960    18.2995   4.799409     0.9566    -0.0006     0.0805      0.809    5.28599    7.55421    0.98998    1.41478     43.016    26.3262    26.3186    169.960    18.2695    36.4636 2.8468e-06      284.7 2.7847e-05       3.02 0.0000e+00
       2021    172.000    170.954    18.2950   4.798817     0.9519    -0.0004     0.0779      0.628    5.28648    7.55491    0.98715    1.41074     42.893    26.3262    26.3187    170.954    18.2649    36.4622 2.4182e-06      241.8 2.3655e-05       2.79 0.0000e+00
       2034    173.000    171.948    18.2851   4.797734     0.9484    -0.0080     0.0775      0.563    5.28750    7.55636    0.98224    1.40372     42.680    26.3281    26.3205    171.947    18.2548    36.4613 2.0006e-06      200.1 1.9570e-05       2.53 0.0000e+00
       2044    174.000    172.940    18.2841   4.797735     0.9463    -0.0095     0.0793      0.764    5.28759    7.55649    0.97244    1.38972     42.254    26.3288    26.3212    172.941    18.2536    36.4618 1.6719e-06      167.2 1.6354e-05       2.32 0.0000e+00
       2053    175.000    173.934    18.2729   4.796385     0.9425    -0.0150     0.0803      0.939    5.28877    7.55817    0.95377    1.36303     41.442    26.3302    26.3225    173.934    18.2423    36.4599 1.4250e-06      142.5 1.3940e-05       2.14 0.0000e+00
       2063    176.000    174.928    18.2580   4.794635     0.9332    -0.0080     0.0802      0.815    5.29033    7.56041    0.90201    1.28906     39.194    26.3324    26.3246    174.928    18.2272    36.4578 1.4546e-06      145.5 1.4229e-05       2.16 0.0000e+00
       2074    177.000    175.921    18.2495   4.793744     0.9189    -0.0061     0.0691      0.648    5.29120    7.56165    0.86714    1.23923     37.678    26.3342    26.3264    175.921    18.2185    36.4574 1.5410e-06      154.1 1.5074e-05       2.22 0.0000e+00
       2082    178.000    176.915    18.2419   4.792757     0.9093    -0.0048     0.0687      0.907    5.29202    7.56283    0.85039    1.21530     36.951    26.3346    26.3268    176.915    18.2108    36.4553 1.5458e-06      154.6 1.5121e-05       2.23 0.0000e+00
       2091    179.000    177.909    18.2229   4.790548     0.8993     0.0025     0.0680      0.977    5.29400    7.56566    0.82194    1.17463     35.714    26.3376    26.3297    177.908    18.1916    36.4529 1.6503e-06      165.0 1.6143e-05       2.30 0.0000e+00
       2099    180.000    178.902    18.2154   4.789669     0.8886    -0.0004     0.0658      0.905    5.29479    7.56679    0.79490    1.13600     34.540    26.3386    26.3307    178.902    18.1839    36.4517 1.7637e-06      176.4 1.7252e-05       2.38 0.0000e+00
       2108    181.000    179.895    18.2080   4.788822     0.8755 -9.990e-29     0.0642      0.936    5.29557    7.56790    0.74480    1.06440     32.363    26.3396    26.3317    179.895    18.1764    36.4507 1.7871e-06      178.7 1.7481e-05       2.40 0.0000e+00
