CTD_data/C212_3_2.cnv
* Sea-Bird SBE 25 Data File:
* FileName = C:\CTD_Data\C212_3\C212_3_2.hex
* Software Version Seasave V 7.19
* Temperature SN = 4430
* Conductivity SN = 3138
* System UpLoad Time = May 12 2014 20:14:08
** Ship: Hermano Gines
** Station: Car212_3
** Operator: Luis Medina
** Latitude: 10 29.92 N
** Longitude: 64 40.08 W
** segundo perfil
# nquan = 24                                
# nvalues = 490                         
# units = specified
# name 0 = scan: Scan Count
# name 1 = prSM: Pressure, Strain Gauge [db]
# name 2 = depSM: Depth [salt water, m]
# name 3 = t090C: Temperature [ITS-90, deg C]
# name 4 = c0S/m: Conductivity [S/m]
# name 5 = sbeox0V: Oxygen Voltage, SBE 43
# name 6 = flECO-AFL: Fluorescence, Wetlab ECO-AFL/FL [mg/m^3]
# name 7 = bat: Beam Attenuation, Chelsea/Seatech/Wetlab CStar [1/m]
# name 8 = dz/dtM: Descent Rate [m/s]
# name 9 = oxsatML/L: Oxygen Saturation [ml/l]
# name 10 = oxsatMg/L: Oxygen Saturation [mg/l]
# name 11 = sbeox0ML/L: Oxygen, SBE 43 [ml/l], WS = 2
# name 12 = sbeox0Mg/L: Oxygen, SBE 43 [mg/l], WS = 2
# name 13 = sbeox0Mm/Kg: Oxygen, SBE 43 [umol/Kg], WS = 2
# name 14 = sigma-é00: Density [sigma-theta, Kg/m^3]
# name 15 = sigma-t00: Density [sigma-t, Kg/m^3 ]
# name 16 = depSM: Depth [salt water, m], lat = 10.5
# name 17 = potemp090C: Potential Temperature [ITS-90, deg C]
# name 18 = sal00: Salinity [PSU]
# name 19 = E: stability, E [rad^2/m]
# name 20 = E10^-8: stability, E [10^-8 rad^2/m]
# name 21 = N^2: buoyancy frequency, N^2 [rad^2/s^2]
# name 22 = N: buoyancy frequency, N [cycles/h]
# name 23 = flag: flag
# span 0 =         59,      13433       
# span 1 =      0.000,    245.000       
# span 2 =     -0.000,    243.467       
# span 3 =    18.0243,    24.7604       
# span 4 =   4.768799,   5.533434       
# span 5 =     0.6578,     2.8419       
# span 6 =    -0.0297,     1.0548       
# span 7 =     0.0560,     0.3399       
# span 8 =     -1.485,      1.438       
# span 9 =    4.69493,    5.31513       
# span 10 =    6.70953,    7.59585      
# span 11 =    0.32037,    4.98064      
# span 12 =    0.45784,    7.11783      
# span 13 =     13.921,    216.537      
# span 14 =    24.8104,    26.3638      
# span 15 =    24.8104,    26.3533      
# span 16 =      0.000,    243.467      
# span 17 =    17.9817,    24.7587      
# span 18 =    36.4182,    36.9307      
# span 19 = 2.8024e-08, 5.5320e-05      
# span 20 =        2.8,     5532.0      
# span 21 = 2.7413e-07, 5.4114e-04      
# span 22 =       0.30,      13.33      
# span 23 = 0.0000e+00, 0.0000e+00      
# interval = decibars: 1                
# start_time = May 12 2014 20:14:08
# bad_flag = -9.990e-29
*END*
[from data line 61]
        969     62.000     61.640    20.8164   5.097575     1.8727     0.1092     0.0822     -0.008    5.03543    7.19613    2.95411    4.22172    128.355    25.9025    25.8992     61.639    20.8045    36.7790 5.4328e-06      543.3 5.3143e-05       4.18 0.0000e+00
        978     63.000     62.633    20.7834   5.093585     1.8756 -9.990e-29     0.0841      0.819    5.03857    7.20062    2.95176    4.21836    128.253    25.9083    25.9050     62.633    20.7713    36.7748 4.8988e-06      489.9 4.7920e-05       3.97 0.0000e+00
        986     64.000     63.628    20.7374   5.087690     1.8704     0.1210     0.0814      1.140    5.04303    7.20700    2.91502    4.16586    126.657    25.9145    25.9111     63.627    20.7252    36.7663 5.0620e-06      506.2 4.9517e-05       4.03 0.0000e+00
       1000     65.000     64.622    20.6820   5.081174     1.8610     0.1041     0.0785      0.588    5.04829    7.21450    2.90673    4.15401    126.297    25.9255    25.9221     64.621    20.6696    36.7609 5.5937e-06      559.4 5.4718e-05       4.24 0.0000e+00
       1017     66.000     65.615    20.6724   5.080076     1.8488     0.0999     0.0874      0.291    5.04920    7.21580    2.86870    4.09966    124.644    25.9274    25.9240     65.615    20.6598    36.7599 6.2189e-06      621.9 6.0834e-05       4.47 0.0000e+00
       1023     67.000     66.609    20.6538   5.077714     1.8437     0.1155     0.0945      0.924    5.05101    7.21840    2.87116    4.10317    124.751    25.9298    25.9264     66.609    20.6410    36.7564 6.6551e-06      665.5 6.5101e-05       4.62 0.0000e+00
       1033     68.000     67.603    20.6113   5.072665     1.8396     0.1031     0.0983      1.041    5.05506    7.22419    2.87186    4.10417    124.781    25.9378    25.9343     67.603    20.5984    36.7518 6.5974e-06      659.7 6.4536e-05       4.60 0.0000e+00
       1054     69.000     68.598    20.5596   5.065840     1.8290     0.0803     0.1114      0.101    5.06016    7.23148    2.84082    4.05981    123.433    25.9434    25.9398     68.597    20.5465    36.7406 6.3025e-06      630.2 6.1651e-05       4.50 0.0000e+00
       1061     70.000     69.591    20.4984   5.059102     1.8252     0.0838     0.1106      0.791    5.06589    7.23966    2.84579    4.06693    123.649    25.9582    25.9546     69.591    20.4851    36.7383 5.9358e-06      593.6 5.8064e-05       4.37 0.0000e+00
       1067     71.000     70.585    20.4591   5.054336     1.8222     0.0670     0.1172      1.236    5.06968    7.24508    2.83624    4.05327    123.234    25.9649    25.9613     70.585    20.4457    36.7331 5.6864e-06      568.6 5.5625e-05       4.27 0.0000e+00
       1081     72.000     71.579    20.4195   5.049341     1.8121     0.0761     0.1236      0.700    5.07355    7.25061    2.81400    4.02149    122.268    25.9704    25.9668     71.579    20.4059    36.7263 5.1274e-06      512.7 5.0157e-05       4.06 0.0000e+00
       1098     73.000     72.574    20.4066   5.047735     1.8043     0.0447     0.1435      0.405    5.07482    7.25243    2.82075    4.03114    122.561    25.9722    25.9685     72.573    20.3928    36.7240 4.3952e-06      439.5 4.2994e-05       3.76 0.0000e+00
       1107     74.000     73.568    20.3951   5.046320     1.8054     0.0675     0.1431      0.723    5.07595    7.25404    2.82451    4.03651    122.724    25.9739    25.9701     73.567    20.3811    36.7220 3.7174e-06      371.7 3.6364e-05       3.46 0.0000e+00
       1115     75.000     74.561    20.3730   5.043725     1.8035     0.0794     0.1468      1.081    5.07807    7.25707    2.81877    4.02830    122.475    25.9780    25.9742     74.561    20.3588    36.7196 2.9553e-06      295.5 2.8909e-05       3.08 0.0000e+00
       1128     76.000     75.555    20.3607   5.042267     1.8037     0.0617     0.1457      0.648    5.07927    7.25878    2.82692    4.03995    122.829    25.9802    25.9763     75.555    20.3464    36.7180 2.6637e-06      266.4 2.6057e-05       2.92 0.0000e+00
       1142     77.000     76.549    20.3515   5.041211     1.8027     0.0795     0.1432      0.422    5.08015    7.26004    2.81755    4.02655    122.421    25.9819    25.9780     76.549    20.3370    36.7170 2.5134e-06      251.3 2.4586e-05       2.84 0.0000e+00
       1150     78.000     77.544    20.3323   5.039048     1.8018     0.0683     0.1405      0.991    5.08197    7.26265    2.82353    4.03510    122.681    25.9860    25.9821     77.543    20.3176    36.7156 2.4565e-06      245.6 2.4029e-05       2.81 0.0000e+00
       1167     79.000     78.537    20.3198   5.037670     1.8044     0.0510     0.1334      0.361    5.08316    7.26435    2.84039    4.05921    123.414    25.9889    25.9848     78.537    20.3049    36.7148 2.3013e-06      230.1 2.2511e-05       2.72 0.0000e+00
       1178     80.000     79.531    20.3109   5.036657     1.8063     0.0583     0.1331      0.622    5.08402    7.26557    2.83800    4.05579    123.310    25.9906    25.9865     79.531    20.2958    36.7138 2.0359e-06      203.6 1.9915e-05       2.56 0.0000e+00
       1187     81.000     80.525    20.3008   5.035534     1.8053     0.0527     0.1314      1.008    5.08498    7.26695    2.83072    4.04538    122.993    25.9927    25.9886     80.525    20.2855    36.7130 1.8016e-06      180.2 1.7624e-05       2.41 0.0000e+00
       1200     82.000     81.519    20.2898   5.034252     1.8046     0.0524     0.1277      0.525    5.08605    7.26848    2.82584    4.03841    122.782    25.9947    25.9906     81.519    20.2744    36.7117 1.5507e-06      155.1 1.5169e-05       2.23 0.0000e+00
       1212     83.000     82.513    20.2854   5.033850     1.8002     0.0534     0.1225      0.644    5.08645    7.26905    2.81821    4.02750    122.450    25.9961    25.9919     82.513    20.2698    36.7119 1.2472e-06      124.7 1.2200e-05       2.00 0.0000e+00
       1221     84.000     83.507    20.2826   5.033601     1.8013     0.0723     0.1230      0.830    5.08672    7.26943    2.83530    4.05193    123.192    25.9969    25.9927     83.507    20.2668    36.7119 1.0195e-06      102.0 9.9731e-06       1.81 0.0000e+00
       1231     85.000     84.501    20.2800   5.033335     1.8025     0.0597     0.1240      0.883    5.08697    7.26979    2.83600    4.05292    123.223    25.9974    25.9931     84.501    20.2640    36.7116 8.6411e-07       86.4 8.4527e-06       1.67 0.0000e+00
       1249     86.000     85.495    20.2784   5.033200     1.8059     0.0580     0.1202      0.180    5.08711    7.27000    2.84069    4.05963    123.427    25.9979    25.9935     85.495    20.2622    36.7115 7.4476e-07       74.5 7.2853e-06       1.55 0.0000e+00
       1256     87.000     86.489    20.2762   5.033064     1.8050     0.0734     0.1222      0.826    5.08731    7.27028    2.83469    4.05106    123.166    25.9988    25.9944     86.489    20.2598    36.7120 7.7766e-07       77.8 7.6071e-06       1.58 0.0000e+00
       1264     88.000     87.482    20.2736   5.032787     1.8040     0.0729     0.1216      1.165    5.08756    7.27064    2.83150    4.04650    123.027    25.9993    25.9948     87.483    20.2570    36.7116 8.8100e-07       88.1 8.6180e-06       1.68 0.0000e+00
       1280     89.000     88.476    20.2708   5.032436     1.8041     0.0433     0.1190      0.488    5.08785    7.27105    2.84212    4.06167    123.489    25.9995    25.9950     88.476    20.2541    36.7108 1.0046e-06      100.5 9.8275e-06       1.80 0.0000e+00
       1294     90.000     89.471    20.2672   5.032086     1.8076     0.0510     0.1195      0.480    5.08819    7.27153    2.85583    4.08126    124.085    26.0004    25.9958     89.470    20.2503    36.7107 1.1464e-06      114.6 1.1214e-05       1.92 0.0000e+00
       1302     91.000     90.465    20.2596   5.031171     1.8090     0.0509     0.1194      0.968    5.08894    7.27260    2.84809    4.07020    123.748    26.0015    25.9969     90.464    20.2425    36.7094 1.2768e-06      127.7 1.2489e-05       2.02 0.0000e+00
       1310     92.000     91.458    20.2474   5.029870     1.8077 -9.990e-29     0.1190      1.095    5.09008    7.27424    2.84118    4.06033    123.448    26.0045    25.9999     91.458    20.2301    36.7090 1.3293e-06      132.9 1.3004e-05       2.07 0.0000e+00
       1325     93.000     92.452    20.2402   5.029081     1.8049     0.0465     0.1146      0.538    5.09077    7.27522    2.83256    4.04802    123.073    26.0060    26.0014     92.452    20.2227    36.7084 1.3436e-06      134.4 1.3143e-05       2.08 0.0000e+00
       1338     94.000     93.446    20.2350   5.028516     1.8031     0.0411 -9.990e-29      0.471    5.09127    7.27594    2.84407    4.06446    123.573    26.0071    26.0024     93.446    20.2173    36.7079 1.4099e-06      141.0 1.3792e-05       2.13 0.0000e+00
       1345     95.000     94.440    20.2262   5.027508     1.8049     0.0507     0.1138      0.952    5.09213    7.27716    2.84969    4.07249    123.817    26.0088    26.0040     94.440    20.2084    36.7069 1.4815e-06      148.1 1.4492e-05       2.18 0.0000e+00
       1357     96.000     95.433    20.2174   5.026474     1.8064     0.0399     0.1127      0.859    5.09299    7.27839    2.84979    4.07263    123.822    26.0103    26.0054     95.434    20.1994    36.7057 1.5082e-06      150.8 1.4753e-05       2.20 0.0000e+00
       1373     97.000     96.427    20.2163   5.026404     1.8059     0.0550     0.1118      0.304    5.09308    7.27853    2.84211    4.06167    123.488    26.0106    26.0057     96.428    20.1981    36.7057 1.4505e-06      145.0 1.4188e-05       2.16 0.0000e+00
       1381     98.000     97.421    20.2113   5.025772     1.8053     0.0511     0.1134      0.825    5.09359    7.27925    2.84409    4.06449    123.574    26.0111    26.0062     97.421    20.1929    36.7045 1.4082e-06      140.8 1.3775e-05       2.13 0.0000e+00
       1392     99.000     98.416    20.1943   5.023766     1.8055     0.0473     0.1117      0.827    5.09524    7.28161    2.84846    4.07073    123.764    26.0141    26.0091     98.415    20.1757    36.7025 1.3512e-06      135.1 1.3217e-05       2.08 0.0000e+00
       1406    100.000     99.410    20.1818   5.022402     1.8052     0.0434     0.1048      0.399    5.09643    7.28331    2.84493    4.06569    123.611    26.0170    26.0120     99.409    20.1630    36.7018 1.2444e-06      124.4 1.2173e-05       2.00 0.0000e+00
       1415    101.000    100.403    20.1754   5.021713     1.8046     0.0399     0.1017      0.856    5.09704    7.28419    2.84547    4.06646    123.634    26.0184    26.0133    100.403    20.1565    36.7013 1.1272e-06      112.7 1.1027e-05       1.90 0.0000e+00
       1428    102.000    101.397    20.1730   5.021456     1.8037     0.0356     0.1014      0.714    5.09728    7.28453    2.83976    4.05830    123.386    26.0188    26.0137    101.397    20.1539    36.7009 1.0210e-06      102.1 9.9877e-06       1.81 0.0000e+00
       1440    103.000    102.391    20.1708   5.021189     1.8014     0.0331     0.1007      0.589    5.09750    7.28484    2.83837    4.05631    123.326    26.0189    26.0138    102.391    20.1515    36.7003 8.6315e-07       86.3 8.4433e-06       1.66 0.0000e+00
       1450    104.000    103.384    20.1674   5.020844     1.8024     0.0485     0.1000      0.816    5.09784    7.28532    2.84772    4.06968    123.732    26.0197    26.0145    103.384    20.1479    36.7000 6.8878e-07       68.9 6.7376e-06       1.49 0.0000e+00
       1460    105.000    104.378    20.1646   5.020512     1.8018     0.0364     0.1029      0.784    5.09811    7.28571    2.83612    4.05310    123.228    26.0200    26.0147    104.378    20.1449    36.6994 5.7017e-07       57.0 5.5775e-06       1.35 0.0000e+00
       1474    106.000    105.372    20.1594   5.019838     1.8000     0.0434     0.1073      0.600    5.09864    7.28647    2.84135    4.06057    123.455    26.0204    26.0151    105.372    20.1395    36.6980 5.4358e-07       54.4 5.3173e-06       1.32 0.0000e+00
       1488    107.000    106.366    20.1558   5.019471     1.8030     0.0360     0.1091      0.483    5.09898    7.28696    2.85923    4.08613    124.232    26.0212    26.0158    106.366    20.1357    36.6977 5.6309e-07       56.3 5.5082e-06       1.34 0.0000e+00
       1497    108.000    107.360    20.1528   5.019157     1.8047     0.0438     0.1126      0.811    5.09928    7.28738    2.84953    4.07227    123.811    26.0218    26.0164    107.360    20.1326    36.6974 6.2947e-07       62.9 6.1575e-06       1.42 0.0000e+00
       1506    109.000    108.353    20.1498   5.018959     1.8032     0.0384     0.1126      0.991    5.09954    7.28775    2.84463    4.06526    123.597    26.0231    26.0177    108.354    20.1294    36.6980 8.2108e-07       82.1 8.0318e-06       1.62 0.0000e+00
       1519    110.000    109.347    20.1490   5.018872     1.8011     0.0575     0.1059      0.612    5.09963    7.28788    2.83190    4.04707    123.044    26.0231    26.0176    109.347    20.1284    36.6976 1.2087e-06      120.9 1.1824e-05       1.97 0.0000e+00
       1531    111.000    110.341    20.1468   5.018648     1.7970     0.0510     0.1021      0.641    5.09984    7.28818    2.83070    4.04536    122.992    26.0235    26.0179    110.341    20.1260    36.6973 1.5119e-06      151.2 1.4789e-05       2.20 0.0000e+00
       1546    112.000    111.334    20.1388   5.017601     1.7981     0.0348     0.1037      0.535    5.10065    7.28934    2.84236    4.06201    123.499    26.0241    26.0185    111.335    20.1178    36.6953 1.6590e-06      165.9 1.6228e-05       2.31 0.0000e+00
       1556    113.000    112.328    20.1268   5.016134     1.7984     0.0362     0.1130      0.622    5.10184    7.29104    2.83673    4.05397    123.254    26.0259    26.0202    112.329    20.1056    36.6933 1.9729e-06      197.3 1.9299e-05       2.52 0.0000e+00
       1564    114.000    113.322    20.1026   5.013214     1.7960     0.0636     0.1179      1.010    5.10421    7.29442    2.81742    4.02638    122.415    26.0299    26.0242    113.323    20.0813    36.6900 2.2271e-06      222.7 2.1785e-05       2.67 0.0000e+00
       1577    115.000    114.316    20.0783   5.010553     1.7914     0.0496     0.1136      0.787    5.10652    7.29772    2.82067    4.03102    122.556    26.0356    26.0298    114.316    20.0568    36.6889 2.4341e-06      243.4 2.3811e-05       2.80 0.0000e+00
       1595    116.000    115.310    20.0749   5.010223     1.7911     0.0510     0.1120      0.181    5.10684    7.29819    2.82839    4.04205    122.892    26.0364    26.0306    115.310    20.0532    36.6888 2.5083e-06      250.8 2.4536e-05       2.84 0.0000e+00
       1602    117.000    116.304    20.0747   5.010124     1.7907     0.0509     0.1144      1.009    5.10689    7.29826    2.82580    4.03836    122.780    26.0357    26.0299    116.304    20.0528    36.6878 2.4531e-06      245.3 2.3996e-05       2.81 0.0000e+00
       1614    118.000    117.297    20.0443   5.006594     1.7915 -9.990e-29     0.1125      0.724    5.10984    7.30247    2.83491    4.05137    123.175    26.0416    26.0358    117.298    20.0223    36.6848 2.2321e-06      223.2 2.1835e-05       2.68 0.0000e+00
       1629    119.000    118.291    20.0355   5.005639     1.7908     0.0362     0.1072      0.490    5.11068    7.30368    2.82348    4.03503    122.679    26.0436    26.0377    118.291    20.0133    36.6843 1.9306e-06      193.1 1.8886e-05       2.49 0.0000e+00
       1639    120.000    119.285    20.0268   5.004667     1.7900     0.0362     0.1066      0.786    5.11152    7.30488    2.83214    4.04741    123.055    26.0454    26.0394    119.285    20.0044    36.6835 1.6474e-06      164.7 1.6115e-05       2.30 0.0000e+00
