CTD_data/C212_3_2.cnv
* Sea-Bird SBE 25 Data File:
* FileName = C:\CTD_Data\C212_3\C212_3_2.hex
* Software Version Seasave V 7.19
* Temperature SN = 4430
* Conductivity SN = 3138
* System UpLoad Time = May 12 2014 20:14:08
** Ship: Hermano Gines
** Station: Car212_3
** Operator: Luis Medina
** Latitude: 10 29.92 N
** Longitude: 64 40.08 W
** segundo perfil
# nquan = 24                                
# nvalues = 490                         
# units = specified
# name 0 = scan: Scan Count
# name 1 = prSM: Pressure, Strain Gauge [db]
# name 2 = depSM: Depth [salt water, m]
# name 3 = t090C: Temperature [ITS-90, deg C]
# name 4 = c0S/m: Conductivity [S/m]
# name 5 = sbeox0V: Oxygen Voltage, SBE 43
# name 6 = flECO-AFL: Fluorescence, Wetlab ECO-AFL/FL [mg/m^3]
# name 7 = bat: Beam Attenuation, Chelsea/Seatech/Wetlab CStar [1/m]
# name 8 = dz/dtM: Descent Rate [m/s]
# name 9 = oxsatML/L: Oxygen Saturation [ml/l]
# name 10 = oxsatMg/L: Oxygen Saturation [mg/l]
# name 11 = sbeox0ML/L: Oxygen, SBE 43 [ml/l], WS = 2
# name 12 = sbeox0Mg/L: Oxygen, SBE 43 [mg/l], WS = 2
# name 13 = sbeox0Mm/Kg: Oxygen, SBE 43 [umol/Kg], WS = 2
# name 14 = sigma-é00: Density [sigma-theta, Kg/m^3]
# name 15 = sigma-t00: Density [sigma-t, Kg/m^3 ]
# name 16 = depSM: Depth [salt water, m], lat = 10.5
# name 17 = potemp090C: Potential Temperature [ITS-90, deg C]
# name 18 = sal00: Salinity [PSU]
# name 19 = E: stability, E [rad^2/m]
# name 20 = E10^-8: stability, E [10^-8 rad^2/m]
# name 21 = N^2: buoyancy frequency, N^2 [rad^2/s^2]
# name 22 = N: buoyancy frequency, N [cycles/h]
# name 23 = flag: flag
# span 0 =         59,      13433       
# span 1 =      0.000,    245.000       
# span 2 =     -0.000,    243.467       
# span 3 =    18.0243,    24.7604       
# span 4 =   4.768799,   5.533434       
# span 5 =     0.6578,     2.8419       
# span 6 =    -0.0297,     1.0548       
# span 7 =     0.0560,     0.3399       
# span 8 =     -1.485,      1.438       
# span 9 =    4.69493,    5.31513       
# span 10 =    6.70953,    7.59585      
# span 11 =    0.32037,    4.98064      
# span 12 =    0.45784,    7.11783      
# span 13 =     13.921,    216.537      
# span 14 =    24.8104,    26.3638      
# span 15 =    24.8104,    26.3533      
# span 16 =      0.000,    243.467      
# span 17 =    17.9817,    24.7587      
# span 18 =    36.4182,    36.9307      
# span 19 = 2.8024e-08, 5.5320e-05      
# span 20 =        2.8,     5532.0      
# span 21 = 2.7413e-07, 5.4114e-04      
# span 22 =       0.30,      13.33      
# span 23 = 0.0000e+00, 0.0000e+00      
# interval = decibars: 1                
# start_time = May 12 2014 20:14:08
# bad_flag = -9.990e-29
*END*
[from data line 121]
       1661    122.000    121.272    20.0135   5.003240     1.7943     0.0289     0.1033      0.731    5.11280    7.30670    2.84199    4.06149    123.483    26.0483    26.0423    121.273    19.9907    36.6826 1.3747e-06      137.5 1.3448e-05       2.10 0.0000e+00
       1673    123.000    122.266    20.0096   5.002775     1.7932     0.0373     0.1024      0.686    5.11319    7.30727    2.83309    4.04877    123.096    26.0488    26.0427    122.266    19.9867    36.6818 1.0851e-06      108.5 1.0614e-05       1.87 0.0000e+00
       1686    124.000    123.260    20.0052   5.002333     1.7908     0.0324     0.1026      0.609    5.11361    7.30786    2.82927    4.04331    122.930    26.0499    26.0437    123.260    19.9821    36.6816 1.0930e-06      109.3 1.0692e-05       1.87 0.0000e+00
       1698    125.000    124.254    20.0024   5.002016     1.7907     0.0344     0.1011      0.656    5.11390    7.30827    2.83757    4.05517    123.290    26.0503    26.0440    124.254    19.9791    36.6811 1.3152e-06      131.5 1.2865e-05       2.06 0.0000e+00
       1709    126.000    125.247    19.9974   5.001480     1.7912 -9.990e-29     0.1024      0.696    5.11438    7.30895    2.83265    4.04814    123.077    26.0513    26.0451    125.248    19.9739    36.6806 1.5036e-06      150.4 1.4708e-05       2.20 0.0000e+00
       1718    127.000    126.241    19.9914   5.000808     1.7896     0.0436     0.1019      0.855    5.11496    7.30979    2.83389    4.04991    123.131    26.0524    26.0461    126.241    19.9677    36.6800 1.6545e-06      165.4 1.6184e-05       2.30 0.0000e+00
       1732    128.000    127.235    19.9851   5.000082     1.7920     0.0288     0.0997      0.566    5.11559    7.31068    2.84695    4.06858    123.698    26.0535    26.0471    127.235    19.9612    36.6791 1.7751e-06      177.5 1.7364e-05       2.39 0.0000e+00
       1748    129.000    128.229    19.9620   4.997200     1.7932     0.0370     0.0969      0.299    5.11788    7.31396    2.83394    4.04999    123.133    26.0566    26.0502    128.229    19.9380    36.6751 1.7731e-06      177.3 1.7344e-05       2.39 0.0000e+00
       1755    130.000    129.222    19.9419   4.995121     1.7889     0.0362     0.0938      1.042    5.11978    7.31667    2.82617    4.03888    122.795    26.0620    26.0556    129.222    19.9177    36.6751 1.7468e-06      174.7 1.7087e-05       2.37 0.0000e+00
       1772    131.000    130.216    19.9367   4.994520     1.7915     0.0362     0.0848      0.387    5.12029    7.31741    2.85552    4.08082    124.070    26.0628    26.0564    130.216    19.9123    36.6743 1.6485e-06      164.9 1.6126e-05       2.30 0.0000e+00
       1783    132.000    131.210    19.9330   4.994140     1.7937     0.0362     0.0836      0.621    5.12065    7.31792    2.84431    4.06480    123.583    26.0637    26.0571    131.210    19.9084    36.6740 1.4811e-06      148.1 1.4488e-05       2.18 0.0000e+00
       1790    133.000    132.204    19.9306   4.993974     1.7912     0.0432     0.0828      1.023    5.12087    7.31823    2.83029    4.04477    122.975    26.0646    26.0581    132.204    19.9059    36.6744 1.2340e-06      123.4 1.2071e-05       1.99 0.0000e+00
       1805    134.000    133.198    19.9281   4.993630     1.7904     0.0290     0.0832      0.650    5.12113    7.31861    2.84212    4.06167    123.488    26.0645    26.0579    133.197    19.9032    36.6734 9.7170e-07       97.2 9.5052e-06       1.77 0.0000e+00
       1822    135.000    134.191    19.9218   4.992950     1.7933     0.0289     0.0841      0.388    5.12174    7.31948    2.85768    4.08390    124.164    26.0659    26.0592    134.191    19.8967    36.6729 8.3282e-07       83.3 8.1467e-06       1.64 0.0000e+00
       1829    136.000    135.184    19.9192   4.992785     1.7945 -9.990e-29     0.0843      0.943    5.12197    7.31981    2.84676    4.06830    123.689    26.0670    26.0603    135.185    19.8939    36.6734 9.4943e-07       94.9 9.2873e-06       1.75 0.0000e+00
       1837    137.000    136.178    19.9162   4.992473     1.7919     0.0362     0.0839      1.273    5.12227    7.32023    2.83793    4.05568    123.306    26.0676    26.0609    136.178    19.8907    36.6731 1.1198e-06      112.0 1.0954e-05       1.90 0.0000e+00
       1859    138.000    137.172    19.9138   4.992164     1.7922     0.0289     0.0783      0.146    5.12252    7.32059    2.84640    4.06779    123.674    26.0677    26.0609    137.172    19.8881    36.6723 1.2912e-06      129.1 1.2630e-05       2.04 0.0000e+00
       1869    139.000    138.165    19.9030   4.990848     1.7911     0.0363     0.0783      0.777    5.12359    7.32212    2.84350    4.06364    123.548    26.0692    26.0624    138.166    19.8772    36.6704 1.4671e-06      146.7 1.4351e-05       2.17 0.0000e+00
       1877    140.000    139.159    19.8932   4.989769     1.7911     0.0287     0.0822      0.976    5.12454    7.32348    2.83684    4.05413    123.259    26.0713    26.0644    139.159    19.8672    36.6697 1.6649e-06      166.5 1.6286e-05       2.31 0.0000e+00
       1887    141.000    140.153    19.8823   4.988537     1.7864     0.0306     0.0811      0.910    5.12560    7.32500    2.82806    4.04159    122.877    26.0735    26.0665    140.153    19.8561    36.6687 1.8151e-06      181.5 1.7755e-05       2.41 0.0000e+00
       1907    142.000    141.147    19.8690   4.987012     1.7900     0.0326     0.0768      0.264    5.12690    7.32685    2.85735    4.08343    124.149    26.0760    26.0690    141.147    19.8426    36.6673 2.0160e-06      201.6 1.9720e-05       2.54 0.0000e+00
       1918    143.000    142.140    19.8625   4.986361     1.7921     0.0361     0.0761      0.593    5.12752    7.32774    2.84485    4.06557    123.606    26.0777    26.0707    142.140    19.8360    36.6672 2.1599e-06      216.0 2.1128e-05       2.63 0.0000e+00
       1925    144.000    143.134    19.8490   4.984666     1.7890     0.0260     0.0769      1.216    5.12887    7.32967    2.82564    4.03812    122.772    26.0793    26.0723    143.134    19.8223    36.6647 2.2354e-06      223.5 2.1867e-05       2.68 0.0000e+00
       1941    145.000    144.127    19.8325   4.982830     1.7873     0.0346     0.0772      0.505    5.13047    7.33195    2.84691    4.06852    123.696    26.0829    26.0758    144.128    19.8056    36.6635 2.2862e-06      228.6 2.2363e-05       2.71 0.0000e+00
       1954    146.000    145.121    19.8229   4.981609     1.7902     0.0212     0.0751      0.492    5.13144    7.33334    2.84814    4.07027    123.750    26.0839    26.0767    145.121    19.7958    36.6614 2.6676e-06      266.8 2.6094e-05       2.93 0.0000e+00
       1961    147.000    146.115    19.8068   4.979803     1.7866     0.0228     0.0757      1.068    5.13301    7.33558    2.81104    4.01726    122.138    26.0872    26.0800    146.115    19.7796    36.6602 3.7754e-06      377.5 3.6931e-05       3.48 0.0000e+00
       1981    148.000    147.109    19.7958   4.978537     1.7806     0.0254     0.0749      0.455    5.13409    7.33713    2.82643    4.03924    122.806    26.0892    26.0820    147.108    19.7684    36.6590 5.2992e-06      529.9 5.1837e-05       4.13 0.0000e+00
       1996    149.000    148.102    19.7805   4.976760     1.7853 -9.990e-29     0.0715      0.622    5.13560    7.33928    2.85151    4.07509    123.896    26.0920    26.0847    148.102    19.7529    36.6572 6.5702e-06      657.0 6.4270e-05       4.59 0.0000e+00
       2001    150.000    149.096    19.7627   4.974576     1.7846     0.0289     0.0725      1.282    5.13737    7.34182    2.83148    4.04647    123.026    26.0945    26.0872    149.096    19.7350    36.6543 7.3990e-06      739.9 7.2377e-05       4.87 0.0000e+00
       2018    151.000    150.089    19.6959   4.966333     1.7788     0.0360     0.0724      0.677    5.14403    7.35134    2.82510    4.03735    122.749    26.1043    26.0970    150.089    19.6680    36.6441 7.8872e-06      788.7 7.7153e-05       5.03 0.0000e+00
       2034    152.000    151.083    19.5798   4.952498     1.7763     0.0434     0.0716      0.658    5.15552    7.36776    2.83713    4.05455    123.272    26.1245    26.1172    151.083    19.5519    36.6305 7.9462e-06      794.6 7.7730e-05       5.05 0.0000e+00
       2040    153.000    152.076    19.5047   4.944126     1.7764     0.0366     0.0714      1.220    5.16284    7.37821    2.83013    4.04454    122.967    26.1410    26.1337    152.076    19.4767    36.6263 7.7014e-06      770.1 7.5335e-05       4.97 0.0000e+00
       2051    154.000    153.070    19.4745   4.940591     1.7686     0.0338     0.0699      1.066    5.16584    7.38250    2.79138    3.98917    121.284    26.1464    26.1390    153.070    19.4463    36.6229 7.3163e-06      731.6 7.1568e-05       4.85 0.0000e+00
       2075    155.000    154.064    19.4601   4.938805     1.7452 -9.990e-29     0.0638      0.088    5.16730    7.38459    2.73490    3.90844    118.830    26.1482    26.1408    154.064    19.4317    36.6203 6.4301e-06      643.0 6.2900e-05       4.54 0.0000e+00
       2081    156.000    155.057    19.4523   4.938015     1.7440     0.0069     0.0629      0.872    5.16805    7.38567    2.74765    3.92667    119.383    26.1502    26.1427    155.057    19.4238    36.6202 5.3772e-06      537.7 5.2600e-05       4.16 0.0000e+00
       2087    157.000    156.051    19.4332   4.935690     1.7388     0.0131     0.0625      1.367    5.16998    7.38842    2.67493    3.82275    116.224    26.1529    26.1454    156.051    19.4045    36.6172 4.2443e-06      424.4 4.1518e-05       3.69 0.0000e+00
       2107    158.000    157.045    19.4046   4.932012     1.6549     0.0197     0.0619      0.471    5.17291    7.39261    2.43220    3.47585    105.678    26.1559    26.1484    157.044    19.3757    36.6113 3.7541e-06      375.4 3.6723e-05       3.47 0.0000e+00
       2121    159.000    158.038    19.3673   4.927901     1.6069 -9.990e-29     0.0659      0.559    5.17656    7.39783    2.39797    3.42694    104.190    26.1642    26.1566    158.038    19.3383    36.6093 4.1265e-06      412.6 4.0365e-05       3.64 0.0000e+00
       2127    160.000    159.032    19.3534   4.925995     1.5981    -0.0004     0.0710      1.209    5.17803    7.39992    2.39558    3.42353    104.087    26.1647    26.1571    159.031    19.3242    36.6053 5.2750e-06      527.5 5.1601e-05       4.12 0.0000e+00
       2138    161.000    160.025    19.3069   4.920486     1.5805    -0.0035     0.0796      0.975    5.18268    7.40657    2.30736    3.29744    100.253    26.1726    26.1650    160.025    19.2776    36.5997 7.3144e-06      731.4 7.1549e-05       4.85 0.0000e+00
       2156    162.000    161.019    19.2897   4.918333     1.5181    -0.0114     0.0950      0.293    5.18444    7.40909    2.03811    2.91267     88.555    26.1746    26.1670    161.019    19.2602    36.5964 8.9176e-06      891.8 8.7232e-05       5.35 0.0000e+00
       2164    163.000    162.012    19.2504   4.913276     1.4653    -0.0078     0.0981      0.808    5.18850    7.41488    1.86215    2.66120     80.910    26.1787    26.1710    162.012    19.2208    36.5883 1.0316e-05     1031.6 1.0092e-04       5.76 0.0000e+00
       2173    164.000    163.006    19.1762   4.904104     1.4034    -0.0036     0.0940      0.991    5.19605    7.42568    1.74988    2.50076     76.032    26.1888    26.1811    163.006    19.1465    36.5764 1.1576e-05     1157.6 1.1324e-04       6.10 0.0000e+00
       2189    165.000    164.000    19.0233   4.885120     1.3319    -0.0081     0.0906      0.436    5.21171    7.44805    1.68357    2.40599     73.152    26.2091    26.2014    163.999    18.9936    36.5513 1.2811e-05     1281.1 1.2532e-04       6.41 0.0000e+00
       2200    166.000    164.993    18.8634   4.866725     1.2882    -0.0297     0.1077      0.667    5.22779    7.47103    1.59851    2.28443     69.456    26.2393    26.2317    164.993    18.8337    36.5371 1.3235e-05     1323.5 1.2946e-04       6.52 0.0000e+00
       2209    167.000    165.986    18.8175   4.861095     1.2578    -0.0297     0.1266      0.855    5.23252    7.47779    1.54777    2.21191     67.251    26.2455    26.2378    165.986    18.7877    36.5297 1.3024e-05     1302.4 1.2740e-04       6.47 0.0000e+00
       2220    168.000    166.980    18.7378   4.851384     1.2308    -0.0037     0.1482      0.876    5.24074    7.48954    1.55878    2.22766     67.730    26.2567    26.2490    166.980    18.7079    36.5177 1.1945e-05     1194.5 1.1685e-04       6.19 0.0000e+00
       2237    169.000    167.973    18.6476   4.840616     1.2238    -0.0150     0.1597      0.276    5.25001    7.50279    1.62835    2.32707     70.753    26.2707    26.2630    167.973    18.6176    36.5060 1.0163e-05     1016.3 9.9414e-05       5.71 0.0000e+00
       2246    170.000    168.967    18.5825   4.833253     1.2243    -0.0150     0.1548      0.748    5.25661    7.51223    1.62095    2.31650     70.432    26.2833    26.2756    168.967    18.5524    36.5008 7.9987e-06      799.9 7.8243e-05       5.07 0.0000e+00
       2255    171.000    169.960    18.5587   4.830670     1.2227    -0.0119     0.1429      1.048    5.25902    7.51566    1.60228    2.28981     69.620    26.2884    26.2808    169.960    18.5284    36.4996 6.2009e-06      620.1 6.0658e-05       4.46 0.0000e+00
       2270    172.000    170.954    18.5505   4.829722     1.2032     0.0002     0.1090      0.469    5.25986    7.51687    1.51077    2.15904     65.644    26.2897    26.2819    170.954    18.5201    36.4985 5.3735e-06      537.4 5.2564e-05       4.15 0.0000e+00
       2283    173.000    171.948    18.5447   4.829223     1.1855 -9.990e-29     0.0871      0.453    5.26042    7.51767    1.48330    2.11979     64.451    26.2916    26.2838    171.947    18.5141    36.4990 4.3042e-06      430.4 4.2103e-05       3.72 0.0000e+00
       2289    174.000    172.941    18.5251   4.826917     1.1762 -9.990e-29     0.0836      1.093    5.26245    7.52057    1.43314    2.04810     62.271    26.2946    26.2868    172.941    18.4943    36.4964 3.3131e-06      331.3 3.2409e-05       3.26 0.0000e+00
       2307    175.000    173.934    18.5009   4.823877     1.1365    -0.0150     0.0740      0.453    5.26501    7.52422    1.34455    1.92150     58.422    26.2971    26.2893    173.934    18.4700    36.4917 2.7286e-06      272.9 2.6691e-05       2.96 0.0000e+00
       2321    176.000    174.928    18.4753   4.821086     1.1140     0.0003     0.0677      0.509    5.26759    7.52792    1.34152    1.91717     58.290    26.3026    26.2947    174.928    18.4442    36.4902 2.4763e-06      247.6 2.4223e-05       2.82 0.0000e+00
       2327    177.000    175.921    18.4515   4.818308     1.1113    -0.0004     0.0648      1.153    5.27005    7.53143    1.33593    1.90918     58.047    26.3064    26.2985    175.921    18.4203    36.4874 2.3233e-06      232.3 2.2726e-05       2.73 0.0000e+00
       2337    178.000    176.914    18.4461   4.817687     1.1015    -0.0122     0.0656      1.045    5.27062    7.53225    1.30675    1.86748     56.780    26.3071    26.2992    176.915    18.4147    36.4865 2.2363e-06      223.6 2.1876e-05       2.68 0.0000e+00
       2357    179.000    177.908    18.4388   4.816778     1.0843    -0.0122     0.0640      0.083    5.27140    7.53336    1.29079    1.84467     56.086    26.3078    26.2998    177.908    18.4073    36.4848 2.0912e-06      209.1 2.0457e-05       2.59 0.0000e+00
       2364    180.000    178.902    18.4309   4.816040     1.0827    -0.0100     0.0646      0.969    5.27217    7.53446    1.26419    1.80665     54.930    26.3101    26.3021    178.902    18.3992    36.4852 1.8706e-06      187.1 1.8298e-05       2.45 0.0000e+00
       2376    181.000    179.895    18.4227   4.814925     1.0599    -0.0149     0.0637      0.814    5.27308    7.53575    1.16911    1.67077     50.799    26.3102    26.3021    179.895    18.3908    36.4826 1.6783e-06      167.8 1.6417e-05       2.32 0.0000e+00
