CTD_data/C212_3_1.cnv
* Sea-Bird SBE 25 Data File:
* FileName = C:\CTD_Data\C212_3\C212_3_1.hex
* Software Version Seasave V 7.19
* Temperature SN = 4430
* Conductivity SN = 3138
* System UpLoad Time = May 12 2014 14:26:31
** Ship: Hermano Gines
** Station: C212_3
** Operator: Luis Medina
** Latitude: 10 30.09 N
** Longitude: 64 39.88 W
** primer perfil
# nquan = 24                                
# nvalues = 808                         
# units = specified
# name 0 = scan: Scan Count
# name 1 = prSM: Pressure, Strain Gauge [db]
# name 2 = depSM: Depth [salt water, m]
# name 3 = t090C: Temperature [ITS-90, deg C]
# name 4 = c0S/m: Conductivity [S/m]
# name 5 = sbeox0V: Oxygen Voltage, SBE 43
# name 6 = flECO-AFL: Fluorescence, Wetlab ECO-AFL/FL [mg/m^3]
# name 7 = bat: Beam Attenuation, Chelsea/Seatech/Wetlab CStar [1/m]
# name 8 = dz/dtM: Descent Rate [m/s]
# name 9 = oxsatML/L: Oxygen Saturation [ml/l]
# name 10 = oxsatMg/L: Oxygen Saturation [mg/l]
# name 11 = sbeox0ML/L: Oxygen, SBE 43 [ml/l], WS = 2
# name 12 = sbeox0Mg/L: Oxygen, SBE 43 [mg/l], WS = 2
# name 13 = sbeox0Mm/Kg: Oxygen, SBE 43 [umol/Kg], WS = 2
# name 14 = sigma-é00: Density [sigma-theta, Kg/m^3]
# name 15 = sigma-t00: Density [sigma-t, Kg/m^3 ]
# name 16 = depSM: Depth [salt water, m], lat = 10.5
# name 17 = potemp090C: Potential Temperature [ITS-90, deg C]
# name 18 = sal00: Salinity [PSU]
# name 19 = E: stability, E [rad^2/m]
# name 20 = E10^-8: stability, E [10^-8 rad^2/m]
# name 21 = N^2: buoyancy frequency, N^2 [rad^2/s^2]
# name 22 = N: buoyancy frequency, N [cycles/h]
# name 23 = flag: flag
# span 0 =        111,      17270       
# span 1 =      0.000,    404.000       
# span 2 =     -0.000,    401.318       
# span 3 =    17.5817,    25.2146       
# span 4 =   4.721293,   5.582637       
# span 5 =     0.5244,     2.8724       
# span 6 =    -0.5255,    16.4542       
# span 7 =     0.0462,     0.2997       
# span 8 =     -1.295,      1.503       
# span 9 =    4.65882,    5.36270       
# span 10 =    6.65792,    7.66384      
# span 11 =    0.00390,    4.76819      
# span 12 =    0.00557,    6.81423      
# span 13 =      0.170,    207.262      
# span 14 =    24.6955,    26.4216      
# span 15 =    24.6954,    26.4047      
# span 16 =      0.000,    401.318      
# span 17 =    17.5125,    25.2144      
# span 18 =    36.3426,    36.9478      
# span 19 = -6.383e-08, 3.9330e-05      
# span 20 =       -6.4,     3933.0      
# span 21 = -6.244e-07, 3.8472e-04      
# span 22 =      -0.45,      11.24      
# span 23 = 0.0000e+00, 0.0000e+00      
# interval = decibars: 1                
# start_time = May 12 2014 14:26:31
# bad_flag = -9.990e-29
*END*
[from data line 61]
        630     62.000     61.639    20.6261   5.074409     1.8493     0.1043     0.0886      0.611    5.05359    7.22208    2.87076    4.10261    124.734    25.9363    25.9331     61.639    20.6143    36.7554 3.8969e-06      389.7 3.8119e-05       3.54 0.0000e+00
        636     63.000     62.633    20.5347   5.063820     1.8409     0.1096     0.0872      0.924    5.06224    7.23446    2.83080    4.04550    122.997    25.9554    25.9521     62.633    20.5227    36.7479 4.0943e-06      409.4 4.0051e-05       3.63 0.0000e+00
        642     64.000     63.627    20.5135   5.061488     1.8301     0.0834     0.0880      1.411    5.06423    7.23729    2.81150    4.01790    122.158    25.9604    25.9571     63.627    20.5014    36.7469 3.9913e-06      399.1 3.9043e-05       3.58 0.0000e+00
        652     65.000     64.622    20.5062   5.060217     1.8184     0.0853     0.0921      1.028    5.06504    7.23844    2.80871    4.01393    122.037    25.9591    25.9557     64.621    20.4939    36.7425 3.6577e-06      365.8 3.5780e-05       3.43 0.0000e+00
        663     66.000     65.616    20.4707   5.055519     1.8104     0.0647     0.1116      0.509    5.06856    7.24349    2.80549    4.00932    121.897    25.9626    25.9593     65.615    20.4582    36.7345 3.2779e-06      327.8 3.2064e-05       3.24 0.0000e+00
        670     67.000     66.610    20.4510   5.053275     1.8056     0.0841     0.1225      0.964    5.07044    7.24616    2.80013    4.00166    121.665    25.9668    25.9634     66.609    20.4383    36.7329 2.7629e-06      276.3 2.7027e-05       2.98 0.0000e+00
        677     68.000     67.603    20.4438   5.052308     1.8029     0.0818     0.1347      1.244    5.07116    7.24720    2.80984    4.01555    122.087    25.9672    25.9638     67.603    20.4309    36.7309 1.9480e-06      194.8 1.9055e-05       2.50 0.0000e+00
        685     69.000     68.598    20.4436   5.052228     1.8029     0.0695     0.1444      1.089    5.07120    7.24726    2.81222    4.01894    122.190    25.9667    25.9632     68.597    20.4305    36.7301 1.8502e-06      185.0 1.8099e-05       2.44 0.0000e+00
        694     70.000     69.591    20.4338   5.050820     1.8007     0.0782     0.1558      0.767    5.07221    7.24870    2.80003    4.00153    121.661    25.9668    25.9632     69.591    20.4206    36.7267 1.8812e-06      188.1 1.8402e-05       2.46 0.0000e+00
        701     71.000     70.585    20.4094   5.048078     1.7980     0.0803     0.1581      1.021    5.07452    7.25200    2.79748    3.99788    121.549    25.9722    25.9686     70.585    20.3960    36.7251 2.0043e-06      200.4 1.9606e-05       2.54 0.0000e+00
        708     72.000     71.579    20.3912   5.046103     1.7971     0.0653     0.1621      1.270    5.07624    7.25445    2.81478    4.02260    122.301    25.9766    25.9730     71.579    20.3776    36.7244 2.2279e-06      222.8 2.1793e-05       2.67 0.0000e+00
        718     73.000     72.574    20.3891   5.045768     1.8015     0.0669     0.1603      0.887    5.07647    7.25478    2.83278    4.04832    123.083    25.9762    25.9725     72.573    20.3753    36.7231 2.4728e-06      247.3 2.4189e-05       2.82 0.0000e+00
        728     74.000     73.568    20.3851   5.045389     1.8042     0.0743     0.1578      0.558    5.07685    7.25532    2.82936    4.04343    122.935    25.9774    25.9736     73.567    20.3711    36.7231 2.5570e-06      255.7 2.5013e-05       2.87 0.0000e+00
        734     75.000     74.561    20.3783   5.044614     1.8042     0.0846 -9.990e-29      1.024    5.07750    7.25625    2.82657    4.03945    122.814    25.9786    25.9748     74.561    20.3641    36.7223 2.4054e-06      240.5 2.3530e-05       2.78 0.0000e+00
        741     76.000     75.555    20.3431   5.040572     1.8047     0.0697     0.1593      1.380    5.08086    7.26105    2.84207    4.06160    123.487    25.9860    25.9821     75.555    20.3288    36.7194 2.0296e-06      203.0 1.9854e-05       2.55 0.0000e+00
        750     77.000     76.549    20.3316   5.039439     1.8104     0.0509     0.1463      0.920    5.08192    7.26257    2.86334    4.09200    124.411    25.9894    25.9855     76.549    20.3171    36.7197 1.7554e-06      175.5 1.7171e-05       2.37 0.0000e+00
        759     78.000     77.543    20.3309   5.039496     1.8133     0.0636     0.1403      0.701    5.08196    7.26263    2.85734    4.08342    124.150    25.9902    25.9862     77.543    20.3162    36.7205 1.6216e-06      162.2 1.5863e-05       2.28 0.0000e+00
        766     79.000     78.537    20.3311   5.039651     1.8147     0.0733     0.1394      1.052    5.08192    7.26257    2.85390    4.07850    124.000    25.9907    25.9867     78.537    20.3162    36.7212 1.4255e-06      142.6 1.3945e-05       2.14 0.0000e+00
        773     80.000     79.531    20.3309   5.039661     1.8133     0.0509     0.1362      1.330    5.08194    7.26260    2.84233    4.06197    123.498    25.9907    25.9867     79.531    20.3158    36.7211 1.2958e-06      129.6 1.2676e-05       2.04 0.0000e+00
        782     81.000     80.525    20.3298   5.039487     1.8130     0.0652     0.1368      1.000    5.08207    7.26278    2.86429    4.09335    124.452    25.9904    25.9863     80.525    20.3145    36.7202 1.2820e-06      128.2 1.2541e-05       2.03 0.0000e+00
        792     82.000     81.519    20.3284   5.039396     1.8203     0.0555     0.1309      0.655    5.08220    7.26297    2.88313    4.12029    125.271    25.9909    25.9868     81.519    20.3129    36.7203 1.5540e-06      155.4 1.5201e-05       2.23 0.0000e+00
        800     83.000     82.513    20.3244   5.039083     1.8200     0.0533     0.1318      0.878    5.08255    7.26348    2.84035    4.05915    123.412    25.9925    25.9883     82.513    20.3088    36.7209 2.0041e-06      200.4 1.9604e-05       2.54 0.0000e+00
        807     84.000     83.507    20.3180   5.038530     1.8120     0.0508     0.1297      1.093    5.08313    7.26430    2.81487    4.02273    122.304    25.9948    25.9905     83.507    20.3022    36.7215 2.3387e-06      233.9 2.2877e-05       2.74 0.0000e+00
        813     85.000     84.501    20.2946   5.035681     1.8088 -9.990e-29     0.1274      1.282    5.08540    7.26755    2.83117    4.04603    123.013    25.9985    25.9942     84.501    20.2786    36.7182 2.6295e-06      262.9 2.5722e-05       2.91 0.0000e+00
        821     86.000     85.495    20.2671   5.032467     1.8086     0.0509     0.1234      1.261    5.08806    7.27134    2.84386    4.06416    123.564    26.0038    25.9995     85.495    20.2509    36.7154 2.9289e-06      292.9 2.8651e-05       3.07 0.0000e+00
        831     87.000     86.489    20.2458   5.029760     1.8068     0.0509     0.1069      0.739    5.09017    7.27436    2.82398    4.03575    122.700    26.0065    26.0021     86.489    20.2294    36.7113 3.2096e-06      321.0 3.1396e-05       3.21 0.0000e+00
        838     88.000     87.483    20.2289   5.027928     1.8018     0.0433     0.1060      0.870    5.09176    7.27664    2.81760    4.02663    122.423    26.0105    26.0061     87.483    20.2124    36.7106 3.4386e-06      343.9 3.3636e-05       3.32 0.0000e+00
        846     89.000     88.476    20.2185   5.026522     1.8012     0.0353     0.1081      1.137    5.09282    7.27815    2.83231    4.04765    123.062    26.0112    26.0067     88.476    20.2018    36.7077 3.4244e-06      342.4 3.3498e-05       3.32 0.0000e+00
        857     90.000     89.471    20.2011   5.024374     1.8013     0.0362     0.1113      0.735    5.09453    7.28059    2.83297    4.04860    123.091    26.0137    26.0092     89.470    20.1842    36.7049 3.2079e-06      320.8 3.1380e-05       3.21 0.0000e+00
        864     91.000     90.465    20.1741   5.021158     1.8008 -9.990e-29     0.1131      0.765    5.09716    7.28435    2.83944    4.05785    123.372    26.0184    26.0139     90.464    20.1570    36.7016 2.9455e-06      294.5 2.8813e-05       3.08 0.0000e+00
        870     92.000     91.458    20.1510   5.018646     1.8020 -9.990e-29     0.1143      1.134    5.09935    7.28748    2.85157    4.07518    123.899    26.0240    26.0194     91.458    20.1338    36.7007 2.7300e-06      273.0 2.6705e-05       2.96 0.0000e+00
        876     93.000     92.452    20.1229   5.015300     1.8041     0.0509     0.1148      1.503    5.10208    7.29138    2.84246    4.06216    123.503    26.0289    26.0243     92.452    20.1055    36.6973 2.4771e-06      247.7 2.4231e-05       2.82 0.0000e+00
        886     94.000     93.445    20.1186   5.014752     1.7987     0.0483     0.1120      0.955    5.10252    7.29201    2.80976    4.01542    122.082    26.0293    26.0246     93.446    20.1010    36.6961 2.2090e-06      220.9 2.1609e-05       2.66 0.0000e+00
        895     95.000     94.440    20.1207   5.015126     1.7948     0.0435     0.1067      0.748    5.10230    7.29170    2.82109    4.03162    122.575    26.0294    26.0247     94.440    20.1029    36.6970 1.7633e-06      176.3 1.7249e-05       2.38 0.0000e+00
        902     96.000     95.433    20.1119   5.014061     1.7955     0.0436 -9.990e-29      1.083    5.10317    7.29294    2.83879    4.05692    123.344    26.0307    26.0259     95.434    20.0939    36.6956 1.2582e-06      125.8 1.2307e-05       2.01 0.0000e+00
        910     97.000     96.427    20.1058   5.013375     1.7985     0.0436     0.1041      1.130    5.10376    7.29378    2.85149    4.07506    123.895    26.0319    26.0270     96.428    20.0877    36.6949 8.2672e-07       82.7 8.0870e-06       1.63 0.0000e+00
        918     98.000     97.421    20.1008   5.012936     1.8017     0.0436     0.1041      0.865    5.10422    7.29444    2.85198    4.07576    123.917    26.0335    26.0286     97.421    20.0825    36.6952 5.6147e-07       56.1 5.4923e-06       1.34 0.0000e+00
        925     99.000     98.415    20.1007   5.012988     1.8018     0.0290     0.0985      0.999    5.10422    7.29444    2.84144    4.06071    123.459    26.0337    26.0288     98.415    20.0822    36.6954 5.0147e-07       50.1 4.9054e-06       1.27 0.0000e+00
        933    100.000     99.409    20.1006   5.013006     1.8003     0.0357     0.0990      1.147    5.10423    7.29446    2.83804    4.05585    123.311    26.0337    26.0287     99.409    20.0819    36.6952 4.3862e-07       43.9 4.2906e-06       1.19 0.0000e+00
        942    101.000    100.403    20.0996   5.012904     1.8012     0.0362     0.0950      0.953    5.10434    7.29461    2.85457    4.07946    124.029    26.0337    26.0287    100.403    20.0807    36.6949 3.5991e-07       36.0 3.5207e-06       1.08 0.0000e+00
        951    102.000    101.397    20.1000   5.012994     1.8042     0.0510     0.1031      0.832    5.10430    7.29456    2.86108    4.08877    124.312    26.0337    26.0286    101.397    20.0809    36.6949 3.1408e-07       31.4 3.0723e-06       1.00 0.0000e+00
        958    103.000    102.391    20.1006   5.013140     1.8053     0.0509     0.1001      0.976    5.10424    7.29447    2.85572    4.08111    124.079    26.0338    26.0287    102.391    20.0813    36.6952 5.4827e-07       54.8 5.3632e-06       1.33 0.0000e+00
        964    104.000    103.385    20.1003   5.013218     1.8048 -9.990e-29     0.0957      1.212    5.10425    7.29448    2.84696    4.06859    123.699    26.0344    26.0292    103.384    20.0808    36.6958 9.7318e-07       97.3 9.5197e-06       1.77 0.0000e+00
        971    105.000    104.378    20.0968   5.012848     1.8032 -9.990e-29     0.0943      1.243    5.10459    7.29496    2.84167    4.06104    123.469    26.0351    26.0298    104.378    20.0772    36.6954 1.7293e-06      172.9 1.6916e-05       2.36 0.0000e+00
        980    106.000    105.372    20.0913   5.012168     1.8025     0.0289     0.0934      1.023    5.10514    7.29576    2.85205    4.07586    123.919    26.0357    26.0304    105.372    20.0715    36.6942 2.5506e-06      255.1 2.4950e-05       2.86 0.0000e+00
        990    107.000    106.366    20.0872   5.011653     1.8031     0.0379     0.0897      0.682    5.10555    7.29635    2.84382    4.06411    123.562    26.0360    26.0307    106.366    20.0672    36.6932 3.1483e-06      314.8 3.0796e-05       3.18 0.0000e+00
        998    108.000    107.359    20.0514   5.007324     1.8007     0.0514     0.0889      0.899    5.10907    7.30137    2.84064    4.05956    123.424    26.0420    26.0366    107.360    20.0312    36.6884 3.5146e-06      351.5 3.4380e-05       3.36 0.0000e+00
       1004    109.000    108.353    20.0264   5.004355     1.8001     0.0360 -9.990e-29      1.188    5.11150    7.30485    2.84204    4.06157    123.485    26.0463    26.0409    108.354    20.0061    36.6853 3.6452e-06      364.5 3.5658e-05       3.42 0.0000e+00
       1011    110.000    109.347    19.9704   4.997640     1.7987     0.0362     0.0886      1.261    5.11699    7.31269    2.84281    4.06265    123.518    26.0560    26.0506    109.347    19.9499    36.6784 3.5329e-06      353.3 3.4559e-05       3.37 0.0000e+00
       1020    111.000    110.341    19.9488   4.995431     1.7975     0.0389     0.0862      0.963    5.11902    7.31559    2.83869    4.05677    123.339    26.0620    26.0565    110.341    19.9281    36.6787 3.1974e-06      319.7 3.1277e-05       3.20 0.0000e+00
       1029    112.000    111.335    19.9457   4.995096     1.7943     0.0286     0.0853      0.786    5.11932    7.31602    2.82561    4.03808    122.771    26.0625    26.0570    111.335    19.9249    36.6783 2.6736e-06      267.4 2.6153e-05       2.93 0.0000e+00
       1036    113.000    112.328    19.9405   4.994471     1.7922     0.0363     0.0846      0.994    5.11984    7.31677    2.82709    4.04019    122.835    26.0632    26.0576    112.329    19.9195    36.6773 1.9339e-06      193.4 1.8917e-05       2.49 0.0000e+00
       1043    114.000    113.322    19.9376   4.994160     1.7909 -9.990e-29     0.0841      1.255    5.12013    7.31718    2.83191    4.04708    123.044    26.0637    26.0581    113.323    19.9164    36.6769 1.2612e-06      126.1 1.2337e-05       2.01 0.0000e+00
       1052    115.000    114.316    19.9374   4.994155     1.7912     0.0436     0.0853      0.942    5.12015    7.31721    2.83887    4.05704    123.347    26.0636    26.0580    114.316    19.9160    36.6766 6.3347e-07       63.3 6.1966e-06       1.43 0.0000e+00
       1061    116.000    115.310    19.9362   4.994020     1.7916     0.0436     0.0873      0.792    5.12028    7.31740    2.82782    4.04124    122.867    26.0637    26.0579    115.310    19.9146    36.6762 3.6598e-07       36.6 3.5800e-06       1.08 0.0000e+00
       1069    117.000    116.304    19.9316   4.993504     1.7880     0.0436     0.0890      0.973    5.12074    7.31804    2.81815    4.02741    122.447    26.0645    26.0587    116.304    19.9098    36.6756 3.5038e-07       35.0 3.4274e-06       1.06 0.0000e+00
       1077    118.000    117.297    19.9293   4.993282     1.7878 -9.990e-29     0.0901      1.097    5.12096    7.31836    2.83776    4.05545    123.299    26.0650    26.0592    117.298    19.9074    36.6754 3.1876e-07       31.9 3.1181e-06       1.01 0.0000e+00
       1085    119.000    118.291    19.9280   4.993161     1.7906     0.0436     0.0906      1.001    5.12109    7.31855    2.83881    4.05694    123.344    26.0652    26.0593    118.291    19.9059    36.6751 3.3478e-07       33.5 3.2748e-06       1.04 0.0000e+00
       1094    120.000    119.285    19.9274   4.993172     1.7881     0.0436     0.0942      0.851    5.12113    7.31861    2.81186    4.01843    122.173    26.0656    26.0597    119.285    19.9051    36.6754 4.1309e-07       41.3 4.0408e-06       1.15 0.0000e+00
