CTD_data/C212_2_1.cnv
* Sea-Bird SBE 25 Data File:
* FileName = C:\CTD_Data\C212_2\C212_2_1.hex
* Software Version Seasave V 7.19
* Temperature SN = 4430
* Conductivity SN = 3138
* System UpLoad Time = May 07 2014 16:27:21
** Ship: Hermano Gines
** Station: Car 212
** Operator: Luis Medina
** Latitude: 10 29.75
** Longitude: 64 39.95
** primer perfil
# nquan = 24                                
# nvalues = 2540                        
# units = specified
# name 0 = scan: Scan Count
# name 1 = prSM: Pressure, Strain Gauge [db]
# name 2 = depSM: Depth [salt water, m]
# name 3 = t090C: Temperature [ITS-90, deg C]
# name 4 = c0S/m: Conductivity [S/m]
# name 5 = sbeox0V: Oxygen Voltage, SBE 43
# name 6 = flECO-AFL: Fluorescence, Wetlab ECO-AFL/FL [mg/m^3]
# name 7 = bat: Beam Attenuation, Chelsea/Seatech/Wetlab CStar [1/m]
# name 8 = dz/dtM: Descent Rate [m/s]
# name 9 = oxsatML/L: Oxygen Saturation [ml/l]
# name 10 = oxsatMg/L: Oxygen Saturation [mg/l]
# name 11 = sbeox0ML/L: Oxygen, SBE 43 [ml/l], WS = 2
# name 12 = sbeox0Mg/L: Oxygen, SBE 43 [mg/l], WS = 2
# name 13 = sbeox0Mm/Kg: Oxygen, SBE 43 [umol/Kg], WS = 2
# name 14 = sigma-é00: Density [sigma-theta, Kg/m^3]
# name 15 = sigma-t00: Density [sigma-t, Kg/m^3 ]
# name 16 = depSM: Depth [salt water, m], lat = 10.5
# name 17 = potemp090C: Potential Temperature [ITS-90, deg C]
# name 18 = sal00: Salinity [PSU]
# name 19 = E: stability, E [rad^2/m]
# name 20 = E10^-8: stability, E [10^-8 rad^2/m]
# name 21 = N^2: buoyancy frequency, N^2 [rad^2/s^2]
# name 22 = N: buoyancy frequency, N [cycles/h]
# name 23 = flag: flag
# span 0 =        190,      40418       
# span 1 =      0.000,   1270.000       
# span 2 =     -0.000,   1258.958       
# span 3 =    17.2476,    23.7824       
# span 4 =   4.693086,   5.409838       
# span 5 =     0.5240,     3.0331       
# span 6 =    -0.1117,     1.4721       
# span 7 =     0.0385,     0.6393       
# span 8 =     -1.423,      1.362       
# span 9 =    4.77810,    5.39976       
# span 10 =    6.82839,    7.71680      
# span 11 = -1.025e+62, 2.0838e+61      
# span 12 = -1.465e+62, 2.9780e+61      
# span 13 = -4.456e+63, 9.0541e+62      
# span 14 =    25.0316,    26.4654      
# span 15 =    25.0314,    26.4307      
# span 16 =      0.000,   1258.959      
# span 17 =    17.0684,    23.7818      
# span 18 =    36.2595,    36.8103      
# span 19 = -4.568e-07, 6.3864e-05      
# span 20 =      -45.7,     6386.4      
# span 21 = -4.468e-06, 6.2472e-04      
# span 22 =      -1.21,      14.32      
# span 23 = 0.0000e+00, 0.0000e+00      
# interval = decibars: 1                
# start_time = May 07 2014 16:27:21
# bad_flag = -9.990e-29
*END*
[from data line 1691]
      21089    848.000    841.473    17.2478   4.697485     0.5246    -0.0789     0.0415     -0.052    5.39972    7.71674    0.00619    0.00884      0.269    26.4626    26.4276    841.473    17.1030    36.2672 7.7406e-09        0.8 7.5719e-08       0.16 0.0000e+00
      21097    847.000    840.482    17.2481   4.697478     0.5248    -0.0858     0.0415     -0.756    5.39968    7.71669    0.00745    0.01065      0.324    26.4625    26.4276    840.483    17.1035    36.2672 9.0893e-09        0.9 8.8911e-08       0.17 0.0000e+00
      21106    846.000    839.492    17.2480   4.697433     0.5248    -0.0815     0.0415     -1.094    5.39970    7.71670    0.00681    0.00973      0.296    26.4626    26.4277    839.493    17.1035    36.2673 1.7435e-08        1.7 1.7055e-07       0.24 0.0000e+00
      21122    845.000    838.502    17.2479   4.697368     0.5248    -0.0899     0.0420     -0.123    5.39971    7.71672    0.00673    0.00962      0.292    26.4625    26.4276    838.502    17.1036    36.2672 1.9009e-08        1.9 1.8595e-07       0.25 0.0000e+00
      21128    844.000    837.512    17.2484   4.697374     0.5248    -0.0883     0.0415     -0.799    5.39966    7.71665    0.00673    0.00961      0.292    26.4623    26.4275    837.512    17.1043    36.2672 1.6516e-08        1.7 1.6156e-07       0.23 0.0000e+00
      21136    843.000    836.521    17.2485   4.697380     0.5248    -0.0951     0.0418     -1.198    5.39963    7.71661    0.00724    0.01034      0.314    26.4625    26.4277    836.522    17.1045    36.2675 1.4921e-08        1.5 1.4595e-07       0.22 0.0000e+00
      21154    842.000    835.531    17.2480   4.697281     0.5250    -0.0719     0.0427     -0.136    5.39968    7.71669    0.00769    0.01098      0.334    26.4625    26.4278    835.531    17.1042    36.2675 1.4012e-08        1.4 1.3707e-07       0.21 0.0000e+00
      21163    841.000    834.541    17.2488   4.697305     0.5248    -0.0443     0.0415     -0.723    5.39961    7.71658    0.00528    0.00755      0.229    26.4622    26.4275    834.541    17.1052    36.2674 1.2646e-08        1.3 1.2370e-07       0.20 0.0000e+00
      21171    840.000    833.550    17.2487   4.697277     0.5248    -0.0164     0.0415     -1.138    5.39961    7.71659    0.00665    0.00951      0.289    26.4623    26.4277    833.551    17.1053    36.2676 7.6703e-09        0.8 7.5031e-08       0.16 0.0000e+00
      21182    839.000    832.560    17.2484   4.697221     0.5248     0.0140     0.0418     -0.708    5.39964    7.71662    0.00709    0.01014      0.308    26.4625    26.4279    832.560    17.1051    36.2677 9.9334e-09        1.0 9.7169e-08       0.18 0.0000e+00
      21194    838.000    831.570    17.2486   4.697220     0.5249     0.0426     0.0406     -0.650    5.39961    7.71658    0.00789    0.01128      0.343    26.4625    26.4280    831.570    17.1055    36.2679 2.2359e-08        2.2 2.1872e-07       0.27 0.0000e+00
      21204    837.000    830.579    17.2488   4.697172     0.5250     0.0436     0.0408     -0.770    5.39960    7.71657    0.00737    0.01054      0.320    26.4623    26.4278    830.580    17.1059    36.2677 1.0146e-08        1.0 9.9249e-08       0.18 0.0000e+00
      21215    836.000    829.589    17.2489   4.697166     0.5250     0.0154     0.0404     -0.812    5.39958    7.71654    0.00665    0.00951      0.289    26.4624    26.4279    829.589    17.1062    36.2679 8.3481e-09        0.8 8.1661e-08       0.16 0.0000e+00
      21228    835.000    828.599    17.2488   4.697113     0.5249    -0.0604     0.0404     -0.561    5.39959    7.71656    0.00574    0.00820      0.249    26.4624    26.4279    828.599    17.1062    36.2679 2.0319e-08        2.0 1.9876e-07       0.26 0.0000e+00
      21237    834.000    827.608    17.2490   4.697090     0.5247    -0.0809     0.0404     -0.751    5.39957    7.71652    0.00746    0.01066      0.324    26.4623    26.4279    827.609    17.1066    36.2679 2.7996e-08        2.8 2.7386e-07       0.30 0.0000e+00
      21246    833.000    826.618    17.2491   4.697054     0.5250    -0.0928     0.0404     -0.940    5.39956    7.71651    0.00818    0.01169      0.356    26.4622    26.4278    826.618    17.1069    36.2679 1.7377e-08        1.7 1.6998e-07       0.24 0.0000e+00
      21259    832.000    825.628    17.2488   4.697026     0.5249    -0.0936     0.0398     -0.633    5.39957    7.71653    0.00543    0.00776      0.236    26.4625    26.4282    825.628    17.1068    36.2683 1.1503e-08        1.2 1.1252e-07       0.19 0.0000e+00
      21273    831.000    824.638    17.2490   4.696968     0.5246    -0.0911     0.0397     -0.528    5.39957    7.71652    0.00657    0.00939      0.285    26.4622    26.4279    824.638    17.1071    36.2680 1.6472e-08        1.6 1.6113e-07       0.23 0.0000e+00
      21283    830.000    823.647    17.2491   4.696949     0.5249    -0.0807     0.0404     -0.740    5.39955    7.71650    0.00915    0.01307      0.398    26.4622    26.4280    823.647    17.1074    36.2681 1.4420e-08        1.4 1.4106e-07       0.22 0.0000e+00
      21292    829.000    822.657    17.2492   4.696916     0.5250    -0.1025     0.0406     -0.886    5.39954    7.71649    0.00676    0.00965      0.294    26.4622    26.4280    822.657    17.1077    36.2681 2.7282e-08        2.7 2.6688e-07       0.30 0.0000e+00
      21303    828.000    821.667    17.2490   4.696886     0.5248    -0.0813     0.0408     -0.806    5.39955    7.71650    0.00598    0.00855      0.260    26.4624    26.4282    821.666    17.1077    36.2684 2.6818e-08        2.7 2.6233e-07       0.29 0.0000e+00
      21315    827.000    820.676    17.2490   4.696822     0.5249    -0.0884     0.0412     -0.682    5.39956    7.71651    0.00753    0.01076      0.327    26.4622    26.4281    820.676    17.1078    36.2682 3.6758e-08        3.7 3.5957e-07       0.34 0.0000e+00
      21327    826.000    819.686    17.2492   4.696809     0.5250    -0.0959     0.0404     -0.607    5.39954    7.71648    0.00826    0.01181      0.359    26.4622    26.4281    819.686    17.1082    36.2683 2.9977e-08        3.0 2.9323e-07       0.31 0.0000e+00
      21338    825.000    818.695    17.2495   4.696816     0.5251    -0.0956     0.0415     -0.657    5.39950    7.71642    0.00663    0.00948      0.288    26.4622    26.4282    818.695    17.1087    36.2685 2.7958e-08        2.8 2.7349e-07       0.30 0.0000e+00
      21346    824.000    817.705    17.2501   4.696811     0.5250    -0.0956     0.0412     -0.961    5.39945    7.71635    0.00652    0.00931      0.283    26.4618    26.4279    817.705    17.1094    36.2683 2.5252e-08        2.5 2.4702e-07       0.28 0.0000e+00
      21359    823.000    816.715    17.2496   4.696752     0.5248    -0.0935     0.0407     -0.610    5.39949    7.71641    0.00728    0.01041      0.317    26.4622    26.4282    816.714    17.1091    36.2686 2.6819e-08        2.7 2.6234e-07       0.29 0.0000e+00
      21373    822.000    815.724    17.2495   4.696675     0.5251    -0.0729     0.0404     -0.328    5.39950    7.71643    0.00808    0.01155      0.351    26.4620    26.4281    815.724    17.1092    36.2684 2.2286e-08        2.2 2.1800e-07       0.27 0.0000e+00
      21380    821.000    814.733    17.2496   4.696648     0.5250    -0.0760     0.0415     -1.116    5.39949    7.71642    0.00649    0.00927      0.282    26.4620    26.4281    814.734    17.1095    36.2684 1.8666e-08        1.9 1.8259e-07       0.24 0.0000e+00
      21391    820.000    813.743    17.2491   4.696569     0.5250    -0.0907     0.0412     -0.828    5.39954    7.71648    0.00719    0.01028      0.313    26.4621    26.4283    813.743    17.1091    36.2685 1.3684e-08        1.4 1.3386e-07       0.21 0.0000e+00
      21405    819.000    812.753    17.2493   4.696557     0.5249    -0.0891     0.0411     -0.400    5.39952    7.71645    0.00680    0.00971      0.295    26.4621    26.4284    812.753    17.1095    36.2686 4.8472e-09        0.5 4.7416e-08       0.12 0.0000e+00
      21416    818.000    811.762    17.2499   4.696592     0.5249    -0.0649     0.0413     -0.859    5.39944    7.71635    0.00726    0.01038      0.316    26.4620    26.4283    811.762    17.1103    36.2688 2.0166e-08        2.0 1.9726e-07       0.25 0.0000e+00
      21428    817.000    810.772    17.2501   4.696563     0.5249    -0.0145     0.0406     -0.574    5.39942    7.71632    0.00645    0.00921      0.280    26.4619    26.4282    810.772    17.1107    36.2687 1.5853e-08        1.6 1.5508e-07       0.23 0.0000e+00
      21437    816.000    809.782    17.2501   4.696538     0.5248    -0.0150     0.0413     -0.826    5.39943    7.71632    0.00611    0.00874      0.266    26.4620    26.4284    809.781    17.1108    36.2689 1.6527e-08        1.7 1.6167e-07       0.23 0.0000e+00
      21448    815.000    808.791    17.2502   4.696521     0.5248    -0.0493     0.0409     -0.788    5.39941    7.71630    0.00771    0.01102      0.335    26.4620    26.4284    808.791    17.1111    36.2690 1.6295e-08        1.6 1.5940e-07       0.23 0.0000e+00
      21463    814.000    807.801    17.2503   4.696503     0.5254    -0.0597     0.0410     -0.233    5.39940    7.71627    0.00751    0.01073      0.326    26.4621    26.4285    807.801    17.1114    36.2691 9.9907e-09        1.0 9.7729e-08       0.18 0.0000e+00
      21470    813.000    806.810    17.2508   4.696503     0.5248 -9.990e-29     0.0404     -0.962    5.39934    7.71620    0.00638    0.00912      0.277    26.4618    26.4283    806.810    17.1121    36.2691 1.2057e-08        1.2 1.1794e-07       0.20 0.0000e+00
      21481    812.000    805.819    17.2504   4.696428     0.5250    -0.0590     0.0411     -0.872    5.39938    7.71626    0.00654    0.00935      0.284    26.4620    26.4285    805.820    17.1118    36.2691 1.5460e-08        1.5 1.5123e-07       0.22 0.0000e+00
      21494    811.000    804.829    17.2504   4.696391     0.5249    -0.0534     0.0411     -0.421    5.39938    7.71626    0.00811    0.01160      0.353    26.4620    26.4285    804.829    17.1120    36.2692 2.2494e-08        2.2 2.2003e-07       0.27 0.0000e+00
      21503    810.000    803.839    17.2505   4.696376     0.5250    -0.0202     0.0418     -0.918    5.39936    7.71623    0.00745    0.01065      0.324    26.4620    26.4286    803.839    17.1123    36.2694 2.1387e-08        2.1 2.0921e-07       0.26 0.0000e+00
      21514    809.000    802.848    17.2505   4.696336     0.5250     0.0097     0.0405     -0.756    5.39937    7.71623    0.00662    0.00946      0.288    26.4620    26.4286    802.848    17.1124    36.2694 2.2542e-08        2.3 2.2050e-07       0.27 0.0000e+00
      21527    808.000    801.858    17.2505   4.696267     0.5248     0.0508     0.0407     -0.483    5.39937    7.71624    0.00581    0.00830      0.252    26.4618    26.4285    801.858    17.1126    36.2692 1.6000e-08        1.6 1.5651e-07       0.23 0.0000e+00
      21536    807.000    800.868    17.2505   4.696224     0.5247     0.0350     0.0404     -0.845    5.39937    7.71624    0.00605    0.00865      0.263    26.4617    26.4285    800.867    17.1128    36.2692 2.6824e-08        2.7 2.6240e-07       0.29 0.0000e+00
      21548    806.000    799.876    17.2501   4.696145     0.5248     0.0296     0.0414     -0.748    5.39941    7.71630    0.00714    0.01020      0.310    26.4618    26.4286    799.877    17.1126    36.2692 3.4501e-08        3.5 3.3749e-07       0.33 0.0000e+00
      21560    805.000    798.886    17.2501   4.696112     0.5248     0.0366     0.0411     -0.569    5.39941    7.71630    0.00667    0.00953      0.290    26.4618    26.4287    798.886    17.1127    36.2693 2.8159e-08        2.8 2.7545e-07       0.30 0.0000e+00
      21568    804.000    797.896    17.2500   4.696053     0.5248     0.0362     0.0412     -0.896    5.39943    7.71632    0.00747    0.01068      0.325    26.4618    26.4287    797.896    17.1128    36.2692 1.9106e-08        1.9 1.8689e-07       0.25 0.0000e+00
      21579    803.000    796.905    17.2500   4.696024     0.5249     0.0362     0.0406     -0.878    5.39942    7.71631    0.00675    0.00964      0.293    26.4618    26.4287    796.905    17.1130    36.2694 1.2757e-08        1.3 1.2479e-07       0.20 0.0000e+00
      21593    802.000    795.915    17.2504   4.696016     0.5249     0.0406     0.0404     -0.414    5.39938    7.71625    0.00662    0.00946      0.288    26.4617    26.4286    795.915    17.1136    36.2693 1.4779e-08        1.5 1.4457e-07       0.22 0.0000e+00
      21602    801.000    794.924    17.2504   4.695977     0.5248     0.0423     0.0413     -0.783    5.39938    7.71625    0.00746    0.01067      0.324    26.4616    26.4286    794.924    17.1137    36.2693 2.0862e-08        2.1 2.0408e-07       0.26 0.0000e+00
      21611    800.000    793.934    17.2503   4.695953     0.5249     0.0501     0.0423     -1.000    5.39938    7.71625    0.00751    0.01073      0.326    26.4618    26.4289    793.934    17.1138    36.2696 2.0861e-08        2.1 2.0406e-07       0.26 0.0000e+00
      21625    799.000    792.943    17.2501   4.695879     0.5250     0.0470     0.0413     -0.505    5.39941    7.71629    0.00704    0.01006      0.306    26.4618    26.4288    792.943    17.1138    36.2695 2.2654e-08        2.3 2.2160e-07       0.27 0.0000e+00
      21635    798.000    791.953    17.2502   4.695846     0.5251     0.0429     0.0407     -0.737    5.39939    7.71627    0.00667    0.00953      0.290    26.4617    26.4288    791.953    17.1141    36.2695 2.9429e-08        2.9 2.8787e-07       0.31 0.0000e+00
      21645    797.000    790.962    17.2501   4.695793     0.5248     0.0392     0.0408     -0.818    5.39940    7.71628    0.00642    0.00918      0.279    26.4617    26.4288    790.962    17.1141    36.2695 2.2638e-08        2.3 2.2145e-07       0.27 0.0000e+00
      21657    796.000    789.972    17.2502   4.695763     0.5249     0.0362     0.0410     -0.691    5.39939    7.71627    0.00745    0.01064      0.324    26.4616    26.4288    789.972    17.1144    36.2695 2.5559e-08        2.6 2.5002e-07       0.29 0.0000e+00
      21668    795.000    788.981    17.2502   4.695726     0.5248     0.0362     0.0407     -0.731    5.39939    7.71626    0.00652    0.00932      0.283    26.4616    26.4289    788.981    17.1146    36.2696 2.6004e-08        2.6 2.5437e-07       0.29 0.0000e+00
      21681    794.000    787.991    17.2505   4.695717     0.5249    -0.0481     0.0423     -0.577    5.39936    7.71622    0.00678    0.00969      0.295    26.4615    26.4288    787.991    17.1151    36.2696 2.0573e-08        2.1 2.0125e-07       0.26 0.0000e+00
      21690    793.000    787.000    17.2506   4.695686     0.5248    -0.0900     0.0422     -0.806    5.39935    7.71621    0.00723    0.01033      0.314    26.4615    26.4288    787.000    17.1153    36.2696 1.5620e-08        1.6 1.5280e-07       0.22 0.0000e+00
      21701    792.000    786.010    17.2506   4.695660     0.5249 -9.990e-29     0.0420     -0.785    5.39935    7.71620    0.00669    0.00956      0.291    26.4616    26.4289    786.010    17.1155    36.2698 1.7446e-08        1.7 1.7066e-07       0.24 0.0000e+00
      21710    791.000    785.019    17.2505   4.695610     0.5248 -9.990e-29     0.0415     -0.739    5.39935    7.71621    0.00687    0.00981      0.298    26.4616    26.4290    785.019    17.1156    36.2698 1.9506e-08        2.0 1.9080e-07       0.25 0.0000e+00
      21722    790.000    784.028    17.2503   4.695553     0.5249 -9.990e-29     0.0411     -0.810    5.39937    7.71624    0.00621    0.00887      0.270    26.4616    26.4291    784.028    17.1155    36.2699 2.0880e-08        2.1 2.0425e-07       0.26 0.0000e+00
