CTD_data/C212_3_3.cnv
* Sea-Bird SBE 25 Data File:
* FileName = C:\CTD_Data\C212_3\C212_3_3.hex
* Software Version Seasave V 7.19
* Temperature SN = 4430
* Conductivity SN = 3138
* System UpLoad Time = May 13 2014 00:06:50
** Ship: Hermano Gines
** Station: Car_212_3
** Operator: Luis Medina
** Latitude: 10 30.050 N
** Longitude: 64 39.97 W
** terver perfil
# nquan = 24                                
# nvalues = 2626                        
# units = specified
# name 0 = scan: Scan Count
# name 1 = prSM: Pressure, Strain Gauge [db]
# name 2 = depSM: Depth [salt water, m]
# name 3 = t090C: Temperature [ITS-90, deg C]
# name 4 = c0S/m: Conductivity [S/m]
# name 5 = sbeox0V: Oxygen Voltage, SBE 43
# name 6 = flECO-AFL: Fluorescence, Wetlab ECO-AFL/FL [mg/m^3]
# name 7 = bat: Beam Attenuation, Chelsea/Seatech/Wetlab CStar [1/m]
# name 8 = dz/dtM: Descent Rate [m/s]
# name 9 = oxsatML/L: Oxygen Saturation [ml/l]
# name 10 = oxsatMg/L: Oxygen Saturation [mg/l]
# name 11 = sbeox0ML/L: Oxygen, SBE 43 [ml/l], WS = 2
# name 12 = sbeox0Mg/L: Oxygen, SBE 43 [mg/l], WS = 2
# name 13 = sbeox0Mm/Kg: Oxygen, SBE 43 [umol/Kg], WS = 2
# name 14 = sigma-é00: Density [sigma-theta, Kg/m^3]
# name 15 = sigma-t00: Density [sigma-t, Kg/m^3 ]
# name 16 = depSM: Depth [salt water, m], lat = 10.5
# name 17 = potemp090C: Potential Temperature [ITS-90, deg C]
# name 18 = sal00: Salinity [PSU]
# name 19 = E: stability, E [rad^2/m]
# name 20 = E10^-8: stability, E [10^-8 rad^2/m]
# name 21 = N^2: buoyancy frequency, N^2 [rad^2/s^2]
# name 22 = N: buoyancy frequency, N [cycles/h]
# name 23 = flag: flag
# span 0 =         98,      37062       
# span 1 =      0.000,   1313.000       
# span 2 =     -0.000,   1301.452       
# span 3 =    17.2522,    24.5787       
# span 4 =   4.694111,   5.513641       
# span 5 =     0.5245,     2.8099       
# span 6 =    -0.5180,     0.6255       
# span 7 =     0.0403,     0.5320       
# span 8 =     -1.615,      1.500       
# span 9 =    4.70949,    5.39924       
# span 10 =    6.73034,    7.71606      
# span 11 =    0.00183,    4.71137      
# span 12 =    0.00261,    6.73302      
# span 13 =      0.079,    204.756      
# span 14 =    24.8918,    26.4655      
# span 15 =    24.8914,    26.4303      
# span 16 =      0.000,   1301.452      
# span 17 =    17.0660,    24.5776      
# span 18 =    36.2589,    36.9690      
# span 19 = -2.237e-08, 5.5092e-05      
# span 20 =       -2.2,     5509.2      
# span 21 = -2.188e-07, 5.3891e-04      
# span 22 =      -0.27,      13.30      
# span 23 = 0.0000e+00, 0.0000e+00      
# interval = decibars: 1                
# start_time = May 13 2014 00:06:50
# bad_flag = -9.990e-29
*END*
[from data line 1087]
      12228   1088.000   1079.008    17.2691   4.709337     0.5253     0.0401     0.0429      0.349    5.39766    7.71379    0.00829    0.01185      0.360    26.4639    26.4187   1079.008    17.0821    36.2623 3.2614e-09        0.3 3.1903e-08       0.10 0.0000e+00
      12239   1089.000   1079.997    17.2692   4.709392     0.5253     0.0371     0.0452      0.747    5.39765    7.71378    0.00974    0.01392      0.423    26.4639    26.4187   1079.997    17.0820    36.2624 8.8181e-09        0.9 8.6259e-08       0.17 0.0000e+00
      12248   1090.000   1080.986    17.2694   4.709457     0.5255     0.0490     0.0436      0.841    5.39763    7.71375    0.00608    0.00869      0.264    26.4639    26.4187   1080.986    17.0821    36.2624 2.9014e-09        0.3 2.8381e-08       0.10 0.0000e+00
      12260   1091.000   1081.975    17.2694   4.709503     0.5248     0.0501     0.0426      0.733    5.39762    7.71374    0.00642    0.00918      0.279    26.4640    26.4187   1081.975    17.0819    36.2624 6.2431e-09        0.6 6.1070e-08       0.14 0.0000e+00
      12275   1092.000   1082.964    17.2695   4.709547     0.5249     0.0412     0.0428      0.527    5.39761    7.71373    0.00668    0.00954      0.290    26.4640    26.4186   1082.965    17.0818    36.2623 7.5626e-09        0.8 7.3978e-08       0.16 0.0000e+00
      12290   1093.000   1083.954    17.2698   4.709608     0.5247     0.0579     0.0432      0.356    5.39759    7.71370    0.00687    0.00982      0.299    26.4638    26.4185   1083.954    17.0819    36.2622 2.6256e-09        0.3 2.5684e-08       0.09 0.0000e+00
      12297   1094.000   1084.943    17.2701   4.709707     0.5249     0.0355     0.0446      0.880    5.39755    7.71364    0.00741    0.01059      0.322    26.4640    26.4186   1084.943    17.0821    36.2625 -2.139e-09       -0.2 -2.092e-08      -0.08 0.0000e+00
      12308   1095.000   1085.932    17.2701   4.709727     0.5250     0.0362     0.0443      0.907    5.39756    7.71365    0.00755    0.01079      0.328    26.4639    26.4184   1085.932    17.0819    36.2623 1.9639e-09        0.2 1.9211e-08       0.08 0.0000e+00
      12327   1096.000   1086.921    17.2703   4.709796     0.5249     0.0439     0.0446      0.174    5.39754    7.71362    0.00646    0.00924      0.281    26.4639    26.4184   1086.921    17.0819    36.2623 6.0574e-09        0.6 5.9253e-08       0.14 0.0000e+00
      12335   1097.000   1087.910    17.2704   4.709855     0.5247     0.0475     0.0452      0.927    5.39752    7.71360    0.00685    0.00979      0.298    26.4640    26.4184   1087.910    17.0818    36.2624 1.2659e-08        1.3 1.2383e-07       0.20 0.0000e+00
      12350   1098.000   1088.900    17.2704   4.709882     0.5247     0.0430     0.0456      0.190    5.39753    7.71361    0.00490    0.00701      0.213    26.4639    26.4183   1088.899    17.0816    36.2622 1.6563e-08        1.7 1.6202e-07       0.23 0.0000e+00
      12357   1099.000   1089.889    17.2708   4.709972     0.5245     0.0477     0.0455      0.845    5.39748    7.71354    0.00895    0.01280      0.389    26.4639    26.4183   1089.888    17.0819    36.2623 1.0960e-08        1.1 1.0721e-07       0.19 0.0000e+00
      12368   1100.000   1090.878    17.2706   4.709998     0.5253     0.0453     0.0455      0.938    5.39750    7.71357    0.00901    0.01287      0.391    26.4640    26.4184   1090.878    17.0815    36.2623 1.3881e-08        1.4 1.3579e-07       0.21 0.0000e+00
      12387   1101.000   1091.867    17.2707   4.710044     0.5252     0.0367     0.0437      0.253    5.39749    7.71355    0.00566    0.00809      0.246    26.4640    26.4183   1091.867    17.0814    36.2623 1.2034e-08        1.2 1.1772e-07       0.20 0.0000e+00
      12396   1102.000   1092.856    17.2708   4.710100     0.5251     0.0381     0.0449      0.880    5.39748    7.71355    0.01008    0.01441      0.438    26.4641    26.4183   1092.856    17.0813    36.2623 9.7289e-09        1.0 9.5169e-08       0.18 0.0000e+00
      12405   1103.000   1093.845    17.2709   4.710149     0.5253     0.0422     0.0462      0.786    5.39747    7.71352    0.00694    0.00992      0.302    26.4640    26.4183   1093.845    17.0813    36.2623 1.3316e-08        1.3 1.3026e-07       0.21 0.0000e+00
      12414   1104.000   1094.834    17.2710   4.710195     0.5249     0.0465     0.0442      0.982    5.39746    7.71351    0.00591    0.00845      0.257    26.4640    26.4182   1094.834    17.0812    36.2622 1.1289e-08        1.1 1.1043e-07       0.19 0.0000e+00
      12435   1105.000   1095.823    17.2712   4.710260     0.5251     0.0402     0.0438      0.200    5.39744    7.71349    0.00842    0.01203      0.366    26.4640    26.4182   1095.823    17.0812    36.2622 9.2110e-09        0.9 9.0102e-08       0.17 0.0000e+00
      12445   1106.000   1096.812    17.2716   4.710352     0.5250     0.0434     0.0441      0.718    5.39739    7.71342    0.00666    0.00952      0.289    26.4640    26.4181   1096.812    17.0814    36.2623 -4.443e-11       -0.0 -4.346e-10      -0.01 0.0000e+00
      12453   1107.000   1097.801    17.2717   4.710404     0.5250     0.0436     0.0449      1.147    5.39739    7.71341    0.00690    0.00986      0.300    26.4641    26.4181   1097.801    17.0814    36.2623 -1.873e-09       -0.2 -1.832e-08      -0.08 0.0000e+00
      12471   1108.000   1098.790    17.2717   4.710442     0.5250     0.0483     0.0444      0.218    5.39739    7.71341    0.00915    0.01307      0.398    26.4641    26.4181   1098.790    17.0812    36.2623 -5.065e-10       -0.1 -4.954e-09      -0.04 0.0000e+00
      12482   1109.000   1099.779    17.2718   4.710492     0.5250     0.0508     0.0446      0.733    5.39738    7.71339    0.00396    0.00566      0.172    26.4641    26.4180   1099.779    17.0811    36.2623 6.0670e-09        0.6 5.9348e-08       0.14 0.0000e+00
      12492   1110.000   1100.768    17.2719   4.710554     0.5248     0.0397     0.0443      0.859    5.39736    7.71337    0.00944    0.01349      0.410    26.4641    26.4181   1100.768    17.0810    36.2623 -4.803e-10       -0.0 -4.698e-09      -0.04 0.0000e+00
      12509   1111.000   1101.758    17.2721   4.710579     0.5252     0.0443     0.0442      0.306    5.39735    7.71336    0.00500    0.00714      0.217    26.4639    26.4178   1101.757    17.0810    36.2620 2.0218e-09        0.2 1.9778e-08       0.08 0.0000e+00
      12517   1112.000   1102.746    17.2724   4.710676     0.5249     0.0361     0.0454      0.723    5.39732    7.71331    0.00803    0.01148      0.349    26.4640    26.4178   1102.747    17.0812    36.2622 -1.609e-09       -0.2 -1.574e-08      -0.07 0.0000e+00
      12529   1113.000   1103.736    17.2724   4.710716     0.5249     0.0432     0.0446      0.758    5.39732    7.71331    0.00746    0.01066      0.324    26.4641    26.4178   1103.736    17.0810    36.2622 -9.603e-10       -0.1 -9.394e-09      -0.06 0.0000e+00
      12547   1114.000   1104.725    17.2725   4.710774     0.5250     0.0436     0.0440      0.336    5.39731    7.71329    0.00665    0.00950      0.289    26.4641    26.4178   1104.725    17.0809    36.2623 -6.770e-10       -0.1 -6.622e-09      -0.05 0.0000e+00
      12556   1115.000   1105.714    17.2729   4.710842     0.5248 -9.990e-29     0.0449      0.725    5.39727    7.71324    0.00786    0.01123      0.342    26.4640    26.4176   1105.714    17.0811    36.2621 7.7193e-09        0.8 7.5511e-08       0.16 0.0000e+00
      12564   1116.000   1106.703    17.2729   4.710903     0.5249     0.0362     0.0448      1.114    5.39727    7.71323    0.00525    0.00750      0.228    26.4641    26.4178   1106.703    17.0810    36.2623 9.5658e-09        1.0 9.3573e-08       0.18 0.0000e+00
      12583   1117.000   1107.692    17.2730   4.710934     0.5251     0.0428     0.0440      0.094    5.39726    7.71322    0.01209    0.01727      0.525    26.4640    26.4176   1107.692    17.0809    36.2621 9.8608e-09        1.0 9.6458e-08       0.18 0.0000e+00
      12591   1118.000   1108.681    17.2732   4.711003     0.5254     0.0479     0.0445      0.832    5.39724    7.71319    0.00657    0.00939      0.285    26.4640    26.4176   1108.681    17.0809    36.2622 7.6360e-09        0.8 7.4695e-08       0.16 0.0000e+00
      12604   1119.000   1109.670    17.2730   4.711003     0.5251     0.0461     0.0441      0.724    5.39726    7.71323    0.00742    0.01061      0.322    26.4640    26.4175   1109.670    17.0805    36.2620 1.1295e-08        1.1 1.1049e-07       0.19 0.0000e+00
      12619   1120.000   1110.659    17.2732   4.711098     0.5250 -9.990e-29     0.0444      0.381    5.39723    7.71319    0.00611    0.00873      0.265    26.4642    26.4177   1110.659    17.0806    36.2622 2.0839e-08        2.1 2.0385e-07       0.26 0.0000e+00
      12627   1121.000   1111.648    17.2734   4.711134     0.5249 -9.990e-29     0.0432      0.946    5.39722    7.71317    0.00707    0.01010      0.307    26.4640    26.4174   1111.648    17.0806    36.2620 1.5876e-08        1.6 1.5530e-07       0.23 0.0000e+00
      12639   1122.000   1112.637    17.2733   4.711182     0.5249     0.0509     0.0436      0.725    5.39723    7.71318    0.00686    0.00980      0.298    26.4642    26.4176   1112.637    17.0803    36.2622 2.1263e-08        2.1 2.0799e-07       0.26 0.0000e+00
      12652   1123.000   1113.626    17.2734   4.711218     0.5250     0.0434     0.0423      0.519    5.39722    7.71317    0.01046    0.01494      0.454    26.4641    26.4174   1113.626    17.0802    36.2620 1.6267e-08        1.6 1.5913e-07       0.23 0.0000e+00
      12662   1124.000   1114.615    17.2735   4.711280     0.5252     0.0436     0.0436      0.815    5.39721    7.71315    0.00673    0.00962      0.293    26.4642    26.4175   1114.615    17.0801    36.2621 1.5497e-08        1.5 1.5160e-07       0.22 0.0000e+00
      12675   1125.000   1115.604    17.2735   4.711319     0.5253     0.0585     0.0433      0.647    5.39721    7.71315    0.00886    0.01267      0.385    26.4642    26.4175   1115.604    17.0800    36.2621 7.9693e-09        0.8 7.7956e-08       0.16 0.0000e+00
      12688   1126.000   1116.593    17.2736   4.711364     0.5247     0.0360     0.0449      0.568    5.39720    7.71314    0.00518    0.00741      0.225    26.4642    26.4174   1116.593    17.0799    36.2620 6.7937e-09        0.7 6.6456e-08       0.15 0.0000e+00
      12698   1127.000   1117.582    17.2739   4.711444     0.5255     0.0507     0.0432      0.772    5.39717    7.71310    0.01302    0.01861      0.566    26.4642    26.4174   1117.582    17.0800    36.2621 4.8756e-09        0.5 4.7694e-08       0.13 0.0000e+00
      12711   1128.000   1118.571    17.2740   4.711486     0.5254     0.0368     0.0462      0.654    5.39716    7.71308    0.00753    0.01077      0.327    26.4641    26.4173   1118.571    17.0799    36.2620 6.1772e-09        0.6 6.0425e-08       0.14 0.0000e+00
      12725   1129.000   1119.560    17.2743   4.711577     0.5250     0.0414     0.0452      0.269    5.39712    7.71303    0.00662    0.00945      0.287    26.4642    26.4173   1119.560    17.0801    36.2621 3.9305e-09        0.4 3.8448e-08       0.11 0.0000e+00
      12732   1130.000   1120.549    17.2747   4.711653     0.5251     0.0487     0.0444      1.011    5.39708    7.71298    0.00759    0.01086      0.330    26.4641    26.4172   1120.549    17.0803    36.2621 5.3768e-10        0.1 5.2596e-09       0.04 0.0000e+00
      12751   1131.000   1121.538    17.2746   4.711682     0.5249     0.0479     0.0443      0.244    5.39710    7.71299    0.00784    0.01120      0.341    26.4642    26.4172   1121.538    17.0800    36.2620 1.8937e-09        0.2 1.8524e-08       0.08 0.0000e+00
      12761   1132.000   1122.526    17.2750   4.711790     0.5252     0.0473     0.0442      0.666    5.39705    7.71292    0.01090    0.01557      0.474    26.4643    26.4172   1122.527    17.0802    36.2623 4.9214e-09        0.5 4.8141e-08       0.13 0.0000e+00
      12768   1133.000   1123.515    17.2751   4.711830     0.5252     0.0439     0.0449      1.313    5.39704    7.71290    0.00520    0.00743      0.226    26.4642    26.4171   1123.516    17.0801    36.2621 7.8940e-09        0.8 7.7220e-08       0.16 0.0000e+00
      12784   1134.000   1124.504    17.2750   4.711861     0.5250     0.0363     0.0451      0.590    5.39705    7.71292    0.00749    0.01070      0.325    26.4643    26.4172   1124.505    17.0799    36.2621 1.2942e-08        1.3 1.2660e-07       0.20 0.0000e+00
      12798   1135.000   1125.493    17.2753   4.711918     0.5249     0.0362     0.0454      0.416    5.39702    7.71288    0.00541    0.00773      0.235    26.4641    26.4170   1125.494    17.0800    36.2620 9.1700e-09        0.9 8.9701e-08       0.17 0.0000e+00
      12805   1136.000   1126.483    17.2756   4.712000     0.5251     0.0362     0.0444      1.096    5.39699    7.71284    0.00709    0.01013      0.308    26.4642    26.4170   1126.482    17.0801    36.2621 -9.899e-10       -0.1 -9.683e-09      -0.06 0.0000e+00
      12824   1137.000   1127.471    17.2754   4.712023     0.5247     0.0438     0.0444      0.357    5.39701    7.71286    0.00744    0.01063      0.323    26.4643    26.4170   1127.471    17.0797    36.2621 -2.054e-09       -0.2 -2.009e-08      -0.08 0.0000e+00
      12837   1138.000   1128.460    17.2757   4.712096     0.5249     0.0436     0.0449      0.669    5.39698    7.71282    0.01013    0.01447      0.440    26.4642    26.4169   1128.460    17.0799    36.2621 5.6233e-09        0.6 5.5007e-08       0.13 0.0000e+00
      12843   1139.000   1129.449    17.2757   4.712150     0.5251     0.0416     0.0451      1.360    5.39697    7.71281    0.00768    0.01097      0.334    26.4644    26.4170   1129.449    17.0797    36.2622 2.6789e-09        0.3 2.6205e-08       0.09 0.0000e+00
      12856   1140.000   1130.438    17.2758   4.712166     0.5252     0.0403     0.0438      0.719    5.39698    7.71282    0.00821    0.01174      0.357    26.4641    26.4168   1130.438    17.0796    36.2619 1.4222e-08        1.4 1.3912e-07       0.21 0.0000e+00
      12871   1141.000   1131.427    17.2760   4.712221     0.5251     0.0428     0.0447      0.441    5.39696    7.71279    0.00648    0.00927      0.282    26.4641    26.4167   1131.427    17.0796    36.2618 1.1048e-08        1.1 1.0807e-07       0.19 0.0000e+00
      12881   1142.000   1132.416    17.2760   4.712279     0.5251     0.0507     0.0438      0.864    5.39695    7.71278    0.00783    0.01120      0.341    26.4642    26.4168   1132.416    17.0794    36.2620 1.7254e-09        0.2 1.6878e-08       0.07 0.0000e+00
      12894   1143.000   1133.405    17.2761   4.712337     0.5252     0.0408     0.0432      0.636    5.39694    7.71276    0.00703    0.01006      0.306    26.4643    26.4168   1133.405    17.0794    36.2620 4.4126e-09        0.4 4.3165e-08       0.12 0.0000e+00
      12906   1144.000   1134.394    17.2763   4.712391     0.5249     0.0408     0.0421      0.600    5.39692    7.71274    0.00736    0.01052      0.320    26.4642    26.4167   1134.394    17.0794    36.2619 6.1700e-09        0.6 6.0355e-08       0.14 0.0000e+00
      12918   1145.000   1135.383    17.2764   4.712474     0.5249     0.0320     0.0431      0.696    5.39690    7.71271    0.00651    0.00930      0.283    26.4644    26.4169   1135.383    17.0793    36.2622 1.2493e-08        1.2 1.2221e-07       0.20 0.0000e+00
      12928   1146.000   1136.372    17.2766   4.712518     0.5249     0.0485 -9.990e-29      0.832    5.39688    7.71269    0.00917    0.01310      0.398    26.4643    26.4167   1136.372    17.0793    36.2620 9.2950e-09        0.9 9.0924e-08       0.17 0.0000e+00
      12943   1147.000   1137.360    17.2768   4.712556     0.5251     0.0526     0.0430      0.496    5.39687    7.71267    0.00727    0.01040      0.316    26.4641    26.4165   1137.361    17.0794    36.2618 -2.024e-09       -0.2 -1.980e-08      -0.08 0.0000e+00
