CTD_data/C212_2_1.cnv
* Sea-Bird SBE 25 Data File:
* FileName = C:\CTD_Data\C212_2\C212_2_1.hex
* Software Version Seasave V 7.19
* Temperature SN = 4430
* Conductivity SN = 3138
* System UpLoad Time = May 07 2014 16:27:21
** Ship: Hermano Gines
** Station: Car 212
** Operator: Luis Medina
** Latitude: 10 29.75
** Longitude: 64 39.95
** primer perfil
# nquan = 24                                
# nvalues = 2540                        
# units = specified
# name 0 = scan: Scan Count
# name 1 = prSM: Pressure, Strain Gauge [db]
# name 2 = depSM: Depth [salt water, m]
# name 3 = t090C: Temperature [ITS-90, deg C]
# name 4 = c0S/m: Conductivity [S/m]
# name 5 = sbeox0V: Oxygen Voltage, SBE 43
# name 6 = flECO-AFL: Fluorescence, Wetlab ECO-AFL/FL [mg/m^3]
# name 7 = bat: Beam Attenuation, Chelsea/Seatech/Wetlab CStar [1/m]
# name 8 = dz/dtM: Descent Rate [m/s]
# name 9 = oxsatML/L: Oxygen Saturation [ml/l]
# name 10 = oxsatMg/L: Oxygen Saturation [mg/l]
# name 11 = sbeox0ML/L: Oxygen, SBE 43 [ml/l], WS = 2
# name 12 = sbeox0Mg/L: Oxygen, SBE 43 [mg/l], WS = 2
# name 13 = sbeox0Mm/Kg: Oxygen, SBE 43 [umol/Kg], WS = 2
# name 14 = sigma-é00: Density [sigma-theta, Kg/m^3]
# name 15 = sigma-t00: Density [sigma-t, Kg/m^3 ]
# name 16 = depSM: Depth [salt water, m], lat = 10.5
# name 17 = potemp090C: Potential Temperature [ITS-90, deg C]
# name 18 = sal00: Salinity [PSU]
# name 19 = E: stability, E [rad^2/m]
# name 20 = E10^-8: stability, E [10^-8 rad^2/m]
# name 21 = N^2: buoyancy frequency, N^2 [rad^2/s^2]
# name 22 = N: buoyancy frequency, N [cycles/h]
# name 23 = flag: flag
# span 0 =        190,      40418       
# span 1 =      0.000,   1270.000       
# span 2 =     -0.000,   1258.958       
# span 3 =    17.2476,    23.7824       
# span 4 =   4.693086,   5.409838       
# span 5 =     0.5240,     3.0331       
# span 6 =    -0.1117,     1.4721       
# span 7 =     0.0385,     0.6393       
# span 8 =     -1.423,      1.362       
# span 9 =    4.77810,    5.39976       
# span 10 =    6.82839,    7.71680      
# span 11 = -1.025e+62, 2.0838e+61      
# span 12 = -1.465e+62, 2.9780e+61      
# span 13 = -4.456e+63, 9.0541e+62      
# span 14 =    25.0316,    26.4654      
# span 15 =    25.0314,    26.4307      
# span 16 =      0.000,   1258.959      
# span 17 =    17.0684,    23.7818      
# span 18 =    36.2595,    36.8103      
# span 19 = -4.568e-07, 6.3864e-05      
# span 20 =      -45.7,     6386.4      
# span 21 = -4.468e-06, 6.2472e-04      
# span 22 =      -1.21,      14.32      
# span 23 = 0.0000e+00, 0.0000e+00      
# interval = decibars: 1                
# start_time = May 07 2014 16:27:21
# bad_flag = -9.990e-29
*END*
[from data line 1087]
      12276   1088.000   1079.008    17.2630   4.708559     0.5249     0.0408     0.0413      0.586    5.39834    7.71476    0.00682    0.00975      0.297    26.4643    26.4192   1079.008    17.0761    36.2610 1.0267e-08        1.0 1.0043e-07       0.18 0.0000e+00
      12289   1089.000   1079.997    17.2630   4.708598     0.5246     0.0399     0.0417      0.624    5.39834    7.71476    0.00664    0.00950      0.289    26.4644    26.4192   1079.997    17.0759    36.2610 3.7005e-09        0.4 3.6198e-08       0.11 0.0000e+00
      12301   1090.000   1080.986    17.2632   4.708655     0.5247     0.0510     0.0404      0.611    5.39832    7.71474    0.00616    0.00880      0.268    26.4643    26.4191   1080.986    17.0759    36.2610 2.1112e-09        0.2 2.0652e-08       0.08 0.0000e+00
      12311   1091.000   1081.975    17.2634   4.708726     0.5247     0.0461     0.0409      0.797    5.39829    7.71470    0.00645    0.00922      0.280    26.4644    26.4191   1081.975    17.0759    36.2610 3.2119e-09        0.3 3.1419e-08       0.10 0.0000e+00
      12324   1092.000   1082.964    17.2636   4.708804     0.5248     0.0436     0.0427      0.651    5.39827    7.71467    0.00815    0.01165      0.354    26.4645    26.4192   1082.965    17.0760    36.2612 7.0757e-10        0.1 6.9215e-09       0.05 0.0000e+00
      12337   1093.000   1083.954    17.2638   4.708860     0.5248     0.0377     0.0430      0.507    5.39825    7.71464    0.00632    0.00903      0.275    26.4644    26.4191   1083.954    17.0760    36.2611 9.9505e-09        1.0 9.7336e-08       0.18 0.0000e+00
      12347   1094.000   1084.943    17.2639   4.708904     0.5250     0.0363     0.0418      0.863    5.39824    7.71463    0.00713    0.01019      0.310    26.4644    26.4190   1084.943    17.0759    36.2610 4.0961e-10        0.0 4.0068e-09       0.04 0.0000e+00
      12362   1095.000   1085.932    17.2639   4.708940     0.5246     0.0406     0.0413      0.490    5.39824    7.71463    0.00672    0.00960      0.292    26.4644    26.4189   1085.932    17.0757    36.2610 -2.040e-09       -0.2 -1.995e-08      -0.08 0.0000e+00
      12372   1096.000   1086.921    17.2643   4.709033     0.5250     0.0392     0.0418      0.673    5.39820    7.71456    0.00938    0.01340      0.407    26.4644    26.4189   1086.921    17.0759    36.2611 -4.031e-09       -0.4 -3.943e-08      -0.11 0.0000e+00
      12383   1097.000   1087.910    17.2645   4.709103     0.5249     0.0320     0.0421      0.869    5.39818    7.71453    0.00662    0.00947      0.288    26.4644    26.4189   1087.910    17.0760    36.2611 -8.081e-09       -0.8 -7.905e-08      -0.16 0.0000e+00
      12401   1098.000   1088.899    17.2648   4.709188     0.5247     0.0562     0.0428      0.142    5.39814    7.71448    0.00625    0.00893      0.272    26.4645    26.4189   1088.899    17.0761    36.2612 -1.308e-09       -0.1 -1.280e-08      -0.06 0.0000e+00
      12409   1099.000   1089.889    17.2651   4.709237     0.5247     0.0458     0.0416      0.956    5.39812    7.71445    0.00749    0.01071      0.326    26.4643    26.4187   1089.888    17.0762    36.2610 1.3927e-09        0.1 1.3624e-08       0.07 0.0000e+00
      12420   1100.000   1090.878    17.2649   4.709261     0.5250     0.0380     0.0415      0.793    5.39814    7.71448    0.00927    0.01324      0.403    26.4644    26.4187   1090.878    17.0758    36.2610 1.8625e-09        0.2 1.8219e-08       0.08 0.0000e+00
      12433   1101.000   1091.867    17.2650   4.709312     0.5251     0.0431     0.0406      0.469    5.39813    7.71447    0.00502    0.00718      0.218    26.4644    26.4187   1091.867    17.0758    36.2610 2.5710e-09        0.3 2.5150e-08       0.09 0.0000e+00
      12442   1102.000   1092.856    17.2653   4.709381     0.5245     0.0507     0.0415      0.860    5.39810    7.71443    0.00489    0.00698      0.213    26.4643    26.4186   1092.856    17.0759    36.2610 6.1586e-09        0.6 6.0244e-08       0.14 0.0000e+00
      12460   1103.000   1093.845    17.2655   4.709459     0.5246     0.0402     0.0418      0.339    5.39807    7.71438    0.00758    0.01083      0.329    26.4644    26.4187   1093.845    17.0759    36.2611 -1.702e-10       -0.0 -1.665e-09      -0.02 0.0000e+00
      12471   1104.000   1094.834    17.2657   4.709523     0.5248     0.0364     0.0424      0.598    5.39805    7.71435    0.00586    0.00838      0.255    26.4644    26.4186   1094.834    17.0759    36.2611 6.1441e-09        0.6 6.0102e-08       0.14 0.0000e+00
      12479   1105.000   1095.823    17.2658   4.709577     0.5246     0.0588     0.0424      1.157    5.39804    7.71434    0.00645    0.00922      0.281    26.4645    26.4186   1095.823    17.0759    36.2611 7.0228e-09        0.7 6.8697e-08       0.15 0.0000e+00
      12498   1106.000   1096.812    17.2661   4.709644     0.5248     0.0456     0.0415      0.067    5.39801    7.71429    0.00505    0.00722      0.219    26.4644    26.4185   1096.812    17.0760    36.2611 8.1992e-09        0.8 8.0205e-08       0.16 0.0000e+00
      12506   1107.000   1097.801    17.2664   4.709725     0.5244     0.0499     0.0415      0.710    5.39798    7.71425    0.00546    0.00780      0.237    26.4644    26.4185   1097.801    17.0761    36.2612 2.3876e-09        0.2 2.3355e-08       0.09 0.0000e+00
      12518   1108.000   1098.790    17.2665   4.709753     0.5247     0.0504     0.0437      0.851    5.39797    7.71424    0.00800    0.01143      0.348    26.4643    26.4183   1098.790    17.0760    36.2609 4.2517e-09        0.4 4.1590e-08       0.12 0.0000e+00
      12532   1109.000   1099.779    17.2665   4.709817     0.5251     0.0448     0.0417      0.384    5.39797    7.71423    0.00616    0.00880      0.268    26.4645    26.4184   1099.779    17.0758    36.2611 8.1273e-09        0.8 7.9502e-08       0.16 0.0000e+00
      12541   1110.000   1100.768    17.2666   4.709876     0.5245     0.0460 -9.990e-29      0.887    5.39796    7.71422    0.00773    0.01105      0.336    26.4645    26.4185   1100.768    17.0758    36.2612 3.8599e-09        0.4 3.7758e-08       0.11 0.0000e+00
      12552   1111.000   1101.757    17.2667   4.709915     0.5249     0.0403     0.0418      0.812    5.39795    7.71421    0.00717    0.01024      0.311    26.4645    26.4183   1101.757    17.0757    36.2611 1.0006e-08        1.0 9.7878e-08       0.18 0.0000e+00
      12568   1112.000   1102.747    17.2669   4.709960     0.5247     0.0358     0.0407      0.322    5.39794    7.71419    0.00525    0.00750      0.228    26.4643    26.4182   1102.747    17.0757    36.2609 1.3175e-08        1.3 1.2888e-07       0.21 0.0000e+00
      12577   1113.000   1103.736    17.2669   4.710024     0.5248     0.0362     0.0417      0.796    5.39792    7.71417    0.00811    0.01159      0.352    26.4645    26.4183   1103.736    17.0755    36.2611 1.3815e-08        1.4 1.3514e-07       0.21 0.0000e+00
      12588   1114.000   1104.725    17.2671   4.710080     0.5248     0.0487     0.0417      0.792    5.39791    7.71415    0.00697    0.00996      0.303    26.4645    26.4182   1104.725    17.0756    36.2611 9.7563e-09        1.0 9.5436e-08       0.18 0.0000e+00
      12600   1115.000   1105.714    17.2673   4.710122     0.5246     0.0518     0.0404      0.633    5.39789    7.71413    0.00540    0.00771      0.234    26.4643    26.4180   1105.714    17.0756    36.2609 7.0723e-09        0.7 6.9181e-08       0.15 0.0000e+00
      12613   1116.000   1106.702    17.2673   4.710189     0.5247     0.0483     0.0417      0.671    5.39788    7.71412    0.00753    0.01077      0.327    26.4645    26.4182   1106.703    17.0754    36.2611 1.0033e-08        1.0 9.8141e-08       0.18 0.0000e+00
      12626   1117.000   1107.692    17.2675   4.710253     0.5249     0.0360     0.0413      0.518    5.39786    7.71408    0.00743    0.01061      0.323    26.4645    26.4182   1107.692    17.0754    36.2611 3.2775e-09        0.3 3.2061e-08       0.10 0.0000e+00
      12635   1118.000   1108.681    17.2677   4.710300     0.5248     0.0451     0.0420      0.859    5.39785    7.71406    0.00749    0.01070      0.325    26.4644    26.4180   1108.681    17.0754    36.2610 -3.040e-09       -0.3 -2.974e-08      -0.10 0.0000e+00
      12647   1119.000   1109.670    17.2676   4.710344     0.5248     0.0394     0.0419      0.744    5.39785    7.71407    0.00551    0.00787      0.239    26.4646    26.4181   1109.670    17.0752    36.2611 -7.546e-09       -0.8 -7.381e-08      -0.16 0.0000e+00
      12660   1120.000   1110.659    17.2677   4.710374     0.5246     0.0380     0.0419      0.564    5.39785    7.71407    0.00632    0.00904      0.275    26.4644    26.4179   1110.659    17.0751    36.2609 -3.262e-09       -0.3 -3.191e-08      -0.10 0.0000e+00
      12672   1121.000   1111.648    17.2678   4.710425     0.5247     0.0508     0.0413      0.642    5.39784    7.71405    0.00804    0.01149      0.349    26.4645    26.4179   1111.648    17.0750    36.2609 -5.518e-09       -0.6 -5.398e-08      -0.13 0.0000e+00
      12683   1122.000   1112.637    17.2680   4.710469     0.5248 -9.990e-29     0.0410      0.731    5.39782    7.71403    0.00562    0.00804      0.244    26.4643    26.4177   1112.637    17.0750    36.2607 2.8158e-09        0.3 2.7544e-08       0.10 0.0000e+00
      12693   1123.000   1113.626    17.2681   4.710544     0.5245     0.0378     0.0409      0.838    5.39781    7.71401    0.00592    0.00846      0.257    26.4645    26.4179   1113.626    17.0750    36.2609 5.5160e-09        0.6 5.3957e-08       0.13 0.0000e+00
      12708   1124.000   1114.615    17.2683   4.710580     0.5246     0.0372     0.0415      0.445    5.39780    7.71399    0.00739    0.01057      0.321    26.4643    26.4176   1114.615    17.0750    36.2607 7.2781e-09        0.7 7.1195e-08       0.15 0.0000e+00
      12718   1125.000   1115.604    17.2684   4.710661     0.5251     0.0363     0.0415      0.779    5.39778    7.71396    0.00786    0.01123      0.342    26.4645    26.4178   1115.604    17.0749    36.2609 1.5611e-08        1.6 1.5271e-07       0.22 0.0000e+00
      12732   1126.000   1116.593    17.2684   4.710706     0.5245     0.0547     0.0417      0.520    5.39777    7.71396    0.00576    0.00824      0.250    26.4646    26.4178   1116.593    17.0747    36.2609 1.4708e-08        1.5 1.4388e-07       0.22 0.0000e+00
      12742   1127.000   1117.582    17.2687   4.710791     0.5250     0.0495     0.0420      0.714    5.39774    7.71392    0.01050    0.01501      0.456    26.4646    26.4178   1117.582    17.0749    36.2610 1.3107e-08        1.3 1.2821e-07       0.21 0.0000e+00
      12753   1128.000   1118.571    17.2687   4.710811     0.5249     0.0459     0.0419      0.854    5.39775    7.71392    0.00613    0.00875      0.266    26.4645    26.4177   1118.571    17.0747    36.2608 5.2063e-09        0.5 5.0928e-08       0.13 0.0000e+00
      12767   1129.000   1119.560    17.2689   4.710882     0.5248     0.0383     0.0404      0.479    5.39773    7.71389    0.00655    0.00936      0.285    26.4646    26.4177   1119.560    17.0747    36.2609 2.2835e-09        0.2 2.2338e-08       0.09 0.0000e+00
      12778   1130.000   1120.549    17.2691   4.710944     0.5246     0.0395     0.0425      0.766    5.39771    7.71386    0.00595    0.00850      0.258    26.4646    26.4176   1120.549    17.0747    36.2609 -1.463e-08       -1.5 -1.432e-07      -0.22 0.0000e+00
      12791   1131.000   1121.538    17.2692   4.710979     0.5248     0.0375     0.0414      0.604    5.39770    7.71385    0.00771    0.01102      0.335    26.4645    26.4175   1121.538    17.0746    36.2608 -1.462e-08       -1.5 -1.430e-07      -0.22 0.0000e+00
      12804   1132.000   1122.527    17.2695   4.711057     0.5248     0.0390     0.0409      0.538    5.39767    7.71380    0.00709    0.01013      0.308    26.4645    26.4175   1122.527    17.0748    36.2608 -1.234e-08       -1.2 -1.207e-07      -0.20 0.0000e+00
      12815   1133.000   1123.516    17.2695   4.711103     0.5248     0.0447     0.0422      0.788    5.39767    7.71380    0.00731    0.01045      0.318    26.4645    26.4175   1123.516    17.0746    36.2608 -1.710e-09       -0.2 -1.673e-08      -0.07 0.0000e+00
      12828   1134.000   1124.504    17.2696   4.711141     0.5249     0.0466     0.0409      0.469    5.39766    7.71379    0.00611    0.00873      0.266    26.4645    26.4174   1124.505    17.0745    36.2607 -6.171e-09       -0.6 -6.037e-08      -0.14 0.0000e+00
      12839   1135.000   1125.493    17.2697   4.711166     0.5245     0.0397     0.0412      0.810    5.39765    7.71379    0.00505    0.00722      0.220    26.4643    26.4172   1125.494    17.0744    36.2605 -6.427e-10       -0.1 -6.287e-09      -0.05 0.0000e+00
      12851   1136.000   1126.482    17.2698   4.711245     0.5247     0.0399     0.0405      0.646    5.39764    7.71377    0.00826    0.01180      0.359    26.4645    26.4173   1126.482    17.0744    36.2607 2.3755e-09        0.2 2.3237e-08       0.09 0.0000e+00
      12863   1137.000   1127.471    17.2700   4.711308     0.5246     0.0530     0.0419      0.672    5.39762    7.71374    0.00552    0.00789      0.240    26.4645    26.4173   1127.471    17.0744    36.2607 7.4136e-09        0.7 7.2520e-08       0.15 0.0000e+00
      12876   1138.000   1128.460    17.2700   4.711355     0.5246     0.0425     0.0413      0.605    5.39761    7.71373    0.00552    0.00789      0.240    26.4646    26.4173   1128.460    17.0742    36.2608 1.3280e-08        1.3 1.2990e-07       0.21 0.0000e+00
      12888   1139.000   1129.449    17.2701   4.711379     0.5245     0.0499     0.0411      0.610    5.39761    7.71373    0.00811    0.01159      0.352    26.4644    26.4171   1129.449    17.0741    36.2605 1.5337e-08        1.5 1.5002e-07       0.22 0.0000e+00
      12898   1140.000   1130.438    17.2698   4.711388     0.5248     0.0439     0.0410      0.824    5.39764    7.71377    0.00886    0.01266      0.385    26.4645    26.4171   1130.438    17.0736    36.2605 1.9654e-08        2.0 1.9225e-07       0.25 0.0000e+00
      12909   1141.000   1131.427    17.2699   4.711431     0.5250     0.0376     0.0424      0.745    5.39764    7.71376    0.00571    0.00816      0.248    26.4645    26.4171   1131.427    17.0736    36.2604 1.7260e-08        1.7 1.6883e-07       0.24 0.0000e+00
      12926   1142.000   1132.416    17.2700   4.711489     0.5246     0.0380     0.0409      0.391    5.39763    7.71375    0.00699    0.00999      0.304    26.4645    26.4171   1132.416    17.0735    36.2605 2.9514e-08        3.0 2.8871e-07       0.31 0.0000e+00
      12936   1143.000   1133.405    17.2702   4.711566     0.5246     0.0484     0.0415      0.755    5.39760    7.71371    0.00662    0.00946      0.288    26.4646    26.4171   1133.405    17.0735    36.2606 3.0861e-08        3.1 3.0188e-07       0.31 0.0000e+00
      12950   1144.000   1134.394    17.2702   4.711588     0.5246     0.0523     0.0421      0.604    5.39760    7.71372    0.00623    0.00891      0.271    26.4645    26.4170   1134.394    17.0733    36.2604 3.5144e-08        3.5 3.4378e-07       0.34 0.0000e+00
      12963   1145.000   1135.382    17.2702   4.711639     0.5246     0.0509     0.0422      0.381    5.39760    7.71371    0.00840    0.01201      0.365    26.4646    26.4170   1135.383    17.0732    36.2605 2.8335e-08        2.8 2.7717e-07       0.30 0.0000e+00
      12970   1146.000   1136.372    17.2699   4.711640     0.5249     0.0373     0.0426      1.108    5.39763    7.71376    0.00777    0.01111      0.338    26.4647    26.4170   1136.372    17.0727    36.2604 2.1561e-08        2.2 2.1091e-07       0.26 0.0000e+00
      12991   1147.000   1137.360    17.2699   4.711707     0.5247     0.0433     0.0426     -0.057    5.39763    7.71375    0.00429    0.00613      0.186    26.4649    26.4172   1137.361    17.0725    36.2606 1.1609e-08        1.2 1.1356e-07       0.19 0.0000e+00
