CTD_data/C212_3_3.cnv
* Sea-Bird SBE 25 Data File:
* FileName = C:\CTD_Data\C212_3\C212_3_3.hex
* Software Version Seasave V 7.19
* Temperature SN = 4430
* Conductivity SN = 3138
* System UpLoad Time = May 13 2014 00:06:50
** Ship: Hermano Gines
** Station: Car_212_3
** Operator: Luis Medina
** Latitude: 10 30.050 N
** Longitude: 64 39.97 W
** terver perfil
# nquan = 24                                
# nvalues = 2626                        
# units = specified
# name 0 = scan: Scan Count
# name 1 = prSM: Pressure, Strain Gauge [db]
# name 2 = depSM: Depth [salt water, m]
# name 3 = t090C: Temperature [ITS-90, deg C]
# name 4 = c0S/m: Conductivity [S/m]
# name 5 = sbeox0V: Oxygen Voltage, SBE 43
# name 6 = flECO-AFL: Fluorescence, Wetlab ECO-AFL/FL [mg/m^3]
# name 7 = bat: Beam Attenuation, Chelsea/Seatech/Wetlab CStar [1/m]
# name 8 = dz/dtM: Descent Rate [m/s]
# name 9 = oxsatML/L: Oxygen Saturation [ml/l]
# name 10 = oxsatMg/L: Oxygen Saturation [mg/l]
# name 11 = sbeox0ML/L: Oxygen, SBE 43 [ml/l], WS = 2
# name 12 = sbeox0Mg/L: Oxygen, SBE 43 [mg/l], WS = 2
# name 13 = sbeox0Mm/Kg: Oxygen, SBE 43 [umol/Kg], WS = 2
# name 14 = sigma-é00: Density [sigma-theta, Kg/m^3]
# name 15 = sigma-t00: Density [sigma-t, Kg/m^3 ]
# name 16 = depSM: Depth [salt water, m], lat = 10.5
# name 17 = potemp090C: Potential Temperature [ITS-90, deg C]
# name 18 = sal00: Salinity [PSU]
# name 19 = E: stability, E [rad^2/m]
# name 20 = E10^-8: stability, E [10^-8 rad^2/m]
# name 21 = N^2: buoyancy frequency, N^2 [rad^2/s^2]
# name 22 = N: buoyancy frequency, N [cycles/h]
# name 23 = flag: flag
# span 0 =         98,      37062       
# span 1 =      0.000,   1313.000       
# span 2 =     -0.000,   1301.452       
# span 3 =    17.2522,    24.5787       
# span 4 =   4.694111,   5.513641       
# span 5 =     0.5245,     2.8099       
# span 6 =    -0.5180,     0.6255       
# span 7 =     0.0403,     0.5320       
# span 8 =     -1.615,      1.500       
# span 9 =    4.70949,    5.39924       
# span 10 =    6.73034,    7.71606      
# span 11 =    0.00183,    4.71137      
# span 12 =    0.00261,    6.73302      
# span 13 =      0.079,    204.756      
# span 14 =    24.8918,    26.4655      
# span 15 =    24.8914,    26.4303      
# span 16 =      0.000,   1301.452      
# span 17 =    17.0660,    24.5776      
# span 18 =    36.2589,    36.9690      
# span 19 = -2.237e-08, 5.5092e-05      
# span 20 =       -2.2,     5509.2      
# span 21 = -2.188e-07, 5.3891e-04      
# span 22 =      -0.27,      13.30      
# span 23 = 0.0000e+00, 0.0000e+00      
# interval = decibars: 1                
# start_time = May 13 2014 00:06:50
# bad_flag = -9.990e-29
*END*
[from data line 2174]
      28561    451.000    447.955    17.4771   4.710313     0.5252 -9.990e-29     0.0447     -0.968    5.37411    7.68014    0.00757    0.01082      0.329    26.4338    26.4150    447.955    17.4001    36.3234 1.2577e-07       12.6 1.2303e-06       0.64 0.0000e+00
      28568    450.000    446.963    17.4781   4.710398     0.5252 -9.990e-29     0.0449     -1.155    5.37400    7.67998    0.00699    0.00999      0.304    26.4337    26.4150    446.963    17.4012    36.3237 7.9151e-08        7.9 7.7426e-07       0.50 0.0000e+00
      28576    449.000    445.971    17.4789   4.710443     0.5250     0.0180     0.0440     -1.186    5.37391    7.67986    0.00597    0.00853      0.259    26.4335    26.4148    445.971    17.4022    36.3237 6.4155e-08        6.4 6.2757e-07       0.45 0.0000e+00
      28592    448.000    444.979    17.4790   4.710385     0.5252     0.0185     0.0427     -0.322    5.37391    7.67986    0.00716    0.01023      0.311    26.4333    26.4146    444.979    17.4025    36.3235 6.3396e-08        6.3 6.2014e-07       0.45 0.0000e+00
      28602    447.000    443.987    17.4792   4.710391     0.5249 -9.990e-29     0.0438     -0.720    5.37388    7.67981    0.00598    0.00855      0.260    26.4334    26.4148    443.987    17.4029    36.3238 5.2214e-08        5.2 5.1076e-07       0.41 0.0000e+00
      28610    446.000    442.994    17.4792   4.710366     0.5250     0.0289     0.0441     -1.028    5.37388    7.67980    0.00733    0.01047      0.318    26.4335    26.4149    442.994    17.4030    36.3239 4.6378e-08        4.6 4.5368e-07       0.39 0.0000e+00
      28621    445.000    442.002    17.4794   4.710334     0.5252     0.0346     0.0428     -0.799    5.37385    7.67977    0.00828    0.01183      0.360    26.4333    26.4148    442.002    17.4034    36.3239 3.2487e-08        3.2 3.1778e-07       0.32 0.0000e+00
      28633    444.000    441.010    17.4792   4.710275     0.5250     0.0363     0.0421     -0.594    5.37388    7.67981    0.00492    0.00703      0.214    26.4334    26.4149    441.010    17.4034    36.3239 3.4788e-08        3.5 3.4030e-07       0.33 0.0000e+00
      28641    443.000    440.018    17.4793   4.710249     0.5249     0.0220     0.0429     -0.885    5.37386    7.67979    0.00672    0.00961      0.292    26.4334    26.4149    440.018    17.4037    36.3240 4.6476e-08        4.6 4.5463e-07       0.39 0.0000e+00
      28651    442.000    439.025    17.4793   4.710213     0.5251     0.0265     0.0429     -0.967    5.37386    7.67979    0.00767    0.01097      0.333    26.4334    26.4150    439.026    17.4038    36.3240 7.4316e-08        7.4 7.2696e-07       0.49 0.0000e+00
      28664    441.000    438.033    17.4795   4.710176     0.5249     0.0334     0.0421     -0.496    5.37385    7.67977    0.00576    0.00824      0.250    26.4332    26.4148    438.033    17.4042    36.3239 1.1935e-07       11.9 1.1675e-06       0.62 0.0000e+00
      28675    440.000    437.041    17.4803   4.710268     0.5249     0.0212     0.0428     -0.718    5.37374    7.67962    0.00688    0.00984      0.299    26.4333    26.4150    437.041    17.4052    36.3244 1.6068e-07       16.1 1.5718e-06       0.72 0.0000e+00
      28685    439.000    436.049    17.4826   4.710498     0.5250 -9.990e-29     0.0434     -0.846    5.37350    7.67927    0.00714    0.01021      0.311    26.4329    26.4147    436.049    17.4076    36.3247 2.1483e-07       21.5 2.1015e-06       0.83 0.0000e+00
      28695    438.000    435.056    17.4843   4.710687     0.5249 -9.990e-29     0.0444     -0.771    5.37331    7.67899    0.00646    0.00923      0.281    26.4329    26.4146    435.057    17.4095    36.3252 2.8808e-07       28.8 2.8180e-06       0.96 0.0000e+00
      28704    437.000    434.064    17.4872   4.711017     0.5250 -9.990e-29     0.0434     -0.885    5.37299    7.67854    0.00707    0.01010      0.307    26.4326    26.4144    434.064    17.4126    36.3259 3.0428e-07       30.4 2.9765e-06       0.99 0.0000e+00
      28716    436.000    433.072    17.4910   4.711422     0.5249     0.0184     0.0412     -0.729    5.37258    7.67795    0.00639    0.00913      0.278    26.4320    26.4139    433.072    17.4165    36.3263 3.5226e-07       35.2 3.4458e-06       1.06 0.0000e+00
      28730    435.000    432.080    17.4937   4.711720     0.5250     0.0298     0.0412     -0.398    5.37228    7.67753    0.00787    0.01125      0.342    26.4318    26.4136    432.080    17.4194    36.3269 3.9301e-07       39.3 3.8445e-06       1.12 0.0000e+00
      28737    434.000    431.087    17.4969   4.712049     0.5251     0.0289     0.0456     -0.834    5.37194    7.67704    0.00812    0.01161      0.353    26.4312    26.4131    431.088    17.4228    36.3273 3.7783e-07       37.8 3.6960e-06       1.10 0.0000e+00
      28743    433.000    430.095    17.5015   4.712525     0.5252     0.0154     0.0451     -1.295    5.37146    7.67634    0.00616    0.00880      0.267    26.4304    26.4123    430.095    17.4275    36.3277 4.0381e-07       40.4 3.9500e-06       1.14 0.0000e+00
      28760    432.000    429.103    17.5009   4.712502     0.5251     0.0143     0.0451     -0.250    5.37149    7.67640    0.00654    0.00935      0.284    26.4310    26.4130    429.103    17.4271    36.3284 4.0223e-07       40.2 3.9346e-06       1.14 0.0000e+00
      28770    431.000    428.111    17.5063   4.713057     0.5251 -9.990e-29     0.0451     -0.670    5.37093    7.67559    0.00653    0.00932      0.284    26.4300    26.4120    428.111    17.4326    36.3287 3.8467e-07       38.5 3.7628e-06       1.11 0.0000e+00
      28778    430.000    427.119    17.5091   4.713359     0.5250 -9.990e-29     0.0447     -1.165    5.37062    7.67515    0.00742    0.01060      0.322    26.4296    26.4117    427.119    17.4356    36.3292 3.7516e-07       37.5 3.6699e-06       1.10 0.0000e+00
      28791    429.000    426.126    17.5116   4.713714     0.5252 -9.990e-29     0.0415     -0.565    5.37032    7.67473    0.00758    0.01083      0.329    26.4299    26.4120    426.126    17.4383    36.3305 3.4572e-07       34.6 3.3818e-06       1.05 0.0000e+00
      28802    428.000    425.134    17.5180   4.714408     0.5252 -9.990e-29     0.0424     -0.657    5.36964    7.67375    0.00631    0.00902      0.274    26.4288    26.4109    425.134    17.4448    36.3311 3.2979e-07       33.0 3.2260e-06       1.03 0.0000e+00
      28810    427.000    424.142    17.5191   4.714498     0.5251     0.0069     0.0450     -0.911    5.36952    7.67358    0.00754    0.01077      0.327    26.4286    26.4108    424.142    17.4461    36.3313 3.2885e-07       32.9 3.2169e-06       1.03 0.0000e+00
      28818    426.000    423.149    17.5209   4.714672     0.5251     0.0118     0.0449     -1.056    5.36932    7.67330    0.00638    0.00913      0.278    26.4284    26.4106    423.150    17.4481    36.3316 2.5167e-07       25.2 2.4618e-06       0.90 0.0000e+00
      28833    425.000    422.157    17.5224   4.714808     0.5251     0.0143     0.0422     -0.571    5.36916    7.67307    0.00733    0.01047      0.319    26.4281    26.4104    422.157    17.4497    36.3318 2.4345e-07       24.3 2.3815e-06       0.88 0.0000e+00
      28847    424.000    421.165    17.5231   4.714863     0.5252     0.0185     0.0436     -0.387    5.36908    7.67295    0.00691    0.00988      0.301    26.4281    26.4104    421.165    17.4506    36.3320 2.6496e-07       26.5 2.5919e-06       0.92 0.0000e+00
      28853    423.000    420.173    17.5244   4.714934     0.5249     0.0237     0.0448     -1.018    5.36896    7.67278    0.00543    0.00776      0.236    26.4276    26.4099    420.173    17.4521    36.3319 2.4804e-07       24.8 2.4263e-06       0.89 0.0000e+00
      28862    422.000    419.180    17.5253   4.715019     0.5249     0.0258     0.0443     -1.191    5.36886    7.67263    0.00617    0.00882      0.268    26.4276    26.4100    419.180    17.4531    36.3322 3.3272e-07       33.3 3.2547e-06       1.03 0.0000e+00
      28877    421.000    418.188    17.5268   4.715241     0.5249     0.0177     0.0433     -0.183    5.36867    7.67236    0.00711    0.01016      0.309    26.4279    26.4103    418.188    17.4548    36.3332 3.9675e-07       39.7 3.8810e-06       1.13 0.0000e+00
      28885    420.000    417.196    17.5320   4.715824     0.5251 -9.990e-29     0.0447     -0.811    5.36810    7.67156    0.00751    0.01073      0.326    26.4272    26.4097    417.196    17.4602    36.3339 4.4286e-07       44.3 4.3321e-06       1.19 0.0000e+00
      28895    419.000    416.203    17.5348   4.716059     0.5250 -9.990e-29     0.0448     -0.996    5.36782    7.67115    0.00729    0.01041      0.317    26.4264    26.4089    416.203    17.4631    36.3338 4.7102e-07       47.1 4.6075e-06       1.23 0.0000e+00
      28910    418.000    415.211    17.5446   4.717367     0.5253     0.0151     0.0424     -0.310    5.36672    7.66958    0.00671    0.00959      0.291    26.4263    26.4088    415.211    17.4731    36.3368 4.6601e-07       46.6 4.5585e-06       1.22 0.0000e+00
      28918    417.000    414.218    17.5513   4.718026     0.5249     0.0217     0.0438     -0.810    5.36602    7.66858    0.00594    0.00850      0.258    26.4247    26.4072    414.219    17.4799    36.3369 4.5756e-07       45.8 4.4759e-06       1.21 0.0000e+00
      28926    416.000    413.226    17.5532   4.718221     0.5249     0.0216     0.0435     -1.077    5.36581    7.66828    0.00644    0.00921      0.280    26.4244    26.4070    413.226    17.4820    36.3373 4.1677e-07       41.7 4.0768e-06       1.16 0.0000e+00
      28936    415.000    412.234    17.5543   4.718320     0.5249     0.0216     0.0431     -0.908    5.36569    7.66811    0.00692    0.00988      0.301    26.4243    26.4070    412.234    17.4833    36.3375 3.3905e-07       33.9 3.3166e-06       1.04 0.0000e+00
      28955    414.000    411.242    17.5547   4.718315     0.5250 -9.990e-29     0.0428     -0.345    5.36565    7.66806    0.00694    0.00991      0.302    26.4242    26.4068    411.242    17.4838    36.3375 2.7206e-07       27.2 2.6613e-06       0.93 0.0000e+00
      28970    413.000    410.249    17.5549   4.718299     0.5252     0.0289     0.0430     -0.559    5.36563    7.66802    0.00753    0.01077      0.327    26.4241    26.4068    410.249    17.4842    36.3376 2.1508e-07       21.5 2.1039e-06       0.83 0.0000e+00
      28992    412.000    409.257    17.5553   4.718292     0.5251     0.0289     0.0420     -0.333    5.36559    7.66797    0.00654    0.00935      0.284    26.4240    26.4067    409.257    17.4848    36.3375 1.5340e-07       15.3 1.5006e-06       0.70 0.0000e+00
      29015    411.000    408.265    17.5567   4.718448     0.5252 -9.990e-29     0.0421     -0.324    5.36543    7.66773    0.00768    0.01097      0.334    26.4240    26.4067    408.265    17.4864    36.3380 1.4738e-07       14.7 1.4416e-06       0.69 0.0000e+00
      29028    410.000    407.272    17.5589   4.718665     0.5250     0.0265     0.0428     -0.645    5.36519    7.66740    0.00630    0.00900      0.274    26.4236    26.4064    407.272    17.4887    36.3383 1.4336e-07       14.3 1.4024e-06       0.68 0.0000e+00
      29043    409.000    406.280    17.5598   4.718729     0.5250    -0.0019     0.0426     -0.497    5.36510    7.66726    0.00667    0.00953      0.290    26.4234    26.4063    406.280    17.4898    36.3384 1.7049e-07       17.0 1.6678e-06       0.74 0.0000e+00
      29055    408.000    405.287    17.5607   4.718804     0.5249     0.0121     0.0432     -0.721    5.36500    7.66712    0.00680    0.00973      0.296    26.4234    26.4063    405.288    17.4909    36.3387 2.1376e-07       21.4 2.0910e-06       0.83 0.0000e+00
      29071    407.000    404.295    17.5617   4.718864     0.5252 -9.990e-29     0.0434     -0.370    5.36490    7.66697    0.00749    0.01070      0.325    26.4231    26.4060    404.295    17.4920    36.3387 2.5082e-07       25.1 2.4536e-06       0.90 0.0000e+00
      29082    406.000    403.303    17.5622   4.718911     0.5249     0.0216     0.0449     -0.748    5.36483    7.66688    0.00601    0.00859      0.261    26.4232    26.4062    403.303    17.4927    36.3390 2.8623e-07       28.6 2.7999e-06       0.96 0.0000e+00
      29101    405.000    402.311    17.5646   4.719189     0.5249     0.0161     0.0437     -0.192    5.36456    7.66649    0.00709    0.01014      0.309    26.4230    26.4061    402.310    17.4953    36.3397 3.0960e-07       31.0 3.0285e-06       1.00 0.0000e+00
      29111    404.000    401.318    17.5722   4.720106     0.5250 -9.990e-29     0.0455     -0.793    5.36374    7.66531    0.00690    0.00986      0.300    26.4223    26.4054    401.318    17.5030    36.3412 3.2567e-07       32.6 3.1857e-06       1.02 0.0000e+00
      29173    403.000    400.326    17.5751   4.720393     0.5251     0.0055     0.0444     -0.542    5.36342    7.66487    0.00719    0.01028      0.312    26.4218    26.4049    400.326    17.5061    36.3414 3.3684e-07       33.7 3.2949e-06       1.04 0.0000e+00
      30138    402.000    399.333    17.5782   4.720737     0.5250     0.0143     0.0455     -0.745    5.36308    7.66438    0.00679    0.00970      0.295    26.4214    26.4046    399.333    17.5093    36.3420 3.4323e-07       34.3 3.3575e-06       1.05 0.0000e+00
      30144    401.000    398.341    17.5804   4.720967     0.5251     0.0122     0.0445     -0.832    5.36285    7.66404    0.00704    0.01006      0.306    26.4212    26.4043    398.341    17.5117    36.3424 3.4826e-07       34.8 3.4067e-06       1.06 0.0000e+00
      30155    400.000    397.348    17.5815   4.721028     0.5249     0.0134     0.0471     -0.643    5.36274    7.66389    0.00643    0.00919      0.279    26.4208    26.4040    397.348    17.5130    36.3424 3.2155e-07       32.2 3.1454e-06       1.02 0.0000e+00
      30168    399.000    396.356    17.5828   4.721170     0.5250     0.0234     0.0443     -0.661    5.36259    7.66367    0.00702    0.01003      0.305    26.4208    26.4040    396.356    17.5145    36.3428 2.7099e-07       27.1 2.6508e-06       0.93 0.0000e+00
      30185    398.000    395.363    17.5849   4.721390     0.5252 -9.990e-29     0.0435     -0.319    5.36236    7.66335    0.00772    0.01103      0.336    26.4205    26.4038    395.364    17.5167    36.3432 2.3484e-07       23.5 2.2972e-06       0.87 0.0000e+00
      30193    397.000    394.371    17.5878   4.721694     0.5249     0.0143     0.0465     -0.688    5.36205    7.66290    0.00511    0.00730      0.222    26.4201    26.4035    394.371    17.5198    36.3436 2.1862e-07       21.9 2.1386e-06       0.84 0.0000e+00
      30199    396.000    393.379    17.5886   4.721715     0.5249     0.0200 -9.990e-29     -1.159    5.36198    7.66279    0.00665    0.00951      0.289    26.4198    26.4031    393.379    17.5208    36.3435 1.9780e-07       19.8 1.9349e-06       0.80 0.0000e+00
      30211    395.000    392.386    17.5887   4.721682     0.5250     0.0181     0.0463     -0.978    5.36196    7.66278    0.00751    0.01073      0.326    26.4197    26.4031    392.386    17.5210    36.3435 1.8442e-07       18.4 1.8040e-06       0.77 0.0000e+00
      30232    394.000    391.394    17.5891   4.721685     0.5249    -0.0000     0.0449     -0.369    5.36192    7.66272    0.00658    0.00940      0.286    26.4196    26.4031    391.394    17.5216    36.3436 1.7920e-07       17.9 1.7529e-06       0.76 0.0000e+00
      30238    393.000    390.401    17.5899   4.721756     0.5249     0.0206 -9.990e-29     -1.176    5.36182    7.66258    0.00656    0.00937      0.285    26.4196    26.4031    390.401    17.5226    36.3438 1.7675e-07       17.7 1.7290e-06       0.75 0.0000e+00
