CTD_data/C212_2_2.cnv
* Sea-Bird SBE 25 Data File:
* FileName = C:\CTD_Data\C212_2\C212_2_2.hex
* Software Version Seasave V 7.19
* Temperature SN = 4430
* Conductivity SN = 3138
* System UpLoad Time = May 08 2014 08:05:43
** Ship: Hermano gines
** Station: Cae 212_2
** Operator: Luis Medina
** Latitude: 10 29 86 N
** Longitude: 64 40 14 W
** segundo perfil
# nquan = 24                                
# nvalues = 712                         
# units = specified
# name 0 = scan: Scan Count
# name 1 = prSM: Pressure, Strain Gauge [db]
# name 2 = depSM: Depth [salt water, m]
# name 3 = t090C: Temperature [ITS-90, deg C]
# name 4 = c0S/m: Conductivity [S/m]
# name 5 = sbeox0V: Oxygen Voltage, SBE 43
# name 6 = flECO-AFL: Fluorescence, Wetlab ECO-AFL/FL [mg/m^3]
# name 7 = bat: Beam Attenuation, Chelsea/Seatech/Wetlab CStar [1/m]
# name 8 = dz/dtM: Descent Rate [m/s]
# name 9 = oxsatML/L: Oxygen Saturation [ml/l]
# name 10 = oxsatMg/L: Oxygen Saturation [mg/l]
# name 11 = sbeox0ML/L: Oxygen, SBE 43 [ml/l], WS = 2
# name 12 = sbeox0Mg/L: Oxygen, SBE 43 [mg/l], WS = 2
# name 13 = sbeox0Mm/Kg: Oxygen, SBE 43 [umol/Kg], WS = 2
# name 14 = sigma-é00: Density [sigma-theta, Kg/m^3]
# name 15 = sigma-t00: Density [sigma-t, Kg/m^3 ]
# name 16 = depSM: Depth [salt water, m], lat = 10.5
# name 17 = potemp090C: Potential Temperature [ITS-90, deg C]
# name 18 = sal00: Salinity [PSU]
# name 19 = E: stability, E [rad^2/m]
# name 20 = E10^-8: stability, E [10^-8 rad^2/m]
# name 21 = N^2: buoyancy frequency, N^2 [rad^2/s^2]
# name 22 = N: buoyancy frequency, N [cycles/h]
# name 23 = flag: flag
# span 0 =         47,      15792       
# span 1 =      0.000,    356.000       
# span 2 =      0.000,    353.678       
# span 3 =    17.6182,    23.2441       
# span 4 =   4.723761,   5.354930       
# span 5 =     0.5251,     2.7767       
# span 6 =    -1.7110,     8.7982       
# span 7 =     0.0408,     0.3586       
# span 8 =     -1.354,      1.240       
# span 9 =    4.82236,    5.35871       
# span 10 =    6.89164,    7.65814      
# span 11 =    0.00585,    4.66670      
# span 12 =    0.00835,    6.66917      
# span 13 =      0.254,    202.799      
# span 14 =    25.2083,    26.4161      
# span 15 =    25.2082,    26.4011      
# span 16 =      0.000,    353.678      
# span 17 =    17.5572,    23.2437      
# span 18 =    36.3500,    36.8176      
# span 19 = 6.4832e-08, 5.0490e-05      
# span 20 =        6.5,     5049.0      
# span 21 = 6.3419e-07, 4.9389e-04      
# span 22 =       0.46,      12.73      
# span 23 = 0.0000e+00, 0.0000e+00      
# interval = decibars: 1                
# start_time = May 08 2014 08:05:43
# bad_flag = -9.990e-29
*END*
[from data line 61]
        765     62.000     61.639    20.0884   5.009985     1.7978 -9.990e-29     0.1092      0.496    5.10538    7.29611    2.83030    4.04478    122.975    26.0349    26.0318     61.639    20.0768    36.6951 2.0665e-06      206.7 2.0215e-05       2.58 0.0000e+00
        774     63.000     62.633    20.0876   5.009971     1.7998     0.0802     0.1109      0.890    5.10545    7.29620    2.83467    4.05102    123.164    26.0354    26.0322     62.633    20.0758    36.6953 2.3755e-06      237.6 2.3237e-05       2.76 0.0000e+00
        786     64.000     63.628    20.0806   5.009024     1.8008     0.0802     0.1091      0.709    5.10617    7.29723    2.83508    4.05162    123.183    26.0357    26.0325     63.627    20.0686    36.6933 2.5147e-06      251.5 2.4598e-05       2.84 0.0000e+00
        797     65.000     64.622    20.0501   5.005431     1.8026     0.0678     0.1103      0.698    5.10914    7.30148    2.84519    4.06606    123.622    26.0413    26.0381     64.621    20.0380    36.6899 2.7743e-06      277.4 2.7138e-05       2.98 0.0000e+00
        810     66.000     65.616    20.0269   5.002758     1.8044     0.1118     0.1082      0.584    5.11138    7.30468    2.84122    4.06038    123.449    26.0459    26.0426     65.615    20.0146    36.6877 3.4152e-06      341.5 3.3408e-05       3.31 0.0000e+00
        819     67.000     66.609    20.0062   5.000041     1.8027     0.1191     0.1067      0.834    5.11348    7.30767    2.83812    4.05597    123.315    26.0478    26.0445     66.609    19.9937    36.6830 4.0062e-06      400.6 3.9189e-05       3.59 0.0000e+00
        833     68.000     67.603    19.9937   4.999002     1.8040     0.1297     0.1047      0.590    5.11460    7.30927    2.84899    4.07149    123.787    26.0527    26.0493     67.603    19.9810    36.6850 4.4788e-06      447.9 4.3812e-05       3.79 0.0000e+00
        845     69.000     68.598    19.9863   4.997991     1.8035     0.1371     0.1049      0.561    5.11536    7.31036    2.83894    4.05713    123.350    26.0530    26.0496     68.597    19.9735    36.6827 4.6958e-06      469.6 4.5934e-05       3.88 0.0000e+00
        852     70.000     69.592    19.9399   4.992184     1.8024     0.1138     0.1043      0.985    5.11997    7.31695    2.83917    4.05746    123.360    26.0594    26.0560     69.591    19.9269    36.6749 4.6444e-06      464.4 4.5432e-05       3.86 0.0000e+00
        863     71.000     70.585    19.8904   4.986745     1.8019     0.1310     0.1028      0.867    5.12471    7.32373    2.84404    4.06441    123.571    26.0710    26.0675     70.585    19.8772    36.6728 4.5763e-06      457.6 4.4765e-05       3.83 0.0000e+00
        877     72.000     71.579    19.8647   4.983725     1.7986     0.1260     0.1033      0.455    5.12722    7.32732    2.83097    4.04574    123.004    26.0757    26.0721     71.579    19.8514    36.6700 4.4446e-06      444.5 4.3477e-05       3.78 0.0000e+00
        887     73.000     72.574    19.8470   4.981711     1.7976     0.1440     0.1031      0.760    5.12895    7.32978    2.84160    4.06093    123.466    26.0792    26.0756     72.573    19.8335    36.6684 4.0573e-06      405.7 3.9689e-05       3.61 0.0000e+00
        897     74.000     73.568    19.8320   4.979959     1.7978     0.1241     0.1007      0.826    5.13043    7.33189    2.84118    4.06033    123.447    26.0819    26.0783     73.567    19.8183    36.6666 3.5843e-06      358.4 3.5061e-05       3.39 0.0000e+00
        909     75.000     74.561    19.8157   4.978036     1.7983     0.1078     0.1023      0.740    5.13203    7.33419    2.84825    4.07043    123.754    26.0847    26.0810     74.561    19.8018    36.6646 2.8372e-06      283.7 2.7754e-05       3.02 0.0000e+00
        921     76.000     75.555    19.8030   4.976630     1.7984     0.0945     0.1051      0.637    5.13326    7.33594    2.84402    4.06438    123.570    26.0874    26.0837     75.555    19.7889    36.6637 2.1580e-06      215.8 2.1109e-05       2.63 0.0000e+00
        932     77.000     76.549    19.7920   4.975414     1.7976 -9.990e-29     0.1040      0.721    5.13433    7.33747    2.84143    4.06070    123.458    26.0898    26.0860     76.549    19.7778    36.6629 1.8669e-06      186.7 1.8262e-05       2.45 0.0000e+00
        945     78.000     77.544    19.7884   4.975033     1.7963     0.1250     0.0986      0.629    5.13469    7.33798    2.84515    4.06600    123.620    26.0905    26.0866     77.543    19.7740    36.6625 1.6657e-06      166.6 1.6293e-05       2.31 0.0000e+00
        956     79.000     78.537    19.7846   4.974627     1.7988     0.1119     0.0955      0.631    5.13506    7.33851    2.85688    4.08277    124.130    26.0912    26.0873     78.537    19.7700    36.6621 1.4899e-06      149.0 1.4575e-05       2.19 0.0000e+00
        964     80.000     79.531    19.7774   4.973808     1.7987     0.1144     0.0962      0.926    5.13577    7.33952    2.84508    4.06590    123.616    26.0925    26.0886     79.531    19.7626    36.6612 1.2926e-06      129.3 1.2644e-05       2.04 0.0000e+00
        975     81.000     80.525    19.7680   4.972722     1.7974     0.0906     0.0949      0.794    5.13669    7.34085    2.83984    4.05841    123.389    26.0941    26.0902     80.525    19.7530    36.6601 1.1212e-06      112.1 1.0968e-05       1.90 0.0000e+00
        989     82.000     81.519    19.7587   4.971665     1.7935     0.1044     0.0951      0.509    5.13761    7.34216    2.83745    4.05500    123.285    26.0959    26.0919     81.519    19.7436    36.6591 9.7648e-07       97.6 9.5519e-06       1.77 0.0000e+00
       1000     83.000     82.513    19.7527   4.971025     1.7964     0.0891     0.0978      0.713    5.13819    7.34298    2.85423    4.07898    124.014    26.0972    26.0931     82.513    19.7374    36.6587 8.6068e-07       86.1 8.4192e-06       1.66 0.0000e+00
       1011     84.000     83.507    19.7501   4.970794     1.7956     0.1063     0.0941      0.698    5.13843    7.34333    2.82941    4.04352    122.936    26.0979    26.0938     83.507    19.7346    36.6586 7.8148e-07       78.1 7.6445e-06       1.58 0.0000e+00
       1019     85.000     84.501    19.7500   4.970825     1.7912     0.1214     0.0945      0.936    5.13845    7.34336    2.82119    4.03176    122.578    26.0980    26.0938     84.501    19.7343    36.6586 8.2863e-07       82.9 8.1057e-06       1.63 0.0000e+00
       1032     86.000     85.495    19.7481   4.970646     1.7896     0.0990     0.0930      0.707    5.13863    7.34362    2.82627    4.03902    122.799    26.0984    26.0942     85.495    19.7322    36.6584 1.1876e-06      118.8 1.1618e-05       1.95 0.0000e+00
       1046     87.000     86.489    19.7489   4.970809     1.7839     0.1201     0.0930      0.377    5.13854    7.34349    2.77904    3.97153    120.747    26.0984    26.0942     86.489    19.7328    36.6587 1.8323e-06      183.2 1.7924e-05       2.43 0.0000e+00
       1054     88.000     87.482    19.7478   4.970688     1.7727     0.0795     0.0947      0.927    5.13867    7.34367    2.71619    3.88170    118.016    26.0984    26.0942     87.483    19.7316    36.6583 2.6634e-06      266.3 2.6053e-05       2.92 0.0000e+00
       1063     89.000     88.476    19.7351   4.969131     1.7473     0.0458     0.0955      0.981    5.13994    7.34549    2.63008    3.75865    114.275    26.1002    26.0959     88.476    19.7187    36.6561 3.7173e-06      371.7 3.6362e-05       3.46 0.0000e+00
       1077     90.000     89.470    19.7076   4.965727     1.7128     0.0718     0.0929      0.399    5.14269    7.34942    2.57416    3.67873    111.845    26.1040    26.0996     89.470    19.6910    36.6516 4.6595e-06      466.0 4.5580e-05       3.87 0.0000e+00
       1086     91.000     90.465    19.6585   4.959808     1.6930     0.0428     0.0920      0.802    5.14757    7.35639    2.51844    3.59911    109.425    26.1120    26.1076     90.464    19.6417    36.6451 5.3264e-06      532.6 5.2103e-05       4.14 0.0000e+00
       1098     92.000     91.458    19.6127   4.954425     1.6608     0.0507     0.0963      0.717    5.15209    7.36285    2.45917    3.51440    106.849    26.1203    26.1159     91.458    19.5958    36.6401 5.6538e-06      565.4 5.5306e-05       4.26 0.0000e+00
       1115     93.000     92.452    19.5540   4.946993     1.6309 -9.990e-29     0.0956      0.264    5.15802    7.37133    2.44102    3.48846    106.061    26.1276    26.1231     92.452    19.5369    36.6294 5.6952e-06      569.5 5.5711e-05       4.28 0.0000e+00
       1121     94.000     93.446    19.5097   4.942069     1.6236 -9.990e-29     0.0916      0.903    5.16235    7.37751    2.43056    3.47351    105.607    26.1373    26.1328     93.446    19.4925    36.6269 5.3498e-06      535.0 5.2332e-05       4.14 0.0000e+00
       1129     95.000     94.440    19.4749   4.937754     1.6170    -0.0004     0.0904      1.240    5.16586    7.38253    2.43301    3.47702    105.713    26.1420    26.1375     94.440    19.4575    36.6211 4.6625e-06      466.3 4.5609e-05       3.87 0.0000e+00
       1145     96.000     95.433    19.4634   4.936525     1.6103     0.0030     0.0919      0.373    5.16698    7.38413    2.43850    3.48486    105.952    26.1447    26.1401     95.434    19.4459    36.6205 3.7126e-06      371.3 3.6316e-05       3.45 0.0000e+00
       1156     97.000     96.427    19.4540   4.935380     1.6077    -0.0079     0.0901      0.624    5.16793    7.38549    2.43684    3.48249    105.879    26.1459    26.1413     96.428    19.4363    36.6189 2.9074e-06      290.7 2.8440e-05       3.06 0.0000e+00
       1165     98.000     97.422    19.4334   4.932891     1.6065    -0.0077     0.0854      1.046    5.17000    7.38845    2.43769    3.48371    105.917    26.1490    26.1443     97.421    19.4155    36.6158 2.1556e-06      215.6 2.1086e-05       2.63 0.0000e+00
       1177     99.000     98.416    19.4274   4.932274     1.6064    -0.0077     0.0830      0.680    5.17059    7.38928    2.44687    3.49683    106.315    26.1504    26.1457     98.415    19.4093    36.6156 1.6472e-06      164.7 1.6113e-05       2.30 0.0000e+00
       1189    100.000     99.410    19.4274   4.932432     1.6061    -0.0001     0.0820      0.567    5.17056    7.38925    2.43696    3.48266    105.885    26.1512    26.1464     99.409    19.4091    36.6165 1.5599e-06      156.0 1.5259e-05       2.24 0.0000e+00
       1199    101.000    100.403    19.4240   4.931926     1.6055    -0.0004     0.0888      0.842    5.17093    7.38978    2.44239    3.49042    106.121    26.1509    26.1461    100.403    19.4056    36.6149 1.5825e-06      158.2 1.5480e-05       2.25 0.0000e+00
       1212    102.000    101.397    19.4083   4.930138     1.6079     0.0044     0.0815      0.630    5.17249    7.39201    2.46686    3.52539    107.184    26.1539    26.1490    101.397    19.3897    36.6134 1.5972e-06      159.7 1.5624e-05       2.26 0.0000e+00
       1224    103.000    102.391    19.4110   4.930521     1.6138 -9.990e-29     0.0786      0.507    5.17222    7.39161    2.47018    3.53013    107.328    26.1536    26.1487    102.391    19.3922    36.6138 1.5236e-06      152.4 1.4904e-05       2.21 0.0000e+00
       1232    104.000    103.385    19.3900   4.928006     1.6137    -0.0065     0.0795      0.970    5.17433    7.39463    2.46560    3.52360    107.129    26.1569    26.1519    103.384    19.3710    36.6109 1.4693e-06      146.9 1.4373e-05       2.17 0.0000e+00
       1243    105.000    104.378    19.3715   4.925900     1.6156    -0.0098     0.0787      0.869    5.17616    7.39725    2.47813    3.54149    107.673    26.1604    26.1554    104.378    19.3524    36.6092 1.3852e-06      138.5 1.3550e-05       2.11 0.0000e+00
       1259    106.000    105.372    19.3675   4.925568     1.6189 -9.990e-29     0.0744      0.296    5.17653    7.39779    2.47761    3.54075    107.651    26.1618    26.1568    105.372    19.3482    36.6096 1.2693e-06      126.9 1.2416e-05       2.02 0.0000e+00
       1268    107.000    106.366    19.3657   4.925446     1.6179 -9.990e-29     0.0764      0.775    5.17670    7.39803    2.47912    3.54290    107.717    26.1625    26.1574    106.366    19.3462    36.6098 1.0943e-06      109.4 1.0705e-05       1.87 0.0000e+00
       1277    108.000    107.359    19.3645   4.925316     1.6208    -0.0022     0.0755      0.964    5.17683    7.39821    2.49344    3.56337    108.339    26.1625    26.1574    107.360    19.3448    36.6094 1.0237e-06      102.4 1.0014e-05       1.81 0.0000e+00
       1290    109.000    108.353    19.3641   4.925312     1.6228    -0.0157     0.0760      0.633    5.17687    7.39827    2.50094    3.57410    108.665    26.1626    26.1574    108.354    19.3442    36.6093 8.6782e-07       86.8 8.4891e-06       1.67 0.0000e+00
       1302    110.000    109.347    19.3631   4.925251     1.6323     0.0064     0.0756      0.689    5.17697    7.39840    2.55396    3.64986    110.968    26.1629    26.1577    109.347    19.3431    36.6093 8.8986e-07       89.0 8.7046e-06       1.69 0.0000e+00
       1316    111.000    110.341    19.3618   4.925243     1.6471     0.0069     0.0754      0.516    5.17707    7.39855    2.57880    3.68536    112.048    26.1638    26.1586    110.341    19.3416    36.6100 1.1475e-06      114.7 1.1224e-05       1.92 0.0000e+00
       1325    112.000    111.335    19.3598   4.925236     1.6544 -9.990e-29     0.0749      0.726    5.17723    7.39878    2.59623    3.71027    112.804    26.1654    26.1601    111.335    19.3394    36.6113 1.5228e-06      152.3 1.4896e-05       2.21 0.0000e+00
       1335    113.000    112.328    19.3543   4.924722     1.6632    -0.0077     0.0730      0.930    5.17775    7.39952    2.61497    3.73705    113.619    26.1670    26.1617    112.329    19.3337    36.6115 2.0761e-06      207.6 2.0309e-05       2.58 0.0000e+00
       1348    114.000    113.322    19.3486   4.924108     1.6735    -0.0003     0.0680      0.552    5.17831    7.40033    2.63369    3.76381    114.432    26.1682    26.1628    113.323    19.3278    36.6110 3.2342e-06      323.4 3.1637e-05       3.22 0.0000e+00
       1360    115.000    114.316    19.3329   4.922316     1.6786    -0.0004     0.0660      0.681    5.17988    7.40256    2.62135    3.74618    113.896    26.1711    26.1657    114.316    19.3120    36.6094 4.1205e-06      412.1 4.0307e-05       3.64 0.0000e+00
       1371    116.000    115.310    19.3149   4.920315     1.6782    -0.0046     0.0628      0.735    5.18165    7.40510    2.61570    3.73809    113.650    26.1749    26.1694    115.310    19.2938    36.6082 4.8687e-06      486.9 4.7626e-05       3.95 0.0000e+00
       1383    117.000    116.303    19.2909   4.917463     1.6793    -0.0021     0.0607      0.638    5.18407    7.40855    2.62974    3.75816    114.261    26.1788    26.1732    116.304    19.2696    36.6050 5.5430e-06      554.3 5.4222e-05       4.22 0.0000e+00
       1394    118.000    117.297    19.2187   4.907994     1.6816 -9.990e-29     0.0576      0.693    5.19155    7.41924    2.62107    3.74577    113.885    26.1852    26.1797    117.298    19.1973    36.5889 5.9733e-06      597.3 5.8431e-05       4.38 0.0000e+00
       1404    119.000    118.291    19.1337   4.898479     1.6716    -0.0150     0.0571      0.858    5.19995    7.43125    2.53381    3.62107    110.093    26.2032    26.1976    118.291    19.1122    36.5836 6.0780e-06      607.8 5.9455e-05       4.42 0.0000e+00
       1417    120.000    119.285    19.1171   4.896409     1.6397    -0.0092     0.0574      0.645    5.20166    7.43370    2.43566    3.48081    105.829    26.2051    26.1995    119.285    19.0954    36.5805 5.8058e-06      580.6 5.6792e-05       4.32 0.0000e+00
