CTD_data/C212_3_2.cnv
* Sea-Bird SBE 25 Data File:
* FileName = C:\CTD_Data\C212_3\C212_3_2.hex
* Software Version Seasave V 7.19
* Temperature SN = 4430
* Conductivity SN = 3138
* System UpLoad Time = May 12 2014 20:14:08
** Ship: Hermano Gines
** Station: Car212_3
** Operator: Luis Medina
** Latitude: 10 29.92 N
** Longitude: 64 40.08 W
** segundo perfil
# nquan = 24                                
# nvalues = 490                         
# units = specified
# name 0 = scan: Scan Count
# name 1 = prSM: Pressure, Strain Gauge [db]
# name 2 = depSM: Depth [salt water, m]
# name 3 = t090C: Temperature [ITS-90, deg C]
# name 4 = c0S/m: Conductivity [S/m]
# name 5 = sbeox0V: Oxygen Voltage, SBE 43
# name 6 = flECO-AFL: Fluorescence, Wetlab ECO-AFL/FL [mg/m^3]
# name 7 = bat: Beam Attenuation, Chelsea/Seatech/Wetlab CStar [1/m]
# name 8 = dz/dtM: Descent Rate [m/s]
# name 9 = oxsatML/L: Oxygen Saturation [ml/l]
# name 10 = oxsatMg/L: Oxygen Saturation [mg/l]
# name 11 = sbeox0ML/L: Oxygen, SBE 43 [ml/l], WS = 2
# name 12 = sbeox0Mg/L: Oxygen, SBE 43 [mg/l], WS = 2
# name 13 = sbeox0Mm/Kg: Oxygen, SBE 43 [umol/Kg], WS = 2
# name 14 = sigma-é00: Density [sigma-theta, Kg/m^3]
# name 15 = sigma-t00: Density [sigma-t, Kg/m^3 ]
# name 16 = depSM: Depth [salt water, m], lat = 10.5
# name 17 = potemp090C: Potential Temperature [ITS-90, deg C]
# name 18 = sal00: Salinity [PSU]
# name 19 = E: stability, E [rad^2/m]
# name 20 = E10^-8: stability, E [10^-8 rad^2/m]
# name 21 = N^2: buoyancy frequency, N^2 [rad^2/s^2]
# name 22 = N: buoyancy frequency, N [cycles/h]
# name 23 = flag: flag
# span 0 =         59,      13433       
# span 1 =      0.000,    245.000       
# span 2 =     -0.000,    243.467       
# span 3 =    18.0243,    24.7604       
# span 4 =   4.768799,   5.533434       
# span 5 =     0.6578,     2.8419       
# span 6 =    -0.0297,     1.0548       
# span 7 =     0.0560,     0.3399       
# span 8 =     -1.485,      1.438       
# span 9 =    4.69493,    5.31513       
# span 10 =    6.70953,    7.59585      
# span 11 =    0.32037,    4.98064      
# span 12 =    0.45784,    7.11783      
# span 13 =     13.921,    216.537      
# span 14 =    24.8104,    26.3638      
# span 15 =    24.8104,    26.3533      
# span 16 =      0.000,    243.467      
# span 17 =    17.9817,    24.7587      
# span 18 =    36.4182,    36.9307      
# span 19 = 2.8024e-08, 5.5320e-05      
# span 20 =        2.8,     5532.0      
# span 21 = 2.7413e-07, 5.4114e-04      
# span 22 =       0.30,      13.33      
# span 23 = 0.0000e+00, 0.0000e+00      
# interval = decibars: 1                
# start_time = May 12 2014 20:14:08
# bad_flag = -9.990e-29
*END*
[from data line 242]
       3175    243.000    241.481    18.0255   4.768966     0.6622    -0.0032     0.0587      0.548    5.31497    7.59563    0.32952    0.47091     14.318    26.3638    26.3533    241.481    17.9833    36.4193 2.8024e-08        2.8 2.7413e-07       0.30 0.0000e+00
       3452    244.000    242.474    18.0249   4.768900     0.6602     0.0006     0.0575      0.743    5.31505    7.59574    0.32814    0.46894     14.258    26.3637    26.3531    242.474    17.9825    36.4189 3.5841e-08        3.6 3.5060e-07       0.34 0.0000e+00
       3951    245.000    243.467    18.0243   4.768799     0.6578     0.0107     0.0589      1.088    5.31513    7.59585    0.32037    0.45784     13.921    26.3633    26.3527    243.467    17.9817    36.4182 6.7760e-08        6.8 6.6283e-07       0.47 0.0000e+00
       3773    244.000    242.474    18.0249   4.768856     0.6590    -0.0146     0.0597     -0.152    5.31506    7.59575    0.32121    0.45904     13.957    26.3634    26.3528    242.474    17.9825    36.4185 1.2343e-07       12.3 1.2074e-06       0.63 0.0000e+00
       3904    243.000    241.481    18.0251   4.768811     0.6595    -0.0021     0.0588     -0.902    5.31504    7.59573    0.32642    0.46649     14.184    26.3631    26.3526    241.481    17.9829    36.4183 1.2873e-07       12.9 1.2592e-06       0.64 0.0000e+00
       4098    242.000    240.487    18.0252   4.768823     0.6629    -0.0028     0.0567     -0.523    5.31502    7.59569    0.33943    0.48508     14.749    26.3634    26.3529    240.487    17.9832    36.4187 1.3421e-07       13.4 1.3129e-06       0.66 0.0000e+00
       4123    241.000    239.494    18.0273   4.769025     0.6653     0.0065     0.0568     -0.472    5.31480    7.59538    0.34181    0.48848     14.852    26.3630    26.3526    239.494    17.9854    36.4190 1.2101e-07       12.1 1.1837e-06       0.62 0.0000e+00
       4143    240.000    238.501    18.0285   4.769141     0.6668    -0.0006     0.0565     -0.331    5.31467    7.59520    0.34588    0.49429     15.029    26.3629    26.3525    238.501    17.9868    36.4193 1.1070e-07       11.1 1.0829e-06       0.60 0.0000e+00
       4157    239.000    237.508    18.0289   4.769135     0.6679 -9.990e-29     0.0564     -0.641    5.31463    7.59514    0.34490    0.49290     14.987    26.3627    26.3524    237.508    17.9874    36.4193 1.0648e-07       10.6 1.0416e-06       0.58 0.0000e+00
       4176    238.000    236.515    18.0290   4.769111     0.6681    -0.0004     0.0570     -0.445    5.31462    7.59512    0.34685    0.49568     15.071    26.3627    26.3524    236.515    17.9877    36.4193 1.1467e-07       11.5 1.1217e-06       0.61 0.0000e+00
       4197    237.000    235.522    18.0294   4.769096     0.6711    -0.0031     0.0561     -0.367    5.31459    7.59507    0.36588    0.52287     15.898    26.3625    26.3523    235.522    17.9882    36.4192 1.2404e-07       12.4 1.2134e-06       0.63 0.0000e+00
       4213    236.000    234.528    18.0308   4.769254     0.6762    -0.0018     0.0566     -0.505    5.31442    7.59484    0.37401    0.53450     16.252    26.3625    26.3523    234.528    17.9898    36.4197 1.2425e-07       12.4 1.2154e-06       0.63 0.0000e+00
       4230    235.000    233.535    18.0327   4.769457     0.6800    -0.0017     0.0575     -0.478    5.31422    7.59455    0.38418    0.54903     16.694    26.3623    26.3522    233.535    17.9919    36.4202 1.5484e-07       15.5 1.5146e-06       0.71 0.0000e+00
       4250    234.000    232.542    18.0332   4.769510     0.6840    -0.0055     0.0571     -0.339    5.31415    7.59446    0.38926    0.55629     16.914    26.3625    26.3523    232.542    17.9926    36.4206 1.8469e-07       18.5 1.8066e-06       0.77 0.0000e+00
       4264    233.000    231.549    18.0347   4.769616     0.6854    -0.0004     0.0579     -0.591    5.31401    7.59425    0.39008    0.55746     16.950    26.3620    26.3519    231.549    17.9942    36.4205 2.2272e-07       22.3 2.1787e-06       0.85 0.0000e+00
       4284    232.000    230.555    18.0361   4.769779     0.6893    -0.0148     0.0571     -0.299    5.31385    7.59401    0.40321    0.57623     17.520    26.3620    26.3520    230.556    17.9958    36.4210 2.5238e-07       25.2 2.4688e-06       0.90 0.0000e+00
       4300    231.000    229.562    18.0390   4.770101     0.6925    -0.0005     0.0589     -0.523    5.31353    7.59357    0.40698    0.58162     17.684    26.3617    26.3517    229.562    17.9989    36.4216 2.7420e-07       27.4 2.6822e-06       0.94 0.0000e+00
       4318    230.000    228.569    18.0431   4.770552     0.6933    -0.0004     0.0592     -0.435    5.31310    7.59295    0.40279    0.57563     17.502    26.3611    26.3511    228.569    18.0031    36.4222 3.3927e-07       33.9 3.3187e-06       1.04 0.0000e+00
       4335    229.000    227.576    18.0433   4.770506     0.6924    -0.0004     0.0601     -0.607    5.31309    7.59294    0.39952    0.57095     17.360    26.3608    26.3509    227.576    18.0035    36.4220 4.3681e-07       43.7 4.2729e-06       1.18 0.0000e+00
       4358    228.000    226.583    18.0476   4.771015     0.6959    -0.0021     0.0600     -0.224    5.31263    7.59227    0.41556    0.59388     18.057    26.3604    26.3506    226.583    18.0080    36.4229 6.0802e-07       60.8 5.9477e-06       1.40 0.0000e+00
       4370    227.000    225.589    18.0492   4.771167     0.6973    -0.0033     0.0615     -0.636    5.31245    7.59203    0.41754    0.59671     18.143    26.3602    26.3504    225.589    18.0098    36.4232 7.6412e-07       76.4 7.4747e-06       1.57 0.0000e+00
       4381    226.000    224.596    18.0560   4.772082     0.7062    -0.0102     0.0629     -0.929    5.31170    7.59095    0.47172    0.67414     20.497    26.3601    26.3503    224.596    18.0167    36.4254 8.8109e-07       88.1 8.6189e-06       1.68 0.0000e+00
       4407    225.000    223.603    18.0664   4.773312     0.7416    -0.0076 -9.990e-29     -0.292    5.31059    7.58936    0.54555    0.77965     23.705    26.3588    26.3490    223.603    18.0273    36.4270 9.7520e-07       97.5 9.5394e-06       1.77 0.0000e+00
       4413    224.000    222.610    18.0794   4.774919     0.7432    -0.0077     0.0645     -1.159    5.30920    7.58738    0.54300    0.77600     23.594    26.3575    26.3478    222.610    18.0404    36.4296 1.0337e-06      103.4 1.0112e-05       1.82 0.0000e+00
       4434    223.000    221.617    18.0962   4.776840     0.7537    -0.0006     0.0649     -0.601    5.30744    7.58487    0.56222    0.80347     24.430    26.3547    26.3450    221.616    18.0574    36.4315 1.0023e-06      100.2 9.8048e-06       1.79 0.0000e+00
       4452    222.000    220.623    18.0999   4.777227     0.7603    -0.0077     0.0660     -0.792    5.30706    7.58432    0.56584    0.80864     24.587    26.3540    26.3444    220.623    18.0612    36.4319 9.7736e-07       97.7 9.5605e-06       1.77 0.0000e+00
       4865    221.000    219.630    18.1042   4.777682     0.7647    -0.0022     0.0677     -1.044    5.30661    7.58367    0.57200    0.81744     24.854    26.3533    26.3437    219.630    18.0657    36.4324 8.8621e-07       88.6 8.6690e-06       1.69 0.0000e+00
       6210    220.000    218.637    18.1100   4.778342     0.7765 -9.990e-29     0.0682     -1.048    5.30600    7.58280    0.59638    0.85228     25.914    26.3525    26.3429    218.637    18.0717    36.4332 7.2212e-07       72.2 7.0638e-06       1.52 0.0000e+00
       6195    219.000    217.643    18.1152   4.778986     0.7765    -0.0025     0.0672     -1.485    5.30543    7.58199    0.61086    0.87299     26.543    26.3521    26.3426    217.643    18.0771    36.4345 5.5910e-07       55.9 5.4692e-06       1.34 0.0000e+00
       6220    218.000    216.650    18.1126   4.778648     0.7890 -9.990e-29     0.0683      0.184    5.30570    7.58238    0.63594    0.90882     27.633    26.3525    26.3431    216.650    18.0746    36.4343 4.8863e-07       48.9 4.7798e-06       1.25 0.0000e+00
       6225    217.000    215.656    18.1195   4.779388     0.7880    -0.0077     0.0694     -0.779    5.30499    7.58135    0.62948    0.89959     27.352    26.3512    26.3418    215.657    18.0817    36.4349 5.4028e-07       54.0 5.2851e-06       1.32 0.0000e+00
       6232    216.000    214.663    18.1214   4.779602     0.7896     0.0009     0.0694     -1.392    5.30477    7.58105    0.65047    0.92958     28.264    26.3511    26.3417    214.663    18.0838    36.4354 6.3354e-07       63.4 6.1973e-06       1.43 0.0000e+00
       6244    215.000    213.670    18.1224   4.779677     0.7996    -0.0016     0.0687     -0.813    5.30467    7.58091    0.68952    0.98539     29.961    26.3509    26.3416    213.670    18.0849    36.4356 7.2840e-07       72.8 7.1252e-06       1.53 0.0000e+00
       6261    214.000    212.677    18.1302   4.780733     0.8130    -0.0050     0.0686     -0.474    5.30381    7.57967    0.72398    1.03464     31.458    26.3508    26.3415    212.677    18.0929    36.4380 8.5252e-07       85.3 8.3394e-06       1.65 0.0000e+00
       6275    213.000    211.683    18.1405   4.781839     0.8266    -0.0147     0.0667     -0.610    5.30275    7.57816    0.76266    1.08991     33.139    26.3488    26.3395    211.684    18.1034    36.4387 9.8727e-07       98.7 9.6575e-06       1.78 0.0000e+00
       6293    212.000    210.690    18.1539   4.783536     0.8407 -9.990e-29     0.0679     -0.394    5.30130    7.57609    0.77113    1.10202     33.507    26.3476    26.3384    210.690    18.1169    36.4417 1.0571e-06      105.7 1.0341e-05       1.84 0.0000e+00
       6307    211.000    209.697    18.1630   4.784557     0.8470    -0.0150     0.0674     -0.599    5.30036    7.57474    0.78947    1.12823     34.304    26.3461    26.3369    209.697    18.1262    36.4427 1.1194e-06      111.9 1.0950e-05       1.90 0.0000e+00
       6323    210.000    208.703    18.1674   4.785027     0.8562 -9.990e-29     0.0672     -0.439    5.29990    7.57408    0.80416    1.14922     34.942    26.3454    26.3362    208.704    18.1308    36.4432 1.1648e-06      116.5 1.1394e-05       1.93 0.0000e+00
       6335    209.000    207.710    18.1787   4.786409     0.8604    -0.0182     0.0697     -0.689    5.29869    7.57235    0.80788    1.15455     35.104    26.3441    26.3350    207.710    18.1422    36.4454 1.1487e-06      114.9 1.1236e-05       1.92 0.0000e+00
       6351    208.000    206.717    18.1866   4.787274     0.8639    -0.0022     0.0702     -0.524    5.29787    7.57118    0.81195    1.16036     35.281    26.3427    26.3336    206.717    18.1503    36.4461 1.0471e-06      104.7 1.0243e-05       1.83 0.0000e+00
       6369    207.000    205.724    18.1929   4.787977     0.8689    -0.0118     0.0713     -0.428    5.29721    7.57025    0.82628    1.18084     35.903    26.3417    26.3326    205.724    18.1567    36.4469 9.6411e-07       96.4 9.4309e-06       1.76 0.0000e+00
       6380    206.000    204.730    18.1982   4.788627     0.8714     0.0001     0.0722     -0.694    5.29664    7.56943    0.82478    1.17869     35.838    26.3413    26.3322    204.730    18.1622    36.4481 8.4959e-07       85.0 8.3108e-06       1.65 0.0000e+00
       6388    205.000    203.737    18.2064   4.789525     0.8724    -0.0004     0.0724     -0.910    5.29579    7.56821    0.82579    1.18014     35.882    26.3397    26.3308    203.737    18.1706    36.4489 7.8186e-07       78.2 7.6482e-06       1.58 0.0000e+00
       6407    204.000    202.744    18.2102   4.789907     0.8741    -0.0043     0.0734     -0.502    5.29540    7.56766    0.82841    1.18388     35.996    26.3390    26.3300    202.744    18.1745    36.4492 7.0448e-07       70.4 6.8912e-06       1.50 0.0000e+00
       6427    203.000    201.750    18.2116   4.790018     0.8760    -0.0078     0.0758     -0.456    5.29526    7.56745    0.83028    1.18655     36.077    26.3386    26.3297    201.750    18.1761    36.4493 6.0924e-07       60.9 5.9597e-06       1.40 0.0000e+00
       6437    202.000    200.757    18.2135   4.790202     0.8760    -0.0077     0.0747     -0.841    5.29506    7.56717    0.82898    1.18470     36.021    26.3383    26.3295    200.757    18.1782    36.4495 5.7243e-07       57.2 5.5996e-06       1.36 0.0000e+00
       6467    201.000    199.764    18.2163   4.790552     0.8818     0.0013     0.0754     -0.131    5.29475    7.56673    0.84811    1.21203     36.852    26.3383    26.3294    199.763    18.1812    36.4504 6.0722e-07       60.7 5.9398e-06       1.40 0.0000e+00
       6480    200.000    198.770    18.2228   4.791277     0.8837    -0.0078     0.0759     -0.714    5.29407    7.56576    0.85083    1.21592     36.970    26.3372    26.3284    198.770    18.1878    36.4512 6.4859e-07       64.9 6.3445e-06       1.44 0.0000e+00
       6495    199.000    197.777    18.2250   4.791443     0.8863    -0.0220     0.0761     -0.566    5.29386    7.56545    0.86138    1.23099     37.428    26.3365    26.3278    197.777    18.1902    36.4511 7.6125e-07       76.1 7.4466e-06       1.56 0.0000e+00
       6512    198.000    196.783    18.2270   4.791701     0.8902    -0.0077     0.0766     -0.495    5.29363    7.56513    0.87285    1.24739     37.927    26.3366    26.3279    196.783    18.1924    36.4519 9.2601e-07       92.6 9.0582e-06       1.72 0.0000e+00
       6587    197.000    195.790    18.2349   4.792639     0.8954    -0.0023     0.0761     -0.453    5.29279    7.56393    0.87811    1.25491     38.155    26.3356    26.3269    195.790    18.2004    36.4532 1.0962e-06      109.6 1.0723e-05       1.88 0.0000e+00
       7435    196.000    194.797    18.2495   4.794404     0.9149 -9.990e-29     0.0770     -0.604    5.29125    7.56172    0.95671    1.36724     41.570    26.3338    26.3252    194.797    18.2152    36.4557 1.3299e-06      133.0 1.3009e-05       2.07 0.0000e+00
       7428    195.000    193.803    18.2583   4.795431     0.9247    -0.0150     0.0762     -0.806    5.29032    7.56040    0.99514    1.42215     43.240    26.3326    26.3240    193.803    18.2242    36.4571 1.5542e-06      155.4 1.5204e-05       2.23 0.0000e+00
       7440    194.000    192.810    18.2703   4.796879     0.9408    -0.0007     0.0737     -0.724    5.28906    7.55859    1.04980    1.50026     45.615    26.3311    26.3226    192.810    18.2363    36.4591 1.7125e-06      171.3 1.6752e-05       2.35 0.0000e+00
       7454    193.000    191.816    18.2862   4.798798     0.9620    -0.0108     0.0716     -0.515    5.28738    7.55619    1.09012    1.55789     47.367    26.3291    26.3206    191.816    18.2524    36.4618 1.8237e-06      182.4 1.7839e-05       2.42 0.0000e+00
       7464    192.000    190.823    18.3041   4.801049     0.9741    -0.0151     0.0711     -0.678    5.28547    7.55346    1.10697    1.58197     48.099    26.3274    26.3189    190.823    18.2704    36.4655 1.8449e-06      184.5 1.8047e-05       2.43 0.0000e+00
       7472    191.000    189.830    18.3244   4.803411     0.9825    -0.0088     0.0723     -1.024    5.28336    7.55044    1.11692    1.59619     48.532    26.3241    26.3157    189.830    18.2909    36.4680 1.9067e-06      190.7 1.8651e-05       2.47 0.0000e+00
       7485    190.000    188.836    18.3390   4.805071     0.9938    -0.0089     0.0688     -0.606    5.28185    7.54829    1.13252    1.61848     49.209    26.3216    26.3132    188.836    18.3056    36.4695 1.9128e-06      191.3 1.8711e-05       2.48 0.0000e+00
       7497    189.000    187.843    18.3443   4.805697     0.9999    -0.0077     0.0685     -0.642    5.28129    7.54748    1.13277    1.61884     49.220    26.3210    26.3127    187.843    18.3111    36.4705 1.8684e-06      186.8 1.8277e-05       2.45 0.0000e+00
