CTD_data/C212_3_2.cnv
* Sea-Bird SBE 25 Data File:
* FileName = C:\CTD_Data\C212_3\C212_3_2.hex
* Software Version Seasave V 7.19
* Temperature SN = 4430
* Conductivity SN = 3138
* System UpLoad Time = May 12 2014 20:14:08
** Ship: Hermano Gines
** Station: Car212_3
** Operator: Luis Medina
** Latitude: 10 29.92 N
** Longitude: 64 40.08 W
** segundo perfil
# nquan = 24                                
# nvalues = 490                         
# units = specified
# name 0 = scan: Scan Count
# name 1 = prSM: Pressure, Strain Gauge [db]
# name 2 = depSM: Depth [salt water, m]
# name 3 = t090C: Temperature [ITS-90, deg C]
# name 4 = c0S/m: Conductivity [S/m]
# name 5 = sbeox0V: Oxygen Voltage, SBE 43
# name 6 = flECO-AFL: Fluorescence, Wetlab ECO-AFL/FL [mg/m^3]
# name 7 = bat: Beam Attenuation, Chelsea/Seatech/Wetlab CStar [1/m]
# name 8 = dz/dtM: Descent Rate [m/s]
# name 9 = oxsatML/L: Oxygen Saturation [ml/l]
# name 10 = oxsatMg/L: Oxygen Saturation [mg/l]
# name 11 = sbeox0ML/L: Oxygen, SBE 43 [ml/l], WS = 2
# name 12 = sbeox0Mg/L: Oxygen, SBE 43 [mg/l], WS = 2
# name 13 = sbeox0Mm/Kg: Oxygen, SBE 43 [umol/Kg], WS = 2
# name 14 = sigma-é00: Density [sigma-theta, Kg/m^3]
# name 15 = sigma-t00: Density [sigma-t, Kg/m^3 ]
# name 16 = depSM: Depth [salt water, m], lat = 10.5
# name 17 = potemp090C: Potential Temperature [ITS-90, deg C]
# name 18 = sal00: Salinity [PSU]
# name 19 = E: stability, E [rad^2/m]
# name 20 = E10^-8: stability, E [10^-8 rad^2/m]
# name 21 = N^2: buoyancy frequency, N^2 [rad^2/s^2]
# name 22 = N: buoyancy frequency, N [cycles/h]
# name 23 = flag: flag
# span 0 =         59,      13433       
# span 1 =      0.000,    245.000       
# span 2 =     -0.000,    243.467       
# span 3 =    18.0243,    24.7604       
# span 4 =   4.768799,   5.533434       
# span 5 =     0.6578,     2.8419       
# span 6 =    -0.0297,     1.0548       
# span 7 =     0.0560,     0.3399       
# span 8 =     -1.485,      1.438       
# span 9 =    4.69493,    5.31513       
# span 10 =    6.70953,    7.59585      
# span 11 =    0.32037,    4.98064      
# span 12 =    0.45784,    7.11783      
# span 13 =     13.921,    216.537      
# span 14 =    24.8104,    26.3638      
# span 15 =    24.8104,    26.3533      
# span 16 =      0.000,    243.467      
# span 17 =    17.9817,    24.7587      
# span 18 =    36.4182,    36.9307      
# span 19 = 2.8024e-08, 5.5320e-05      
# span 20 =        2.8,     5532.0      
# span 21 = 2.7413e-07, 5.4114e-04      
# span 22 =       0.30,      13.33      
# span 23 = 0.0000e+00, 0.0000e+00      
# interval = decibars: 1                
# start_time = May 12 2014 20:14:08
# bad_flag = -9.990e-29
*END*
[from data line 302]
       7541    187.000    185.856    18.3661   4.808283     1.0147     0.0006     0.0681     -0.396    5.27899    7.54421    1.15555    1.65140     50.210    26.3181    26.3098    185.856    18.3332    36.4740 1.7523e-06      175.2 1.7141e-05       2.37 0.0000e+00
       7562    186.000    184.862    18.3866   4.810662     1.0242    -0.0110     0.0682     -0.910    5.27687    7.54117    1.18234    1.68969     51.374    26.3148    26.3065    184.862    18.3539    36.4764 1.6228e-06      162.3 1.5874e-05       2.28 0.0000e+00
       7584    185.000    183.869    18.3908   4.811104     1.0432    -0.0114     0.0678     -0.277    5.27644    7.54056    1.26770    1.81166     55.083    26.3140    26.3058    183.869    18.3583    36.4768 1.5138e-06      151.4 1.4808e-05       2.20 0.0000e+00
       7599    184.000    182.875    18.4033   4.812630     1.0588    -0.0151     0.0666     -0.540    5.27512    7.53867    1.29098    1.84494     56.095    26.3126    26.3044    182.876    18.3709    36.4791 1.4321e-06      143.2 1.4009e-05       2.14 0.0000e+00
       7613    183.000    181.882    18.4179   4.814330     1.0700    -0.0086     0.0663     -0.615    5.27360    7.53651    1.30370    1.86311     56.647    26.3103    26.3022    181.882    18.3857    36.4810 1.3713e-06      137.1 1.3414e-05       2.10 0.0000e+00
       7634    182.000    180.889    18.4246   4.815083     1.0811    -0.0019     0.0642     -0.338    5.27291    7.53552    1.31874    1.88462     57.301    26.3092    26.3011    180.889    18.3925    36.4819 1.3460e-06      134.6 1.3166e-05       2.08 0.0000e+00
       7648    181.000    179.895    18.4288   4.815535     1.0843    -0.0203     0.0645     -0.577    5.27248    7.53490    1.31889    1.88482     57.307    26.3085    26.3004    179.895    18.3969    36.4824 1.4349e-06      143.5 1.4036e-05       2.15 0.0000e+00
       7669    180.000    178.902    18.4319   4.815891     1.0970    -0.0105     0.0629     -0.231    5.27214    7.53442    1.36586    1.95194     59.348    26.3082    26.3002    178.902    18.4002    36.4830 1.6169e-06      161.7 1.5817e-05       2.28 0.0000e+00
       7684    179.000    177.908    18.4434   4.817386     1.1071    -0.0076     0.0629     -0.598    5.27091    7.53265    1.38672    1.98175     60.254    26.3074    26.2995    177.908    18.4118    36.4859 1.7281e-06      172.8 1.6904e-05       2.36 0.0000e+00
       7706    178.000    176.915    18.4580   4.819031     1.1251    -0.0010     0.0624     -0.339    5.26941    7.53052    1.42594    2.03781     61.958    26.3048    26.2969    176.915    18.4266    36.4874 1.7711e-06      177.1 1.7325e-05       2.38 0.0000e+00
       7722    177.000    175.921    18.4764   4.821277     1.1360    -0.0028     0.0622     -0.666    5.26748    7.52776    1.46140    2.08849     63.499    26.3025    26.2946    175.921    18.4452    36.4905 1.8843e-06      188.4 1.8432e-05       2.46 0.0000e+00
       7867    176.000    174.928    18.5027   4.824359     1.1536    -0.0116     0.0622     -0.508    5.26476    7.52387    1.45006    2.07228     63.006    26.2983    26.2905    174.928    18.4716    36.4938 1.9419e-06      194.2 1.8996e-05       2.50 0.0000e+00
       8578    175.000    173.934    18.5173   4.826114     1.1845    -0.0098     0.0630     -0.744    5.26323    7.52168    1.55708    2.22522     67.656    26.2964    26.2886    173.934    18.4864    36.4961 1.9410e-06      194.1 1.8987e-05       2.50 0.0000e+00
       8817    174.000    172.941    18.5227   4.826668     1.2041    -0.0048     0.0645     -0.527    5.26269    7.52091    1.59920    2.28541     69.486    26.2952    26.2874    172.941    18.4919    36.4964 2.0368e-06      203.7 1.9924e-05       2.56 0.0000e+00
       8816    173.000    171.948    18.5309   4.827724     1.2043    -0.0004     0.0649     -0.790    5.26181    7.51966    1.56991    2.24355     68.214    26.2947    26.2869    171.947    18.5003    36.4985 2.2360e-06      223.6 2.1873e-05       2.68 0.0000e+00
       8827    172.000    170.954    18.5430   4.829043     1.1977    -0.0138     0.0691     -0.821    5.26058    7.51789    1.53616    2.19532     66.747    26.2922    26.2845    170.954    18.5126    36.4994 2.7713e-06      277.1 2.7109e-05       2.98 0.0000e+00
       8844    171.000    169.961    18.5494   4.829749     1.1932     0.0007     0.0807     -0.353    5.25993    7.51696    1.59016    2.27249     69.093    26.2911    26.2834    169.960    18.5191    36.5001 3.7694e-06      376.9 3.6873e-05       3.48 0.0000e+00
       8854    170.000    168.967    18.5676   4.832100     1.2114 -9.990e-29     0.0925     -0.690    5.25798    7.51419    1.68159    2.40316     73.066    26.2897    26.2820    168.967    18.5375    36.5043 5.2615e-06      526.1 5.1468e-05       4.11 0.0000e+00
       8863    169.000    167.974    18.5960   4.835299     1.2266 -9.990e-29     0.1001     -0.910    5.25510    7.51006    1.70617    2.43829     74.134    26.2842    26.2766    167.973    18.5660    36.5066 6.3307e-06      633.1 6.1928e-05       4.51 0.0000e+00
       8874    168.000    166.980    18.6543   4.842690     1.2515    -0.0150     0.1309     -0.855    5.24897    7.50131    1.83066    2.61619     79.543    26.2781    26.2705    166.980    18.6245    36.5180 8.5478e-06      854.8 8.3615e-05       5.24 0.0000e+00
       8893    167.000    165.986    18.7204   4.850579     1.3189    -0.0150     0.1414     -0.185    5.24217    7.49158    1.98579    2.83789     86.283    26.2679    26.2603    165.986    18.6907    36.5267 1.0584e-05     1058.4 1.0353e-04       5.83 0.0000e+00
       8902    166.000    164.993    18.8164   4.862081     1.3561    -0.0150     0.1519     -0.750    5.23232    7.47751    2.18846    3.12753     95.089    26.2531    26.2455    164.993    18.7867    36.5394 1.2029e-05     1202.9 1.1767e-04       6.22 0.0000e+00
       8911    165.000    164.000    18.8974   4.871275     1.4252    -0.0150     0.1438     -1.001    5.22418    7.46588    2.40648    3.43910    104.562    26.2372    26.2296    163.999    18.8678    36.5458 1.2374e-05     1237.4 1.2105e-04       6.30 0.0000e+00
       8925    164.000    163.006    18.9778   4.882815     1.5191    -0.0150     0.1275     -0.476    5.21550    7.45347    2.48905    3.55710    108.148    26.2369    26.2293    163.006    18.9483    36.5724 1.2520e-05     1252.0 1.2247e-04       6.34 0.0000e+00
       8936    163.000    162.012    19.1693   4.904952     1.5506     0.0076     0.1075     -0.670    5.19631    7.42604    2.41397    3.44980    104.885    26.2009    26.1933    162.012    19.1398    36.5900 1.1818e-05     1181.8 1.1560e-04       6.16 0.0000e+00
       8948    162.000    161.019    19.2478   4.914097     1.5631    -0.0126     0.1140     -0.765    5.18845    7.41482    2.44346    3.49195    106.167    26.1866    26.1789    161.019    19.2184    36.5979 1.0703e-05     1070.3 1.0470e-04       5.86 0.0000e+00
       8961    161.000    160.025    19.2776   4.917503     1.5876 -9.990e-29     0.0969     -0.539    5.18549    7.41058    2.50304    3.57710    108.756    26.1808    26.1732    160.025    19.2483    36.6005 9.4927e-06      949.3 9.2858e-05       5.52 0.0000e+00
       8971    160.000    159.032    19.2780   4.918045     1.6092 -9.990e-29     0.0990     -0.804    5.18531    7.41033    2.63824    3.77031    114.630    26.1842    26.1766    159.031    19.2489    36.6051 7.9235e-06      792.4 7.7508e-05       5.04 0.0000e+00
       8985    159.000    158.038    19.3424   4.924997     1.6861 -9.990e-29     0.0983     -0.571    5.17904    7.40136    2.87181    4.10410    124.778    26.1688    26.1613    158.038    19.3134    36.6070 6.6619e-06      666.2 6.5167e-05       4.63 0.0000e+00
       8997    158.000    157.044    19.3437   4.925334     1.7278 -9.990e-29     0.0819     -0.549    5.17885    7.40109    2.77007    3.95871    120.358    26.1700    26.1625    157.044    19.3149    36.6090 5.0745e-06      507.4 4.9639e-05       4.04 0.0000e+00
       9005    157.000    156.051    19.4102   4.934039     1.7215     0.0216     0.0839     -0.950    5.17199    7.39130    2.72420    3.89315    118.364    26.1638    26.1564    156.051    19.3815    36.6236 5.1828e-06      518.3 5.0698e-05       4.08 0.0000e+00
       9020    156.000    155.058    19.4190   4.933936     1.7426     0.0252     0.0719     -0.603    5.17140    7.39045    2.83747    4.05502    123.286    26.1552    26.1478    155.057    19.3905    36.6154 5.5554e-06      555.5 5.4343e-05       4.22 0.0000e+00
       9036    155.000    154.064    19.4285   4.935796     1.7681     0.0379     0.0669     -0.415    5.17025    7.38881    2.86349    4.09221    124.416    26.1585    26.1511    154.064    19.4002    36.6230 6.9596e-06      696.0 6.8079e-05       4.73 0.0000e+00
       9044    154.000    153.070    19.4624   4.939663     1.7712     0.0213     0.0641     -0.932    5.16692    7.38404    2.84302    4.06296    123.527    26.1518    26.1444    153.070    19.4342    36.6258 7.6179e-06      761.8 7.4519e-05       4.95 0.0000e+00
       9052    153.000    152.076    19.5236   4.947137     1.7723     0.0330     0.0647     -1.030    5.16077    7.37525    2.83629    4.05334    123.234    26.1425    26.1352    152.076    19.4955    36.6348 7.9442e-06      794.4 7.7711e-05       5.05 0.0000e+00
       9066    152.000    151.082    19.5971   4.955773     1.7766     0.0274     0.0667     -0.639    5.15350    7.36487    2.85166    4.07531    123.902    26.1292    26.1218    151.083    19.5691    36.6425 8.1886e-06      818.9 8.0101e-05       5.13 0.0000e+00
       9084    151.000    150.089    19.6274   4.959699     1.7788     0.0290     0.0683     -0.214    5.15042    7.36046    2.82235    4.03342    122.628    26.1261    26.1188    150.089    19.5996    36.6490 7.9786e-06      797.9 7.8046e-05       5.06 0.0000e+00
       9091    150.000    149.096    19.7578   4.974403     1.7771     0.0289     0.0694     -0.876    5.13775    7.34236    2.82551    4.03794    122.766    26.0980    26.0907    149.096    19.7301    36.6572 7.6074e-06      760.7 7.4415e-05       4.94 0.0000e+00
       9097    149.000    148.102    19.7707   4.975620     1.7779 -9.990e-29     0.0712     -1.346    5.13655    7.34064    2.84335    4.06344    123.542    26.0939    26.0867    148.102    19.7431    36.6564 6.6280e-06      662.8 6.4835e-05       4.61 0.0000e+00
       9117    148.000    147.109    19.7333   4.971278     1.7809     0.0313     0.0716     -0.134    5.14019    7.34584    2.83907    4.05732    123.356    26.1015    26.0943    147.108    19.7060    36.6535 5.4553e-06      545.5 5.3364e-05       4.19 0.0000e+00
       9127    147.000    146.115    19.7846   4.976737     1.7798     0.0364     0.0732     -0.603    5.13530    7.33885    2.82992    4.04424    122.958    26.0885    26.0813    146.115    19.7574    36.6542 4.2708e-06      427.1 4.1777e-05       3.70 0.0000e+00
       9132    146.000    145.121    19.7986   4.978977     1.7799     0.0253     0.0754     -1.464    5.13376    7.33666    2.83712    4.05452    123.270    26.0899    26.0827    145.121    19.7716    36.6609 3.3626e-06      336.3 3.2893e-05       3.29 0.0000e+00
       9152    145.000    144.128    19.7959   4.978377     1.7863     0.0398     0.0777     -0.250    5.13409    7.33712    2.85001    4.07294    123.831    26.0888    26.0817    144.128    19.7691    36.6587 2.1606e-06      216.1 2.1135e-05       2.63 0.0000e+00
       9163    144.000    143.134    19.8134   4.980355     1.7872     0.0487     0.0768     -0.733    5.13238    7.33469    2.84327    4.06332    123.538    26.0853    26.0782    143.134    19.7867    36.6601 2.0082e-06      200.8 1.9644e-05       2.54 0.0000e+00
       9170    143.000    142.140    19.8317   4.982660     1.7883     0.0461     0.0759     -1.358    5.13055    7.33206    2.85845    4.08501    124.198    26.0830    26.0760    142.140    19.8052    36.6636 2.0100e-06      201.0 1.9662e-05       2.54 0.0000e+00
       9186    142.000    141.147    19.8427   4.983865     1.7912     0.0435     0.0747     -0.374    5.12948    7.33054    2.84976    4.07259    123.820    26.0806    26.0736    141.147    19.8164    36.6643 1.5269e-06      152.7 1.4936e-05       2.21 0.0000e+00
       9197    141.000    140.153    19.8528   4.984935     1.7901 -9.990e-29     0.0732     -0.634    5.12851    7.32916    2.84384    4.06413    123.563    26.0782    26.0713    140.153    19.8266    36.6647 1.4751e-06      147.5 1.4429e-05       2.18 0.0000e+00
       9206    140.000    139.160    19.8530   4.984942     1.7897     0.0362     0.0726     -1.053    5.12848    7.32911    2.84257    4.06232    123.508    26.0783    26.0714    139.159    19.8270    36.6649 1.3683e-06      136.8 1.3385e-05       2.10 0.0000e+00
       9221    139.000    138.166    19.8488   4.984398     1.7860     0.0387     0.0733     -0.419    5.12890    7.32971    2.82954    4.04370    122.942    26.0790    26.0722    138.166    19.8230    36.6645 1.2233e-06      122.3 1.1966e-05       1.98 0.0000e+00
       9232    138.000    137.172    19.8599   4.985627     1.7864     0.0335     0.0732     -0.575    5.12782    7.32817    2.84271    4.06252    123.514    26.0767    26.0699    137.172    19.8343    36.6653 1.1733e-06      117.3 1.1477e-05       1.94 0.0000e+00
       9239    137.000    136.178    19.8679   4.986490     1.7867     0.0293     0.0756     -1.188    5.12705    7.32707    2.83430    4.05049    123.148    26.0749    26.0681    136.178    19.8425    36.6658 1.2531e-06      125.3 1.2258e-05       2.01 0.0000e+00
       9255    136.000    135.184    19.8646   4.986071     1.7860     0.0289     0.0788     -0.366    5.12737    7.32752    2.84061    4.05952    123.423    26.0755    26.0689    135.185    19.8394    36.6656 1.4388e-06      143.9 1.4074e-05       2.15 0.0000e+00
       9266    135.000    134.191    19.8805   4.987910     1.7868     0.0362     0.0816     -0.716    5.12581    7.32530    2.82592    4.03853    122.785    26.0726    26.0659    134.191    19.8554    36.6673 1.6588e-06      165.9 1.6226e-05       2.31 0.0000e+00
       9277    134.000    133.197    19.8848   4.988288     1.7846 -9.990e-29     0.0819     -0.826    5.12541    7.32473    2.84118    4.06033    123.448    26.0712    26.0646    133.197    19.8599    36.6670 1.9477e-06      194.8 1.9053e-05       2.50 0.0000e+00
       9291    133.000    132.203    19.8971   4.989856     1.7893     0.0289     0.0820     -0.572    5.12417    7.32296    2.84275    4.06257    123.516    26.0699    26.0633    132.204    19.8724    36.6696 2.1448e-06      214.5 2.0981e-05       2.62 0.0000e+00
       9301    132.000    131.210    19.9137   4.991743     1.7888     0.0289     0.0833     -0.604    5.12256    7.32065    2.83395    4.05000    123.133    26.0665    26.0600    131.210    19.8892    36.6711 2.2642e-06      226.4 2.2149e-05       2.70 0.0000e+00
       9309    131.000    130.216    19.9285   4.993453     1.7881     0.0306     0.0828     -1.004    5.12112    7.31859    2.84118    4.06033    123.448    26.0638    26.0573    130.216    19.9041    36.6727 2.3534e-06      235.3 2.3021e-05       2.75 0.0000e+00
       9325    130.000    129.223    19.9353   4.994228     1.7895     0.0424     0.0809     -0.493    5.12045    7.31763    2.83099    4.04577    123.005    26.0625    26.0561    129.222    19.9111    36.6735 2.2349e-06      223.5 2.1862e-05       2.68 0.0000e+00
       9338    129.000    128.229    19.9607   4.997190     1.7846     0.0436     0.0874     -0.397    5.11797    7.31409    2.80751    4.01221    121.985    26.0578    26.0514    128.229    19.9367    36.6762 2.0878e-06      208.8 2.0423e-05       2.59 0.0000e+00
       9343    128.000    127.235    19.9714   4.998266     1.7833 -9.990e-29     0.0898     -1.159    5.11696    7.31265    2.81204    4.01869    122.182    26.0548    26.0485    127.235    19.9476    36.6761 1.8974e-06      189.7 1.8560e-05       2.47 0.0000e+00
