CTD_data/C216_2_3.cnv
* Sea-Bird SBE 25 Data File:
* FileName = C:\CTD_Data\C216\C216_2_3.hex
* Software Version Seasave V 7.19
* Temperature SN = 4430
* Conductivity SN = 3138
* System UpLoad Time = Nov 06 2014 18:57:38
** Ship: hermano gines
** Station: car216
** Operator: Luis Medina
** Latitude: 10 30.13 N
** Longitude: 64 39.81 W
# nquan = 24                                
# nvalues = 1816                        
# units = specified
# name 0 = prSM: Pressure, Strain Gauge [db]
# name 1 = depSM: Depth [salt water, m], lat = 10.50
# name 2 = t090C: Temperature [ITS-90, deg C]
# name 3 = c0S/m: Conductivity [S/m]
# name 4 = sbeox0V: Oxygen raw, SBE 43 [V]
# name 5 = flECO-AFL: Fluorescence, WET Labs ECO-AFL/FL [mg/m^3]
# name 6 = bat: Beam Attenuation, Chelsea/Seatech [1/m]
# name 7 = dz/dtM: Descent Rate [m/s]
# name 8 = par: PAR/Irradiance, Biospherical/Licor
# name 9 = oxsatML/L: Oxygen Saturation, Weiss [ml/l]
# name 10 = oxsatMg/L: Oxygen Saturation, Weiss [mg/l]
# name 11 = sbeox0ML/L: Oxygen, SBE 43 [ml/l], WS = 2
# name 12 = sbeox0Mg/L: Oxygen, SBE 43 [mg/l], WS = 2
# name 13 = sbeox0Mm/Kg: Oxygen, SBE 43 [umol/kg], WS = 2
# name 14 = sigma-é00: Density [sigma-theta, kg/m^3]
# name 15 = sigma-t00: Density [sigma-t, kg/m^3 ]
# name 16 = depSM: Depth [salt water, m], lat = 10.5
# name 17 = potemp090C: Potential Temperature [ITS-90, deg C]
# name 18 = sal00: Salinity, Practical [PSU]
# name 19 = E: stability, E [rad^2/m]
# name 20 = E10^-8: stability, E [10^-8 rad^2/m]
# name 21 = N^2: buoyancy frequency, N^2 [rad^2/s^2]
# name 22 = N: buoyancy frequency, N [cycles/h]
# name 23 = flag: flag
# span 0 =      0.000,    908.000       
# span 1 =     -0.000,    900.883       
# span 2 =    17.2618,    27.6635       
# span 3 =   4.694380,   5.819099       
# span 4 =     0.5242,     2.6806       
# span 5 =    -0.1215,     1.6140       
# span 6 =     0.0543,     0.2589       
# span 7 =     -1.128,      1.217       
# span 8 = 1.0000e-12, 1.0000e-12       
# span 9 =    4.47875,    5.39837       
# span 10 =    6.40058,    7.71480      
# span 11 =     0.0490,     3.7597      
# span 12 =     0.0700,     5.3729      
# span 13 =      2.133,    163.911      
# span 14 =    23.7374,    26.4585      
# span 15 =    23.7374,    26.4259      
# span 16 =      0.000,    900.882      
# span 17 =    17.1084,    27.6633      
# span 18 =    36.2634,    36.8892      
# span 19 = -2.137e-08, 5.3961e-05      
# span 20 =       -2.1,     5396.1      
# span 21 = -2.091e-07, 5.2784e-04      
# span 22 =      -0.26,      13.16      
# span 23 = 0.0000e+00, 0.0000e+00      
# interval = decibars: 1                
# start_time = Nov 06 2014 18:57:38 [System UpLoad Time]
# bad_flag = -9.990e-29
*END*
[from data line 61]
     62.000     61.639    24.4279   5.496523     2.2063     0.1949     0.0888      0.870 1.0000e-12    4.72234    6.74869     3.1430     4.4917    136.954    24.9227    24.9186     61.639    24.4146    36.8559 7.5432e-06      754.3 7.3788e-05       4.92 0.0000e+00
     63.000     62.633    24.4267   5.497143     2.2121     0.2021     0.0910      0.871 1.0000e-12    4.72229    6.74862     3.1548     4.5086    137.469    24.9271    24.9230     62.633    24.4132    36.8612 8.9147e-06      891.5 8.7204e-05       5.35 0.0000e+00
     64.000     63.627    24.4199   5.497107     2.2090     0.1679     0.0895      0.588 1.0000e-12    4.72271    6.74922     3.1397     4.4870    136.810    24.9330    24.9289     63.627    24.4062    36.8662 1.0040e-05     1004.0 9.8215e-05       5.68 0.0000e+00
     65.000     64.621    24.3946   5.494530     2.2040     0.1594     0.0887      0.773 1.0000e-12    4.72473    6.75212     3.1363     4.4821    136.659    24.9415    24.9373     64.621    24.3807    36.8672 1.0897e-05     1089.7 1.0660e-04       5.92 0.0000e+00
     66.000     65.615    24.3457   5.488799     2.2037     0.1656     0.0882      0.850 1.0000e-12    4.72879    6.75792     3.1465     4.4967    137.102    24.9537    24.9495     65.615    24.3316    36.8638 1.1205e-05     1120.5 1.0960e-04       6.00 0.0000e+00
     67.000     66.609    24.2723   5.480227     2.2067     0.1294     0.0843      0.840 1.0000e-12    4.73489    6.76663     3.1589     4.5143    137.638    24.9723    24.9680     66.609    24.2580    36.8591 1.0966e-05     1096.6 1.0727e-04       5.93 0.0000e+00
     68.000     67.603    24.2215   5.475802     2.2109     0.1479     0.0844      0.654 1.0000e-12    4.73881    6.77224     3.1746     4.5368    138.322    24.9937    24.9893     67.603    24.2070    36.8671 1.0558e-05     1055.8 1.0328e-04       5.82 0.0000e+00
     69.000     68.598    24.2023   5.474295     2.2131     0.0927     0.0774      0.449 1.0000e-12    4.74027    6.77432     3.1698     4.5299    138.109    25.0026    24.9982     68.597    24.1876    36.8712 9.6038e-06      960.4 9.3945e-05       5.55 0.0000e+00
     70.000     69.591    24.1862   5.473173     2.2110     0.0906     0.0764      0.842 1.0000e-12    4.74146    6.77602     3.1718     4.5328    138.194    25.0109    25.0064     69.591    24.1713    36.8756 8.4035e-06      840.3 8.2203e-05       5.19 0.0000e+00
     71.000     70.585    24.1741   5.472025     2.2112     0.0875     0.0758      1.096 1.0000e-12    4.74242    6.77740     3.1684     4.5279    138.047    25.0153    25.0107     70.585    24.1590    36.8766 8.2159e-06      821.6 8.0368e-05       5.14 0.0000e+00
     72.000     71.579    24.1642   5.471118     2.2042     0.0914     0.0765      1.055 1.0000e-12    4.74321    6.77852     3.1547     4.5084    137.451    25.0190    25.0144     71.579    24.1489    36.8775 8.9906e-06      899.1 8.7946e-05       5.37 0.0000e+00
     73.000     72.573    24.1568   5.470464     2.2022     0.1002     0.0759      0.798 1.0000e-12    4.74379    6.77935     3.1532     4.5062    137.384    25.0219    25.0172     72.573    24.1413    36.8783 1.0056e-05     1005.6 9.8366e-05       5.68 0.0000e+00
     74.000     73.567    24.1506   5.469901     2.1882     0.0955     0.0747      0.600 1.0000e-12    4.74428    6.78006     3.1123     4.4478    135.603    25.0242    25.0195     73.567    24.1348    36.8788 1.2305e-05     1230.5 1.2036e-04       6.29 0.0000e+00
     75.000     74.561    24.1274   5.467389     2.1699     0.0864     0.0797      0.713 1.0000e-12    4.74619    6.78278     3.0785     4.3995    134.129    25.0310    25.0263     74.561    24.1114    36.8786 1.4829e-05     1482.9 1.4506e-04       6.90 0.0000e+00
     76.000     75.555    24.0104   5.454232     2.1485     0.0677     0.0726      0.809 1.0000e-12    4.75588    6.79663     3.0246     4.3225    131.776    25.0633    25.0585     75.555    23.9943    36.8749 1.7336e-05     1733.6 1.6958e-04       7.46 0.0000e+00
     77.000     76.549    23.9304   5.446859     2.1028     0.0682     0.0739      0.840 1.0000e-12    4.76219    6.80564     2.9349     4.1943    127.865    25.0946    25.0898     76.549    23.9141    36.8847 1.8928e-05     1892.8 1.8515e-04       7.80 0.0000e+00
     78.000     77.543    23.8723   5.439709     2.0689     0.0531     0.0759      0.735 1.0000e-12    4.76716    6.81275     2.9123     4.1620    126.877    25.1069    25.1020     77.543    23.8558    36.8780 1.9779e-05     1977.9 1.9348e-04       7.97 0.0000e+00
     79.000     78.538    23.7769   5.429298     2.0587     0.0429     0.0702      0.656 1.0000e-12    4.77506    6.82403     2.9148     4.1656    126.983    25.1348    25.1298     78.537    23.7603    36.8772 1.9569e-05     1956.9 1.9142e-04       7.93 0.0000e+00
     80.000     79.531    23.7053   5.421970     2.0528     0.0476     0.0767      0.626 1.0000e-12    4.78091    6.83240     2.9158     4.1670    127.024    25.1584    25.1534     79.531    23.6885    36.8803 1.7954e-05     1795.4 1.7563e-04       7.59 0.0000e+00
     81.000     80.525    23.6339   5.414201     2.0519     0.0464     0.0772      0.777 1.0000e-12    4.78685    6.84088     2.9208     4.1741    127.240    25.1792    25.1742     80.525    23.6169    36.8798 1.5572e-05     1557.2 1.5232e-04       7.07 0.0000e+00
     82.000     81.519    23.6017   5.410426     2.0496     0.0507     0.0801      1.022 1.0000e-12    4.78960    6.84481     2.9185     4.1708    127.138    25.1869    25.1818     81.519    23.5845    36.8773 1.4164e-05     1416.4 1.3855e-04       6.74 0.0000e+00
     83.000     82.513    23.5551   5.405316     2.0495     0.0587     0.0787      0.936 1.0000e-12    4.79350    6.85039     2.9261     4.1816    127.466    25.2001    25.1950     82.513    23.5377    36.8765 1.3100e-05     1310.0 1.2814e-04       6.49 0.0000e+00
     84.000     83.507    23.5333   5.403415     2.0484     0.0409     0.0771      0.631 1.0000e-12    4.79522    6.85285     2.9211     4.1744    127.246    25.2090    25.2038     83.507    23.5157    36.8798 1.1638e-05     1163.8 1.1384e-04       6.11 0.0000e+00
     85.000     84.501    23.5232   5.402413     2.0458     0.0576     0.0770      0.755 1.0000e-12    4.79606    6.85405     2.9234     4.1779    127.349    25.2123    25.2071     84.501    23.5054    36.8801 1.0667e-05     1066.7 1.0434e-04       5.85 0.0000e+00
     86.000     85.495    23.4793   5.397593     2.0507     0.0402     0.0747      0.618 1.0000e-12    4.79975    6.85932     2.9357     4.1955    127.884    25.2247    25.2194     85.495    23.4613    36.8793 9.9843e-06      998.4 9.7666e-05       5.66 0.0000e+00
     87.000     86.489    23.4257   5.392859     2.0457     0.0409     0.0747      0.773 1.0000e-12    4.80401    6.86541     2.9222     4.1762    127.294    25.2466    25.2412     86.489    23.4076    36.8873 9.6754e-06      967.5 9.4646e-05       5.57 0.0000e+00
     88.000     87.482    23.4035   5.390532     2.0434     0.0389     0.0742      0.745 1.0000e-12    4.80586    6.86805     2.9292     4.1861    127.594    25.2534    25.2480     87.483    23.3852    36.8875 9.1326e-06      913.3 8.9336e-05       5.42 0.0000e+00
     89.000     88.476    23.3759   5.387570     2.0463     0.0324     0.0757      0.671 1.0000e-12    4.80817    6.87136     2.9375     4.1979    127.955    25.2614    25.2560     88.476    23.3574    36.8874 8.5747e-06      857.5 8.3878e-05       5.25 0.0000e+00
     90.000     89.470    23.3494   5.384849     2.0464     0.0410     0.0751      0.871 1.0000e-12    4.81038    6.87451     2.9388     4.1998    128.010    25.2699    25.2644     89.470    23.3307    36.8883 7.8182e-06      781.8 7.6478e-05       5.01 0.0000e+00
     91.000     90.465    23.3299   5.382666     2.0489     0.0290     0.0763      0.849 1.0000e-12    4.81204    6.87689     2.9484     4.2136    128.432    25.2750    25.2695     90.464    23.3110    36.8874 6.5295e-06      653.0 6.3872e-05       4.58 0.0000e+00
     92.000     91.458    23.3080   5.380383     2.0494     0.0242     0.0925      0.711 1.0000e-12    4.81387    6.87950     2.9390     4.2002    128.020    25.2817    25.2761     91.458    23.2889    36.8877 5.2926e-06      529.3 5.1772e-05       4.12 0.0000e+00
     93.000     92.452    23.2896   5.378542     2.0381     0.0187     0.0747      0.679 1.0000e-12    4.81539    6.88167     2.9181     4.1702    127.108    25.2878    25.2822     92.452    23.2703    36.8885 5.1171e-06      511.7 5.0056e-05       4.05 0.0000e+00
     94.000     93.446    23.2762   5.377134     2.0373     0.0359     0.0752      0.801 1.0000e-12    4.81652    6.88329     2.9284     4.1850    127.557    25.2918    25.2861     93.446    23.2567    36.8885 5.3145e-06      531.4 5.1987e-05       4.13 0.0000e+00
     95.000     94.440    23.2660   5.376086     2.0381     0.0208     0.0752      0.619 1.0000e-12    4.81737    6.88451     2.9277     4.1840    127.525    25.2949    25.2892     94.440    23.2463    36.8886 5.4925e-06      549.3 5.3728e-05       4.20 0.0000e+00
     96.000     95.434    23.2631   5.375889     2.0317     0.0187     0.0726      0.741 1.0000e-12    4.81760    6.88483     2.9018     4.1469    126.397    25.2963    25.2904     95.434    23.2432    36.8892 5.6212e-06      562.1 5.4986e-05       4.25 0.0000e+00
     97.000     96.427    23.2419   5.373099     2.0169     0.0321     0.0718      0.858 1.0000e-12    4.81951    6.88756     2.8728     4.1055    125.134    25.2994    25.2935     96.428    23.2218    36.8850 5.8647e-06      586.5 5.7369e-05       4.34 0.0000e+00
     98.000     97.421    23.1830   5.365940     2.0081     0.0099     0.0712      0.649 1.0000e-12    4.82465    6.89490     2.8760     4.1101    125.273    25.3118    25.3058     97.421    23.1627    36.8786 6.0760e-06      607.6 5.9435e-05       4.42 0.0000e+00
     99.000     98.416    23.1373   5.361022     2.0054     0.0144     0.0723      0.647 1.0000e-12    4.82851    6.90042     2.8771     4.1117    125.318    25.3251    25.3191     98.415    23.1168    36.8785 6.4828e-06      648.3 6.3415e-05       4.56 0.0000e+00
    100.000     99.410    23.1275   5.360229     2.0066     0.0188     0.0708      0.903 1.0000e-12    4.82929    6.90153     2.8868     4.1255    125.740    25.3293    25.3233     99.409    23.1068    36.8802 7.1135e-06      711.4 6.9585e-05       4.78 0.0000e+00
    101.000    100.403    23.1221   5.359790     2.0098     0.0107     0.0708      0.777 1.0000e-12    4.82972    6.90215     2.8907     4.1310    125.907    25.3315    25.3254    100.403    23.1012    36.8810 7.4369e-06      743.7 7.2748e-05       4.89 0.0000e+00
    102.000    101.397    23.0971   5.357374     2.0084     0.0143     0.0711      0.719 1.0000e-12    4.83179    6.90511     2.8833     4.1205    125.586    25.3403    25.3342    101.397    23.0760    36.8829 7.6330e-06      763.3 7.4666e-05       4.95 0.0000e+00
    103.000    102.391    23.0782   5.355150     2.0017     0.0165     0.0712      0.768 1.0000e-12    4.83343    6.90746     2.8658     4.0956    124.825    25.3446    25.3384    102.391    23.0570    36.8812 8.5922e-06      859.2 8.4049e-05       5.25 0.0000e+00
    104.000    103.385    23.0407   5.350922     1.9921     0.0132     0.0705      0.758 1.0000e-12    4.83666    6.91207     2.8489     4.0714    124.087    25.3542    25.3480    103.384    23.0193    36.8795 1.0197e-05     1019.7 9.9746e-05       5.72 0.0000e+00
    105.000    104.379    22.9886   5.345048     1.9762     0.0160     0.0694      0.571 1.0000e-12    4.84114    6.91847     2.8139     4.0213    122.559    25.3678    25.3615    104.378    22.9670    36.8773 1.3141e-05     1314.1 1.2854e-04       6.50 0.0000e+00
    106.000    105.372    22.9655   5.342224     1.9585     0.0091     0.0676      0.673 1.0000e-12    4.84318    6.92139     2.7828     3.9769    121.204    25.3723    25.3660    105.372    22.9437    36.8744 1.8833e-05     1883.3 1.8423e-04       7.78 0.0000e+00
    107.000    106.366    22.9050   5.334611     1.9443     0.0110     0.0678      0.734 1.0000e-12    4.84858    6.92910     2.7542     3.9361    119.959    25.3833    25.3770    106.366    22.8830    36.8657 2.3658e-05     2365.8 2.3143e-04       8.72 0.0000e+00
    108.000    107.360    22.7773   5.319835     1.9204     0.0178     0.0672      0.870 1.0000e-12    4.85970    6.94500     2.7026     3.8624    117.709    25.4142    25.4078    107.360    22.7552    36.8576 2.7375e-05     2737.5 2.6778e-04       9.38 0.0000e+00
    109.000    108.353    22.6887   5.309789     1.8951     0.0138     0.0668      0.861 1.0000e-12    4.86741    6.95602     2.6662     3.8103    116.118    25.4367    25.4303    108.354    22.6665    36.8535 3.1072e-05     3107.2 3.0394e-04       9.99 0.0000e+00
    110.000    109.347    22.5117   5.288753     1.8712     0.0188     0.0665      0.748 1.0000e-12    4.88309    6.97842     2.6388     3.7710    114.919    25.4757    25.4693    109.347    22.4894    36.8378 3.3736e-05     3373.6 3.3001e-04      10.41 0.0000e+00
    111.000    110.341    22.1907   5.253477     1.8492     0.0017     0.0671      0.681 1.0000e-12    4.91112    7.01847     2.6141     3.7357    113.834    25.5627    25.5563    110.341    22.1684    36.8317 3.4665e-05     3466.5 3.3909e-04      10.55 0.0000e+00
    112.000    111.335    22.1144   5.245749     1.8276     0.0114     0.0663      0.809 1.0000e-12    4.91769    7.02786     2.5797     3.6867    112.336    25.5870    25.5806    111.335    22.0920    36.8351 3.3179e-05     3317.9 3.2456e-04      10.32 0.0000e+00
    113.000    112.329    22.0190   5.233595     1.8105     0.0099     0.0657      0.869 1.0000e-12    4.92649    7.04044     2.5601     3.6586    111.480    25.6023    25.5959    112.329    21.9965    36.8197 2.9615e-05     2961.5 2.8970e-04       9.75 0.0000e+00
    114.000    113.322    21.8356   5.213130     1.7932     0.0037     0.0649      0.618 1.0000e-12    4.94282    7.06379     2.5476     3.6407    110.929    25.6490    25.6427    113.323    21.8130    36.8132 2.5515e-05     2551.5 2.4959e-04       9.05 0.0000e+00
    115.000    114.316    21.7445   5.203468     1.7828    -0.0059     0.0687      0.515 1.0000e-12    4.95086    7.07528     2.5413     3.6317    110.652    25.6750    25.6686    114.316    21.7218    36.8137 2.0860e-05     2086.0 2.0406e-04       8.18 0.0000e+00
    116.000    115.309    21.7173   5.200806     1.7799    -0.0028     0.0680      0.821 1.0000e-12    4.95323    7.07866     2.5404     3.6305    110.614    25.6840    25.6775    115.310    21.6944    36.8153 1.6471e-05     1647.1 1.6112e-04       7.27 0.0000e+00
    117.000    116.303    21.7021   5.199146     1.7767    -0.0037     0.0679      0.927 1.0000e-12    4.95459    7.08061     2.5358     3.6240    110.414    25.6878    25.6814    116.304    21.6790    36.8147 1.4956e-05     1495.6 1.4630e-04       6.93 0.0000e+00
    118.000    117.298    21.6874   5.197537     1.7715    -0.0016     0.0683      0.624 1.0000e-12    4.95592    7.08250     2.5210     3.6028    109.768    25.6915    25.6850    117.298    21.6641    36.8141 1.3870e-05     1387.0 1.3568e-04       6.67 0.0000e+00
    119.000    118.291    21.6371   5.191997     1.7636    -0.0004     0.0680      0.730 1.0000e-12    4.96043    7.08895     2.5095     3.5863    109.265    25.7045    25.6979    118.291    21.6136    36.8125 1.2739e-05     1273.9 1.2461e-04       6.40 0.0000e+00
    120.000    119.285    21.5648   5.184104     1.7562     0.0009     0.0683      0.725 1.0000e-12    4.96691    7.09822     2.4947     3.5652    108.619    25.7235    25.7169    119.285    21.5412    36.8110 1.2811e-05     1281.1 1.2532e-04       6.41 0.0000e+00
