CTD_data/C216_3_2_a.cnv
* Sea-Bird SBE 25 Data File:
* FileName = C:\CTD_Data\C216_3\C216_3_2_a.hex
* Software Version Seasave V 7.19
* Temperature SN = 4430
* Conductivity SN = 3138
* System UpLoad Time = Nov 10 2014 20:09:53
** Ship:
** Station:
** Operator:
** Latitude:
** Longitude:
# nquan = 24                                
# nvalues = 68                          
# units = specified
# name 0 = prSM: Pressure, Strain Gauge [db]
# name 1 = depSM: Depth [salt water, m], lat = 10.50
# name 2 = t090C: Temperature [ITS-90, deg C]
# name 3 = c0S/m: Conductivity [S/m]
# name 4 = sbeox0V: Oxygen raw, SBE 43 [V]
# name 5 = flECO-AFL: Fluorescence, WET Labs ECO-AFL/FL [mg/m^3]
# name 6 = bat: Beam Attenuation, Chelsea/Seatech [1/m]
# name 7 = dz/dtM: Descent Rate [m/s]
# name 8 = par: PAR/Irradiance, Biospherical/Licor
# name 9 = oxsatML/L: Oxygen Saturation, Weiss [ml/l]
# name 10 = oxsatMg/L: Oxygen Saturation, Weiss [mg/l]
# name 11 = sbeox0ML/L: Oxygen, SBE 43 [ml/l], WS = 2
# name 12 = sbeox0Mg/L: Oxygen, SBE 43 [mg/l], WS = 2
# name 13 = sbeox0Mm/Kg: Oxygen, SBE 43 [umol/kg], WS = 2
# name 14 = sigma-é00: Density [sigma-theta, kg/m^3]
# name 15 = sigma-t00: Density [sigma-t, kg/m^3 ]
# name 16 = depSM: Depth [salt water, m], lat = 10.5
# name 17 = potemp090C: Potential Temperature [ITS-90, deg C]
# name 18 = sal00: Salinity, Practical [PSU]
# name 19 = E: stability, E [rad^2/m]
# name 20 = E10^-8: stability, E [10^-8 rad^2/m]
# name 21 = N^2: buoyancy frequency, N^2 [rad^2/s^2]
# name 22 = N: buoyancy frequency, N [cycles/h]
# name 23 = flag: flag
# span 0 =      0.000,     67.000       
# span 1 =     -0.000,     66.609       
# span 2 =    24.3861,    27.6007       
# span 3 =   5.499502,   5.810138       
# span 4 =     2.2053,     2.6738       
# span 5 =     0.0093,     0.5632       
# span 6 =     0.1518,     0.2969       
# span 7 =     -1.492,      0.032       
# span 8 = 1.0000e-12, 1.0000e-12       
# span 9 =    4.48359,    4.72423       
# span 10 =    6.40750,    6.75140      
# span 11 =     3.1316,     3.7022      
# span 12 =     4.4753,     5.2908      
# span 13 =    136.448,    161.436      
# span 14 =    23.7454,    24.9775      
# span 15 =    23.7451,    24.9732      
# span 16 =      0.000,     66.609      
# span 17 =    24.3717,    27.6007      
# span 18 =    36.6064,    36.9371      
# span 19 = 4.1452e-06, 7.1238e-05      
# span 20 =      414.5,     7123.8      
# span 21 = 4.0548e-05, 6.9685e-04      
# span 22 =       3.65,      15.12      
# span 23 = 0.0000e+00, 0.0000e+00      
# interval = decibars: 1                
# start_time = Nov 10 2014 20:09:53 [System UpLoad Time]
# bad_flag = -9.990e-29
*END*
     67.000     66.609    24.3861   5.499502     2.2136     0.1572     0.2301      0.032 1.0000e-12    4.72423    6.75140     3.1561     4.5104    137.517    24.9775    24.9732     66.609    24.3717    36.9112 -9.990e-29 -9.990e-29 -9.990e-29 -9.990e-29 0.0000e+00
     66.000     65.615    24.3954   5.500884     2.2053     0.1766     0.2285     -0.619 1.0000e-12    4.72340    6.75021     3.1316     4.4753    136.448    24.9770    24.9727     65.615    24.3812    36.9143 -9.990e-29 -9.990e-29 -9.990e-29 -9.990e-29 0.0000e+00
     65.000     64.622    24.4179   5.504313     2.2218     0.1786     0.2264     -0.290 1.0000e-12    4.72136    6.74730     3.1777     4.5413    138.460    24.9760    24.9718     64.621    24.4039    36.9220 -9.990e-29 -9.990e-29 -9.990e-29 -9.990e-29 0.0000e+00
     64.000     63.627    24.4290   5.505826     2.2325     0.1733     0.2278     -0.653 1.0000e-12    4.72040    6.74592     3.1933     4.5635    139.136    24.9746    24.9704     63.627    24.4153    36.9247 -9.990e-29 -9.990e-29 -9.990e-29 -9.990e-29 0.0000e+00
     63.000     62.633    24.4391   5.507154     2.2380     0.1797     0.2268     -1.067 1.0000e-12    4.71952    6.74467     3.2049     4.5802    139.645    24.9730    24.9689     62.633    24.4256    36.9267 -9.990e-29 -9.990e-29 -9.990e-29 -9.990e-29 0.0000e+00
     62.000     61.639    24.4458   5.508056     2.2447     0.2339     0.2264     -0.599 1.0000e-12    4.71894    6.74383     3.2175     4.5982    140.195    24.9721    24.9681     61.639    24.4325    36.9283 5.0055e-06      500.5 4.8964e-05       4.01 0.0000e+00
     61.000     60.645    24.4783   5.512479     2.2628     0.2291     0.2263     -0.453 1.0000e-12    4.71612    6.73981     3.2637     4.6642    142.207    24.9675    24.9636     60.645    24.4652    36.9353 6.3659e-06      636.6 6.2271e-05       4.52 0.0000e+00
     60.000     59.651    24.5113   5.516114     2.2828     0.2575     0.2295     -0.775 1.0000e-12    4.71344    6.73597     3.2886     4.6997    143.293    24.9579    24.9540     59.651    24.4984    36.9359 7.3774e-06      737.7 7.2166e-05       4.87 0.0000e+00
     59.000     58.657    24.5531   5.520558     2.2961     0.3151     0.2357     -0.499 1.0000e-12    4.71007    6.73117     3.3062     4.7249    144.061    24.9448    24.9409     58.657    24.5404    36.9353 8.3362e-06      833.6 8.1545e-05       5.17 0.0000e+00
     58.000     57.663    24.5963   5.525262     2.3170     0.2993     0.2410     -0.488 1.0000e-12    4.70659    6.72619     3.3497     4.7871    145.961    24.9318    24.9280     57.663    24.5838    36.9356 8.9859e-06      898.6 8.7900e-05       5.37 0.0000e+00
     57.000     56.669    24.6124   5.527184     2.3267     0.3479     0.2409     -0.805 1.0000e-12    4.70525    6.72427     3.3429     4.7773    145.661    24.9280    24.9243     56.669    24.6001    36.9371 9.4809e-06      948.1 9.2742e-05       5.52 0.0000e+00
     56.000     55.675    24.6608   5.532293     2.3217     0.3445     0.2472     -0.597 1.0000e-12    4.70139    6.71875     3.3252     4.7521    144.894    24.9125    24.9089     55.675    24.6487    36.9361 9.3074e-06      930.7 9.1045e-05       5.47 0.0000e+00
     55.000     54.681    24.6682   5.532652     2.3189     0.3569     0.2479     -0.486 1.0000e-12    4.70087    6.71802     3.3152     4.7377    144.458    24.9079    24.9043     54.681    24.6563    36.9331 8.8245e-06      882.4 8.6321e-05       5.32 0.0000e+00
     54.000     53.687    24.6886   5.533932     2.3060     0.3360     0.2497     -0.567 1.0000e-12    4.69942    6.71594     3.2843     4.6936    143.115    24.8965    24.8929     53.687    24.6769    36.9263 8.0992e-06      809.9 7.9226e-05       5.10 0.0000e+00
     53.000     52.692    24.7065   5.535531     2.3028     0.3605     0.2490     -0.729 1.0000e-12    4.69805    6.71398     3.2853     4.6950    143.158    24.8892    24.8857     52.693    24.6950    36.9239 7.3734e-06      737.3 7.2127e-05       4.87 0.0000e+00
     52.000     51.698    24.7216   5.535892     2.2938     0.3575     0.2525     -0.199 1.0000e-12    4.69709    6.71261     3.2636     4.6641    142.216    24.8775    24.8740     51.699    24.7103    36.9146 6.7354e-06      673.5 6.5886e-05       4.65 0.0000e+00
     51.000     50.705    24.7160   5.534408     2.2961     0.3842     0.2545     -0.986 1.0000e-12    4.69770    6.71348     3.2835     4.6925    143.082    24.8744    24.8710     50.705    24.7050    36.9084 5.8753e-06      587.5 5.7472e-05       4.34 0.0000e+00
     50.000     49.710    24.7315   5.535670     2.3010     0.4087     0.2590     -0.307 1.0000e-12    4.69653    6.71182     3.2732     4.6776    142.632    24.8674    24.8641     49.711    24.7207    36.9054 5.6179e-06      561.8 5.4954e-05       4.25 0.0000e+00
     49.000     48.716    24.7349   5.535651     2.2945     0.3993     0.2569     -0.717 1.0000e-12    4.69633    6.71152     3.2732     4.6777    142.634    24.8643    24.8611     48.716    24.7243    36.9028 5.0838e-06      508.4 4.9730e-05       4.04 0.0000e+00
     48.000     47.723    24.7380   5.535604     2.3059     0.4367     0.2598     -0.698 1.0000e-12    4.69615    6.71127     3.2946     4.7083    143.567    24.8614    24.8582     47.722    24.7276    36.9003 4.5971e-06      459.7 4.4969e-05       3.84 0.0000e+00
     47.000     46.728    24.7428   5.535804     2.3221     0.4450     0.2623     -0.747 1.0000e-12    4.69582    6.71080     3.3206     4.7454    144.700    24.8583    24.8552     46.728    24.7326    36.8982 4.1452e-06      414.5 4.0548e-05       3.65 0.0000e+00
     46.000     45.734    24.7658   5.538626     2.3298     0.4616     0.2624     -0.941 1.0000e-12    4.69391    6.70806     3.3306     4.7597    145.137    24.8532    24.8502     45.734    24.7558    36.9008 4.1764e-06      417.6 4.0854e-05       3.66 0.0000e+00
     45.000     44.740    24.7831   5.539668     2.3306     0.4697     0.2675     -1.077 1.0000e-12    4.69269    6.70632     3.3423     4.7765    145.651    24.8433    24.8403     44.740    24.7733    36.8948 4.1588e-06      415.9 4.0681e-05       3.65 0.0000e+00
     44.000     43.746    24.7866   5.539829     2.3448     0.5049     0.2705     -1.080 1.0000e-12    4.69244    6.70597     3.3736     4.8211    147.011    24.8412    24.8383     43.746    24.7771    36.8935 4.3335e-06      433.3 4.2390e-05       3.73 0.0000e+00
     43.000     42.752    24.7947   5.540987     2.3535     0.4651     0.2737     -0.724 1.0000e-12    4.69173    6.70495     3.3699     4.8160    146.853    24.8405    24.8376     42.752    24.7854    36.8959 4.5202e-06      452.0 4.4216e-05       3.81 0.0000e+00
     42.000     41.758    24.8156   5.543803     2.3487     0.4609     0.2729     -0.915 1.0000e-12    4.68994    6.70239     3.3603     4.8022    146.434    24.8373    24.8345     41.758    24.8065    36.9002 4.7740e-06      477.4 4.6699e-05       3.92 0.0000e+00
     41.000     40.763    24.8333   5.545378     2.3532     0.4735     0.2736     -1.492 1.0000e-12    4.68859    6.70046     3.3809     4.8317    147.334    24.8301    24.8273     40.764    24.8244    36.8979 5.3302e-06      533.0 5.2140e-05       4.14 0.0000e+00
     40.000     39.770    24.8337   5.544586     2.3751     0.5632     0.2775     -0.961 1.0000e-12    4.68872    6.70065     3.4313     4.9037    149.530    24.8254    24.8227     39.769    24.8250    36.8919 6.0889e-06      608.9 5.9562e-05       4.42 0.0000e+00
     39.000     38.775    24.8496   5.546137     2.4034     0.5613     0.2811     -0.305 1.0000e-12    4.68748    6.69887     3.4845     4.9798    151.852    24.8197    24.8171     38.775    24.8411    36.8909 7.2272e-06      722.7 7.0697e-05       4.82 0.0000e+00
     38.000     37.782    24.8781   5.549675     2.4190     0.5498     0.2825     -1.018 1.0000e-12    4.68510    6.69548     3.5058     5.0102    152.779    24.8135    24.8110     37.781    24.8698    36.8944 8.7894e-06      878.9 8.5978e-05       5.31 0.0000e+00
     37.000     36.787    24.9108   5.553533     2.4313     0.5627     0.2861     -1.112 1.0000e-12    4.68243    6.69166     3.5109     5.0175    153.003    24.8054    24.8029     36.787    24.9027    36.8969 9.9471e-06      994.7 9.7303e-05       5.65 0.0000e+00
     36.000     35.793    24.9675   5.560252     2.4469     0.5142     0.2891     -0.460 1.0000e-12    4.67780    6.68504     3.5333     5.0494    153.979    24.7912    24.7888     35.793    24.9597    36.9011 1.1275e-05     1127.5 1.1029e-04       6.02 0.0000e+00
     35.000     34.799    24.9998   5.563409     2.4538     0.4457     0.2935     -0.497 1.0000e-12    4.67529    6.68146     3.5372     5.0550    154.151    24.7793    24.7770     34.799    24.9922    36.8986 1.2617e-05     1261.7 1.2342e-04       6.37 0.0000e+00
     34.000     33.805    25.0205   5.564730     2.4668     0.3956     0.2969     -0.922 1.0000e-12    4.67383    6.67937     3.5690     5.1005    155.540    24.7678    24.7656     33.805    25.0131    36.8919 1.3523e-05     1352.3 1.3228e-04       6.59 0.0000e+00
     33.000     32.810    25.0747   5.569657     2.4886     0.3084     0.2872     -0.128 1.0000e-12    4.66972    6.67349     3.5936     5.1356    156.615    24.7457    24.7435     32.810    25.0675    36.8848 1.3921e-05     1392.1 1.3617e-04       6.69 0.0000e+00
     32.000     31.816    25.1176   5.575034     2.4907     0.2991     0.2901     -0.747 1.0000e-12    4.66617    6.66843     3.5876     5.1271    156.355    24.7366    24.7345     31.816    25.1106    36.8902 1.4287e-05     1428.7 1.3975e-04       6.77 0.0000e+00
     31.000     30.822    25.1755   5.580808     2.4939     0.2753     0.2865     -1.002 1.0000e-12    4.66169    6.66202     3.5910     5.1319    156.504    24.7159    24.7138     30.822    25.1687    36.8864 1.4282e-05     1428.2 1.3970e-04       6.77 0.0000e+00
     30.000     29.828    25.2145   5.584335     2.5061     0.2539     0.2837     -0.338 1.0000e-12    4.65874    6.65781     3.6117     5.1614    157.408    24.6999    24.6978     29.828    25.2079    36.8812 1.5295e-05     1529.5 1.4962e-04       7.01 0.0000e+00
     29.000     28.834    25.2507   5.588365     2.5164     0.2182     0.2752     -0.607 1.0000e-12    4.65587    6.65370     3.6224     5.1768    157.880    24.6893    24.6873     28.834    25.2443    36.8820 1.6598e-05     1659.8 1.6236e-04       7.30 0.0000e+00
     28.000     27.839    25.2885   5.592939     2.5189     0.1728     0.2691     -0.925 1.0000e-12    4.65279    6.64930     3.6272     5.1836    158.089    24.6803    24.6784     27.839    25.2823    36.8856 1.7064e-05     1706.4 1.6692e-04       7.40 0.0000e+00
     27.000     26.846    25.3541   5.600163     2.5446     0.1357     0.2509     -0.280 1.0000e-12    4.64761    6.64190     3.6730     5.2491    160.091    24.6604    24.6586     26.845    25.3481    36.8863 1.7976e-05     1797.6 1.7584e-04       7.60 0.0000e+00
     26.000     25.851    25.4186   5.608531     2.5556     0.0786     0.2427     -0.651 1.0000e-12    4.64228    6.63428     3.6771     5.2549    160.268    24.6480    24.6462     25.851    25.4129    36.8963 1.9232e-05     1923.2 1.8813e-04       7.86 0.0000e+00
     25.000     24.857    25.5266   5.619674     2.5640     0.0554     0.2315     -0.674 1.0000e-12    4.63396    6.62239     3.6745     5.2512    160.160    24.6108    24.6091     24.857    25.5211    36.8915 2.1859e-05     2185.9 2.1382e-04       8.38 0.0000e+00
     24.000     23.862    25.5787   5.623188     2.5625     0.0516     0.2239     -0.415 1.0000e-12    4.63030    6.61716     3.6654     5.2383    159.771    24.5825    24.5808     23.863    25.5734    36.8755 2.6232e-05     2623.2 2.5660e-04       9.18 0.0000e+00
     23.000     22.869    25.5910   5.623951     2.5655     0.0474     0.2228     -0.535 1.0000e-12    4.62945    6.61594     3.6711     5.2464    160.021    24.5756    24.5740     22.868    25.5859    36.8715 3.2467e-05     3246.7 3.1759e-04      10.21 0.0000e+00
     22.000     21.874    25.5920   5.620125     2.5623     0.0404     0.2201     -0.431 1.0000e-12    4.63012    6.61691     3.6513     5.2180    159.157    24.5534    24.5519     21.874    25.5871    36.8428 3.7976e-05     3797.6 3.7148e-04      11.04 0.0000e+00
     21.000     20.880    25.5930   5.613982     2.5585     0.0390     0.2197     -0.638 1.0000e-12    4.63125    6.61852     3.6592     5.2294    159.510    24.5183    24.5169     20.880    25.5883    36.7968 4.4044e-05     4404.4 4.3084e-04      11.89 0.0000e+00
     20.000     19.886    25.6134   5.608449     2.5573     0.0242     0.2177     -0.342 1.0000e-12    4.63116    6.61839     3.6541     5.2220    159.292    24.4688    24.4674     19.886    25.6090    36.7398 5.2672e-05     5267.2 5.1523e-04      13.01 0.0000e+00
     19.000     18.891    25.7659   5.621201     2.5716     0.0286     0.2182     -0.624 1.0000e-12    4.62004    6.60250     3.6737     5.2500    160.159    24.3997    24.3983     18.891    25.7617    36.7112 6.1105e-05     6110.5 5.9773e-04      14.01 0.0000e+00
     18.000     17.897    25.9554   5.636579     2.5816     0.0252     0.2194     -0.432 1.0000e-12    4.60637    6.58296     3.6738     5.2502    160.179    24.3109    24.3097     17.897    25.9514    36.6723 6.9086e-05     6908.6 6.7581e-04      14.89 0.0000e+00
     17.000     16.903    26.0640   5.645741     2.5991     0.0170     0.2212     -0.593 1.0000e-12    4.59850    6.57171     3.6937     5.2786    161.051    24.2620    24.2608     16.903    26.0602    36.6528 7.1238e-05     7123.8 6.9685e-04      15.12 0.0000e+00
     16.000     15.909    26.2482   5.663213     2.6127     0.0125     0.2234     -0.551 1.0000e-12    4.58486    6.55223     3.7022     5.2908    161.436    24.1895    24.1884     15.909    26.2446    36.6337 7.0160e-05     7016.0 6.8631e-04      15.01 0.0000e+00
     15.000     14.915    26.6402   5.704018     2.6282     0.0185     0.2237     -0.460 1.0000e-12    4.55541    6.51013     3.6814     5.2611    160.551    24.0539    24.0528     14.914    26.6368    36.6188 6.6645e-05     6664.5 6.5192e-04      14.63 0.0000e+00
     14.000     13.920    26.8566   5.727358     2.6314     0.0136     0.2225     -0.586 1.0000e-12    4.53917    6.48693     3.6632     5.2351    159.768    23.9829    23.9819     13.920    26.8534    36.6165 6.1696e-05     6169.6 6.0351e-04      14.08 0.0000e+00
     13.000     12.926    27.0887   5.751370     2.6466     0.0093     0.2245     -0.320 1.0000e-12    4.52203    6.46243     3.6664     5.2397    159.920    23.9008    23.8998     12.926    27.0857    36.6064 5.5096e-05     5509.6 5.3895e-04      13.30 0.0000e+00
     12.000     11.932    27.0995   5.753355     2.6541     0.0232     0.2242     -0.703 1.0000e-12    4.52107    6.46107     3.6817     5.2615    160.587    23.9018    23.9009     11.932    27.0967    36.6125 4.8038e-05     4803.8 4.6991e-04      12.42 0.0000e+00
     11.000     10.937    27.2094   5.765346     2.6635     0.0145     0.2239     -0.427 1.0000e-12    4.51290    6.44939     3.6804     5.2597    160.535    23.8661    23.8653     10.937    27.2069    36.6123 3.8858e-05     3885.8 3.8011e-04      11.17 0.0000e+00
     10.000      9.943    27.3449   5.780938     2.6687     0.0204     0.2246     -0.583 1.0000e-12    4.50272    6.43484     3.6716     5.2471    160.157    23.8263    23.8255      9.943    27.3426    36.6177 2.9101e-05     2910.1 2.8467e-04       9.67 0.0000e+00
      9.000      8.949    27.4959   5.798097     2.6623     0.0195     0.2259     -0.598 1.0000e-12    4.49146    6.41875     3.6427     5.2057    158.903    23.7805    23.7798      8.949    27.4938    36.6220 2.2661e-05     2266.1 2.2167e-04       8.53 0.0000e+00
      8.000      7.954    27.5436   5.803016     2.6648     0.0174     0.2297     -0.457 1.0000e-12    4.48801    6.41381     3.6481     5.2135    159.144    23.7634    23.7628      7.955    27.5417    36.6200 1.7217e-05     1721.7 1.6842e-04       7.44 0.0000e+00
