CTD_data/C216_3_3.cnv
* Sea-Bird SBE 25 Data File:
* FileName = C:\CTD_Data\C216_3\C216_3_3.hex
* Software Version Seasave V 7.19
* Temperature SN = 4430
* Conductivity SN = 3138
* System UpLoad Time = Nov 11 2014 00:18:23
** Ship: hermano gines
** Station: cariaco
** Operator: luis medina
** Latitude: 10 30.64 N
** Longitude: 64 39.44 W
# nquan = 24                                
# nvalues = 2626                        
# units = specified
# name 0 = prSM: Pressure, Strain Gauge [db]
# name 1 = depSM: Depth [salt water, m], lat = 10.50
# name 2 = t090C: Temperature [ITS-90, deg C]
# name 3 = c0S/m: Conductivity [S/m]
# name 4 = sbeox0V: Oxygen raw, SBE 43 [V]
# name 5 = flECO-AFL: Fluorescence, WET Labs ECO-AFL/FL [mg/m^3]
# name 6 = bat: Beam Attenuation, Chelsea/Seatech [1/m]
# name 7 = dz/dtM: Descent Rate [m/s]
# name 8 = par: PAR/Irradiance, Biospherical/Licor
# name 9 = oxsatML/L: Oxygen Saturation, Weiss [ml/l]
# name 10 = oxsatMg/L: Oxygen Saturation, Weiss [mg/l]
# name 11 = sbeox0ML/L: Oxygen, SBE 43 [ml/l], WS = 2
# name 12 = sbeox0Mg/L: Oxygen, SBE 43 [mg/l], WS = 2
# name 13 = sbeox0Mm/Kg: Oxygen, SBE 43 [umol/kg], WS = 2
# name 14 = sigma-é00: Density [sigma-theta, kg/m^3]
# name 15 = sigma-t00: Density [sigma-t, kg/m^3 ]
# name 16 = depSM: Depth [salt water, m], lat = 10.5
# name 17 = potemp090C: Potential Temperature [ITS-90, deg C]
# name 18 = sal00: Salinity, Practical [PSU]
# name 19 = E: stability, E [rad^2/m]
# name 20 = E10^-8: stability, E [10^-8 rad^2/m]
# name 21 = N^2: buoyancy frequency, N^2 [rad^2/s^2]
# name 22 = N: buoyancy frequency, N [cycles/h]
# name 23 = flag: flag
# span 0 =      0.000,   1313.000       
# span 1 =     -0.000,   1301.454       
# span 2 =    17.2558,    27.4020       
# span 3 =   4.691990,   5.792875       
# span 4 =     0.5242,     2.6806       
# span 5 =    -0.1568,     0.5691       
# span 6 =     0.0270,     0.1861       
# span 7 =     -1.504,      1.393       
# span 8 = 1.0000e-12, 1.0000e-12       
# span 9 =    4.49775,    5.39896       
# span 10 =    6.42773,    7.71565      
# span 11 =     0.0497,     3.7059      
# span 12 =     0.0710,     5.2961      
# span 13 =      2.161,    161.558      
# span 14 =    23.8232,    26.4615      
# span 15 =    23.8231,    26.4277      
# span 16 =      0.000,   1301.452      
# span 17 =    17.0718,    27.4004      
# span 18 =    36.2555,    36.9411      
# span 19 = -6.865e-07, 7.6025e-05      
# span 20 =      -68.6,     7602.5      
# span 21 = -6.715e-06, 7.4368e-04      
# span 22 =      -1.48,      15.62      
# span 23 = 0.0000e+00, 0.0000e+00      
# interval = decibars: 1                
# start_time = Nov 11 2014 00:18:23 [System UpLoad Time]
# bad_flag = -9.990e-29
*END*
[from data line 785]
    786.000    780.066    17.2564   4.695541     0.5249     0.0403     0.1419      0.798 1.0000e-12    5.39887    7.71553     0.0549     0.0785      2.388    26.4569    26.4245    780.066    17.1223    36.2658 1.3217e-08        1.3 1.2929e-07       0.21 0.0000e+00
    787.000    781.057    17.2564   4.695590     0.5251     0.0378     0.1418      0.552 1.0000e-12    5.39887    7.71552     0.0550     0.0786      2.393    26.4570    26.4245    781.057    17.1221    36.2659 1.8882e-08        1.9 1.8470e-07       0.25 0.0000e+00
    788.000    782.048    17.2567   4.695678     0.5250     0.0318     0.1415      0.719 1.0000e-12    5.39883    7.71547     0.0535     0.0765      2.328    26.4570    26.4245    782.047    17.1223    36.2660 2.0233e-08        2.0 1.9792e-07       0.25 0.0000e+00
    789.000    783.038    17.2567   4.695722     0.5249     0.0347     0.1413      0.989 1.0000e-12    5.39883    7.71547     0.0538     0.0769      2.342    26.4571    26.4245    783.038    17.1221    36.2660 2.0915e-08        2.1 2.0459e-07       0.26 0.0000e+00
    790.000    784.028    17.2567   4.695731     0.5250     0.0423     0.1419      0.543 1.0000e-12    5.39884    7.71548     0.0545     0.0778      2.369    26.4569    26.4243    784.028    17.1219    36.2657 2.5001e-08        2.5 2.4456e-07       0.28 0.0000e+00
    791.000    785.019    17.2566   4.695773     0.5246     0.0429     0.1417      0.523 1.0000e-12    5.39885    7.71549     0.0527     0.0752      2.291    26.4570    26.4244    785.019    17.1216    36.2658 9.8506e-09        1.0 9.6358e-08       0.18 0.0000e+00
    792.000    786.010    17.2569   4.695872     0.5248     0.0395     0.1429      0.788 1.0000e-12    5.39881    7.71543     0.0554     0.0792      2.412    26.4571    26.4245    786.010    17.1218    36.2660 1.7048e-09        0.2 1.6676e-08       0.07 0.0000e+00
    793.000    787.000    17.2569   4.695903     0.5251     0.0272     0.1423      0.911 1.0000e-12    5.39881    7.71544     0.0549     0.0784      2.387    26.4571    26.4244    787.000    17.1216    36.2659 5.6366e-10        0.1 5.5137e-09       0.04 0.0000e+00
    794.000    787.990    17.2569   4.695924     0.5251     0.0357     0.1412      0.461 1.0000e-12    5.39882    7.71545     0.0546     0.0780      2.375    26.4570    26.4243    787.991    17.1214    36.2657 -2.574e-09       -0.3 -2.518e-08      -0.09 0.0000e+00
    795.000    788.981    17.2572   4.696016     0.5250     0.0386     0.1417      0.840 1.0000e-12    5.39878    7.71540     0.0540     0.0771      2.348    26.4571    26.4243    788.981    17.1215    36.2659 5.7978e-09        0.6 5.6714e-08       0.14 0.0000e+00
    796.000    789.972    17.2571   4.696009     0.5248     0.0286     0.1420      0.744 1.0000e-12    5.39881    7.71544     0.0545     0.0778      2.369    26.4569    26.4241    789.972    17.1213    36.2655 -4.837e-09       -0.5 -4.731e-08      -0.12 0.0000e+00
    797.000    790.962    17.2571   4.696066     0.5252     0.0384     0.1415      0.634 1.0000e-12    5.39880    7.71543     0.0546     0.0780      2.375    26.4570    26.4242    790.962    17.1211    36.2656 5.7522e-09        0.6 5.6268e-08       0.14 0.0000e+00
    798.000    791.953    17.2571   4.696108     0.5248     0.0360     0.1419      0.502 1.0000e-12    5.39880    7.71542     0.0537     0.0767      2.335    26.4571    26.4242    791.953    17.1209    36.2656 1.4312e-08        1.4 1.4000e-07       0.21 0.0000e+00
    799.000    792.944    17.2576   4.696201     0.5250     0.0352     0.1426      0.578 1.0000e-12    5.39875    7.71535     0.0551     0.0788      2.399    26.4570    26.4240    792.943    17.1213    36.2656 1.8343e-08        1.8 1.7943e-07       0.24 0.0000e+00
    800.000    793.934    17.2573   4.696220     0.5250     0.0428     0.1425      1.138 1.0000e-12    5.39878    7.71540     0.0541     0.0773      2.354    26.4571    26.4241    793.934    17.1208    36.2657 2.0802e-08        2.1 2.0348e-07       0.26 0.0000e+00
    801.000    794.924    17.2573   4.696231     0.5247     0.0404     0.1425      0.272 1.0000e-12    5.39879    7.71541     0.0541     0.0774      2.355    26.4570    26.4239    794.924    17.1206    36.2654 2.5308e-08        2.5 2.4757e-07       0.29 0.0000e+00
    802.000    795.915    17.2568   4.696243     0.5251     0.0330     0.1422      0.724 1.0000e-12    5.39883    7.71547     0.0553     0.0789      2.403    26.4573    26.4242    795.915    17.1199    36.2656 2.4592e-08        2.5 2.4056e-07       0.28 0.0000e+00
    803.000    796.906    17.2566   4.696236     0.5251     0.0400     0.1421      0.833 1.0000e-12    5.39886    7.71551     0.0547     0.0782      2.382    26.4571    26.4240    796.905    17.1196    36.2653 2.3894e-08        2.4 2.3374e-07       0.28 0.0000e+00
    804.000    797.896    17.2564   4.696232     0.5252     0.0443     0.1409      0.532 1.0000e-12    5.39889    7.71555     0.0548     0.0783      2.384    26.4571    26.4239    797.896    17.1192    36.2651 2.6371e-08        2.6 2.5796e-07       0.29 0.0000e+00
    805.000    798.886    17.2565   4.696299     0.5249     0.0421     0.1416      0.621 1.0000e-12    5.39888    7.71554     0.0545     0.0779      2.373    26.4572    26.4240    798.886    17.1191    36.2652 2.3925e-08        2.4 2.3404e-07       0.28 0.0000e+00
    806.000    799.877    17.2563   4.696300     0.5248     0.0396     0.1417      0.823 1.0000e-12    5.39891    7.71558     0.0530     0.0758      2.308    26.4571    26.4239    799.877    17.1187    36.2650 3.0296e-08        3.0 2.9636e-07       0.31 0.0000e+00
    807.000    800.868    17.2558   4.696288     0.5250     0.0342     0.1423      0.801 1.0000e-12    5.39896    7.71565     0.0555     0.0793      2.415    26.4573    26.4240    800.867    17.1181    36.2650 1.7462e-08        1.7 1.7082e-07       0.24 0.0000e+00
    808.000    801.858    17.2559   4.696333     0.5251     0.0390     0.1445      0.394 1.0000e-12    5.39895    7.71564     0.0534     0.0763      2.324    26.4572    26.4239    801.858    17.1180    36.2649 2.1359e-08        2.1 2.0893e-07       0.26 0.0000e+00
    809.000    802.848    17.2558   4.696364     0.5249     0.0436     0.1422      0.729 1.0000e-12    5.39896    7.71565     0.0543     0.0775      2.360    26.4573    26.4239    802.848    17.1177    36.2649 2.0044e-08        2.0 1.9607e-07       0.25 0.0000e+00
    810.000    803.839    17.2561   4.696448     0.5247     0.0427     0.1416      0.661 1.0000e-12    5.39892    7.71560     0.0547     0.0782      2.380    26.4573    26.4239    803.839    17.1178    36.2650 2.1661e-08        2.2 2.1189e-07       0.26 0.0000e+00
    811.000    804.829    17.2561   4.696494     0.5252     0.0463     0.1422      0.998 1.0000e-12    5.39892    7.71560     0.0550     0.0785      2.391    26.4574    26.4239    804.829    17.1177    36.2650 2.2154e-08        2.2 2.1671e-07       0.27 0.0000e+00
    812.000    805.819    17.2563   4.696537     0.5247     0.0346     0.1420      0.445 1.0000e-12    5.39891    7.71558     0.0535     0.0764      2.326    26.4572    26.4237    805.820    17.1177    36.2648 1.4721e-08        1.5 1.4400e-07       0.22 0.0000e+00
    813.000    806.810    17.2566   4.696619     0.5248     0.0353     0.1423      0.632 1.0000e-12    5.39888    7.71553     0.0542     0.0775      2.358    26.4572    26.4237    806.810    17.1178    36.2649 1.0446e-08        1.0 1.0218e-07       0.18 0.0000e+00
    814.000    807.801    17.2566   4.696659     0.5248     0.0295     0.1422      0.984 1.0000e-12    5.39888    7.71554     0.0539     0.0770      2.345    26.4573    26.4237    807.801    17.1176    36.2649 9.5494e-09        1.0 9.3412e-08       0.18 0.0000e+00
    815.000    808.791    17.2567   4.696736     0.5245     0.0135     0.1419      0.511 1.0000e-12    5.39886    7.71551     0.0540     0.0771      2.348    26.4574    26.4238    808.791    17.1176    36.2651 1.2494e-08        1.2 1.2222e-07       0.20 0.0000e+00
    816.000    809.781    17.2568   4.696778     0.5250     0.0359     0.1421      0.831 1.0000e-12    5.39885    7.71550     0.0545     0.0779      2.370    26.4574    26.4237    809.781    17.1175    36.2650 7.9868e-09        0.8 7.8127e-08       0.16 0.0000e+00
    817.000    810.772    17.2569   4.696827     0.5248     0.0361     0.1415      0.346 1.0000e-12    5.39884    7.71549     0.0543     0.0776      2.362    26.4574    26.4237    810.772    17.1174    36.2649 5.9609e-09        0.6 5.8310e-08       0.14 0.0000e+00
    818.000    811.762    17.2574   4.696918     0.5247     0.0272     0.1419      0.820 1.0000e-12    5.39879    7.71541     0.0534     0.0763      2.323    26.4573    26.4235    811.762    17.1177    36.2649 -1.714e-09       -0.2 -1.676e-08      -0.07 0.0000e+00
    819.000    812.752    17.2573   4.696963     0.5248     0.0321     0.1423      1.053 1.0000e-12    5.39880    7.71543     0.0540     0.0772      2.351    26.4574    26.4236    812.753    17.1175    36.2650 -9.391e-09       -0.9 -9.186e-08      -0.17 0.0000e+00
    820.000    813.743    17.2576   4.697052     0.5247     0.0387     0.1418      0.594 1.0000e-12    5.39876    7.71537     0.0548     0.0783      2.384    26.4575    26.4237    813.743    17.1176    36.2651 -1.076e-08       -1.1 -1.052e-07      -0.19 0.0000e+00
    821.000    814.733    17.2579   4.697103     0.5250     0.0408     0.1423      0.766 1.0000e-12    5.39874    7.71534     0.0549     0.0784      2.387    26.4573    26.4234    814.734    17.1177    36.2649 6.1959e-09        0.6 6.0608e-08       0.14 0.0000e+00
    822.000    815.724    17.2581   4.697165     0.5248     0.0394     0.1420      0.159 1.0000e-12    5.39872    7.71531     0.0538     0.0768      2.339    26.4573    26.4234    815.724    17.1177    36.2649 1.7488e-08        1.7 1.7106e-07       0.24 0.0000e+00
    823.000    816.715    17.2584   4.697247     0.5243     0.0364     0.1418      0.860 1.0000e-12    5.39869    7.71526     0.0521     0.0745      2.268    26.4573    26.4234    816.714    17.1179    36.2650 1.8374e-08        1.8 1.7974e-07       0.24 0.0000e+00
    824.000    817.705    17.2584   4.697276     0.5246     0.0403     0.1423      1.373 1.0000e-12    5.39868    7.71526     0.0541     0.0772      2.352    26.4573    26.4233    817.705    17.1177    36.2649 9.3306e-09        0.9 9.1272e-08       0.17 0.0000e+00
    825.000    818.696    17.2582   4.697302     0.5249     0.0356     0.1427      0.271 1.0000e-12    5.39871    7.71529     0.0540     0.0772      2.351    26.4574    26.4233    818.695    17.1173    36.2649 1.1811e-08        1.2 1.1553e-07       0.19 0.0000e+00
    826.000    819.686    17.2584   4.697394     0.5246     0.0424     0.1420      0.758 1.0000e-12    5.39867    7.71525     0.0535     0.0765      2.328    26.4576    26.4235    819.686    17.1174    36.2652 1.5197e-08        1.5 1.4866e-07       0.22 0.0000e+00
    827.000    820.676    17.2584   4.697433     0.5248     0.0436     0.1423      1.018 1.0000e-12    5.39868    7.71525     0.0542     0.0775      2.360    26.4576    26.4235    820.676    17.1172    36.2651 5.7031e-09        0.6 5.5788e-08       0.14 0.0000e+00
    828.000    821.667    17.2585   4.697465     0.5247     0.0324     0.1416      0.705 1.0000e-12    5.39868    7.71525     0.0550     0.0785      2.390    26.4575    26.4233    821.666    17.1171    36.2649 5.4868e-09        0.5 5.3672e-08       0.13 0.0000e+00
    829.000    822.657    17.2588   4.697528     0.5253     0.0361     0.1417      0.659 1.0000e-12    5.39865    7.71521     0.0546     0.0781      2.377    26.4574    26.4232    822.657    17.1172    36.2648 9.5727e-09        1.0 9.3641e-08       0.18 0.0000e+00
    830.000    823.647    17.2589   4.697590     0.5248     0.0392     0.1436      0.747 1.0000e-12    5.39863    7.71519     0.0541     0.0773      2.353    26.4574    26.4232    823.647    17.1172    36.2649 -3.531e-09       -0.4 -3.454e-08      -0.11 0.0000e+00
    831.000    824.637    17.2589   4.697624     0.5248     0.0290     0.1425      0.649 1.0000e-12    5.39864    7.71520     0.0539     0.0770      2.344    26.4574    26.4231    824.638    17.1170    36.2648 1.2229e-09        0.1 1.1963e-08       0.06 0.0000e+00
    832.000    825.628    17.2591   4.697668     0.5249     0.0253     0.1413      0.612 1.0000e-12    5.39862    7.71518     0.0550     0.0787      2.395    26.4573    26.4229    825.628    17.1170    36.2647 9.5952e-09        1.0 9.3861e-08       0.18 0.0000e+00
    833.000    826.618    17.2593   4.697772     0.5249     0.0437     0.1415      0.828 1.0000e-12    5.39859    7.71512     0.0542     0.0775      2.359    26.4575    26.4232    826.618    17.1170    36.2650 2.2482e-08        2.2 2.1992e-07       0.27 0.0000e+00
    834.000    827.608    17.2594   4.697838     0.5250     0.0428     0.1420      1.111 1.0000e-12    5.39858    7.71511     0.0558     0.0798      2.429    26.4576    26.4232    827.609    17.1170    36.2651 2.4065e-08        2.4 2.3540e-07       0.28 0.0000e+00
    835.000    828.599    17.2595   4.697846     0.5244     0.0471     0.1420      0.039 1.0000e-12    5.39858    7.71511     0.0538     0.0769      2.340    26.4574    26.4229    828.599    17.1169    36.2647 1.6388e-08        1.6 1.6030e-07       0.23 0.0000e+00
    836.000    829.589    17.2597   4.697949     0.5253     0.0251     0.1426      0.784 1.0000e-12    5.39854    7.71506     0.0560     0.0801      2.438    26.4576    26.4231    829.589    17.1169    36.2651 1.4351e-08        1.4 1.4038e-07       0.21 0.0000e+00
    837.000    830.579    17.2598   4.697982     0.5248     0.0456     0.1422      1.278 1.0000e-12    5.39854    7.71506     0.0539     0.0770      2.344    26.4575    26.4230    830.580    17.1168    36.2649 8.2392e-09        0.8 8.0596e-08       0.16 0.0000e+00
    838.000    831.570    17.2598   4.698033     0.5250     0.0310     0.1420      0.609 1.0000e-12    5.39854    7.71505     0.0546     0.0781      2.377    26.4576    26.4230    831.570    17.1167    36.2650 9.9973e-10        0.1 9.7794e-09       0.06 0.0000e+00
    839.000    832.560    17.2600   4.698089     0.5246     0.0364     0.1418      0.446 1.0000e-12    5.39852    7.71502     0.0540     0.0772      2.349    26.4575    26.4229    832.560    17.1167    36.2649 3.9385e-09        0.4 3.8526e-08       0.11 0.0000e+00
    840.000    833.550    17.2604   4.698174     0.5251     0.0362     0.1421      0.965 1.0000e-12    5.39848    7.71497     0.0550     0.0786      2.393    26.4575    26.4228    833.551    17.1169    36.2649 9.8087e-09        1.0 9.5949e-08       0.18 0.0000e+00
    841.000    834.541    17.2601   4.698172     0.5248     0.0398     0.1427      1.108 1.0000e-12    5.39851    7.71502     0.0540     0.0772      2.350    26.4575    26.4228    834.541    17.1164    36.2648 2.7915e-09        0.3 2.7307e-08       0.09 0.0000e+00
    842.000    835.531    17.2601   4.698203     0.5249     0.0411     0.1408      0.288 1.0000e-12    5.39852    7.71502     0.0548     0.0784      2.386    26.4575    26.4227    835.531    17.1163    36.2647 1.2282e-08        1.2 1.2014e-07       0.20 0.0000e+00
    843.000    836.521    17.2602   4.698264     0.5251     0.0513     0.1418      0.560 1.0000e-12    5.39850    7.71500     0.0552     0.0788      2.400    26.4575    26.4227    836.522    17.1162    36.2648 4.8182e-09        0.5 4.7132e-08       0.12 0.0000e+00
    844.000    837.512    17.2603   4.698321     0.5249     0.0429     0.1427      0.959 1.0000e-12    5.39849    7.71499     0.0547     0.0781      2.378    26.4576    26.4227    837.512    17.1161    36.2648 1.7256e-08        1.7 1.6879e-07       0.24 0.0000e+00
    845.000    838.502    17.2600   4.698308     0.5252     0.0307     0.1423      0.834 1.0000e-12    5.39853    7.71504     0.0552     0.0789      2.402    26.4575    26.4227    838.502    17.1156    36.2646 2.1326e-08        2.1 2.0861e-07       0.26 0.0000e+00
