CTD_data/C216_3_1.cnv
* Sea-Bird SBE 25 Data File:
* FileName = C:\CTD_Data\C216_3\C216_3_1.hex
* Software Version Seasave V 7.19
* Temperature SN = 4430
* Conductivity SN = 3138
* System UpLoad Time = Nov 10 2014 14:50:23
** Ship: hermano gines
** Station: cariaco
** Operator: luis medina
** Latitude: 10 29.98 N
** Longitude: 64 40.07 W
# nquan = 24                                
# nvalues = 808                         
# units = specified
# name 0 = prSM: Pressure, Strain Gauge [db]
# name 1 = depSM: Depth [salt water, m], lat = 10.50
# name 2 = t090C: Temperature [ITS-90, deg C]
# name 3 = c0S/m: Conductivity [S/m]
# name 4 = sbeox0V: Oxygen raw, SBE 43 [V]
# name 5 = flECO-AFL: Fluorescence, WET Labs ECO-AFL/FL [mg/m^3]
# name 6 = bat: Beam Attenuation, Chelsea/Seatech [1/m]
# name 7 = dz/dtM: Descent Rate [m/s]
# name 8 = par: PAR/Irradiance, Biospherical/Licor
# name 9 = oxsatML/L: Oxygen Saturation, Weiss [ml/l]
# name 10 = oxsatMg/L: Oxygen Saturation, Weiss [mg/l]
# name 11 = sbeox0ML/L: Oxygen, SBE 43 [ml/l], WS = 2
# name 12 = sbeox0Mg/L: Oxygen, SBE 43 [mg/l], WS = 2
# name 13 = sbeox0Mm/Kg: Oxygen, SBE 43 [umol/kg], WS = 2
# name 14 = sigma-é00: Density [sigma-theta, kg/m^3]
# name 15 = sigma-t00: Density [sigma-t, kg/m^3 ]
# name 16 = depSM: Depth [salt water, m], lat = 10.5
# name 17 = potemp090C: Potential Temperature [ITS-90, deg C]
# name 18 = sal00: Salinity, Practical [PSU]
# name 19 = E: stability, E [rad^2/m]
# name 20 = E10^-8: stability, E [10^-8 rad^2/m]
# name 21 = N^2: buoyancy frequency, N^2 [rad^2/s^2]
# name 22 = N: buoyancy frequency, N [cycles/h]
# name 23 = flag: flag
# span 0 =      0.000,    404.000       
# span 1 =      0.000,    401.318       
# span 2 =    17.4828,    27.9045       
# span 3 =   4.708488,   5.845296       
# span 4 =     0.5242,     2.7000       
# span 5 =    -0.0298,     0.5057       
# span 6 =     0.0314,     0.1764       
# span 7 =     -1.457,      1.492       
# span 8 = 1.0000e-12, 1.0000e-12       
# span 9 =    4.46110,    5.37360       
# span 10 =    6.37537,    7.67942      
# span 11 =     0.0481,     3.7981      
# span 12 =     0.0688,     5.4278      
# span 13 =      2.093,    165.608      
# span 14 =    23.6428,    26.4288      
# span 15 =    23.6427,    26.4120      
# span 16 =      0.000,    401.318      
# span 17 =    17.4139,    27.9045      
# span 18 =    36.3206,    36.9395      
# span 19 = 5.5291e-08, 8.0986e-05      
# span 20 =        5.5,     8098.6      
# span 21 = 5.4085e-07, 7.9221e-04      
# span 22 =       0.42,      16.13      
# span 23 = 0.0000e+00, 0.0000e+00      
# interval = decibars: 1                
# start_time = Nov 10 2014 14:50:23 [System UpLoad Time]
# bad_flag = -9.990e-29
*END*
[from data line 121]
    122.000    121.272    20.9896   5.119049     1.7461    -0.0131     0.0753      0.817 1.0000e-12    5.01956    7.17345     2.5211     3.6030    109.756    25.8602    25.8537    121.273    20.9661    36.7815 9.3097e-06      931.0 9.1068e-05       5.47 0.0000e+00
    123.000    122.266    20.9433   5.113768     1.7431    -0.0149     0.0747      1.045 1.0000e-12    5.02386    7.17960     2.5147     3.5937    109.473    25.8705    25.8640    122.266    20.9196    36.7784 8.3992e-06      839.9 8.2161e-05       5.19 0.0000e+00
    124.000    123.260    20.9132   5.110257     1.7313    -0.0150     0.0739      0.607 1.0000e-12    5.02669    7.18364     2.4846     3.5508    108.164    25.8767    25.8702    123.260    20.8893    36.7756 7.9672e-06      796.7 7.7935e-05       5.06 0.0000e+00
    125.000    124.253    20.8790   5.106389     1.7213    -0.0150     0.0711      0.680 1.0000e-12    5.02987    7.18819     2.4690     3.5285    107.486    25.8844    25.8779    124.254    20.8550    36.7734 8.0892e-06      808.9 7.9129e-05       5.10 0.0000e+00
    126.000    125.247    20.8445   5.102238     1.7130    -0.0150     0.0724      1.034 1.0000e-12    5.03315    7.19287     2.4485     3.4991    106.589    25.8907    25.8841    125.248    20.8203    36.7692 8.6886e-06      868.9 8.4992e-05       5.28 0.0000e+00
    127.000    126.241    20.8052   5.097820     1.6992    -0.0164     0.0764      1.012 1.0000e-12    5.03681    7.19810     2.4217     3.4609    105.424    25.8998    25.8931    126.241    20.7808    36.7669 9.4042e-06      940.4 9.1992e-05       5.50 0.0000e+00
    128.000    127.235    20.7701   5.093494     1.6851    -0.0188     0.0754      0.640 1.0000e-12    5.04017    7.20290     2.3993     3.4288    104.447    25.9055    25.8988    127.235    20.7456    36.7618 1.0073e-05     1007.3 9.8531e-05       5.69 0.0000e+00
    129.000    128.229    20.7146   5.086904     1.6728    -0.0095     0.0737      0.741 1.0000e-12    5.04544    7.21044     2.3774     3.3975    103.491    25.9161    25.9094    128.229    20.6899    36.7559 1.0719e-05     1071.9 1.0485e-04       5.87 0.0000e+00
    130.000    129.223    20.6333   5.077296     1.6619    -0.0208     0.0736      0.887 1.0000e-12    5.05316    7.22146     2.3641     3.3785    102.911    25.9320    25.9253    129.222    20.6085    36.7477 1.0999e-05     1099.9 1.0759e-04       5.94 0.0000e+00
    131.000    130.216    20.5579   5.068379     1.6548    -0.0141     0.0747      0.757 1.0000e-12    5.06033    7.23172     2.3651     3.3800    102.955    25.9466    25.9398    130.216    20.5330    36.7400 1.1228e-05     1122.8 1.0983e-04       6.00 0.0000e+00
    132.000    131.210    20.4960   5.061312     1.6521    -0.0150     0.0737      0.796 1.0000e-12    5.06618    7.24008     2.3651     3.3800    102.955    25.9600    25.9533    131.210    20.4710    36.7357 1.1348e-05     1134.8 1.1100e-04       6.04 0.0000e+00
    133.000    132.204    20.4413   5.054951     1.6494    -0.0150     0.0732      0.954 1.0000e-12    5.07140    7.24753     2.3645     3.3791    102.924    25.9711    25.9643    132.204    20.4161    36.7308 1.1429e-05     1142.9 1.1180e-04       6.06 0.0000e+00
    134.000    133.197    20.3973   5.049902     1.6479    -0.0196     0.0743      0.950 1.0000e-12    5.07558    7.25352     2.3679     3.3839    103.071    25.9804    25.9736    133.197    20.3720    36.7273 1.0950e-05     1095.0 1.0712e-04       5.93 0.0000e+00
    135.000    134.191    20.3612   5.045578     1.6482    -0.0176     0.0736      0.624 1.0000e-12    5.07907    7.25850     2.3724     3.3904    103.270    25.9868    25.9799    134.191    20.3357    36.7229 1.0458e-05     1045.8 1.0230e-04       5.80 0.0000e+00
    136.000    135.184    20.3025   5.038722     1.6480    -0.0250     0.0712      0.726 1.0000e-12    5.08470    7.26654     2.3742     3.3929    103.344    25.9984    25.9915    135.185    20.2769    36.7174 9.9545e-06      995.5 9.7375e-05       5.65 0.0000e+00
    137.000    136.178    20.2400   5.031504     1.6459    -0.0120     0.0719      0.975 1.0000e-12    5.09068    7.27510     2.3650     3.3799    102.944    26.0112    26.0043    136.178    20.2142    36.7122 9.4477e-06      944.8 9.2418e-05       5.51 0.0000e+00
    138.000    137.172    20.1737   5.023666     1.6393    -0.0136     0.0739      0.981 1.0000e-12    5.09709    7.28425     2.3571     3.3685    102.599    26.0237    26.0167    137.172    20.1478    36.7052 8.9409e-06      894.1 8.7460e-05       5.36 0.0000e+00
    139.000    138.166    20.1401   5.019587     1.6355    -0.0143     0.0732      0.523 1.0000e-12    5.10037    7.28894     2.3558     3.3666    102.540    26.0291    26.0222    138.166    20.1140    36.7005 8.3021e-06      830.2 8.1212e-05       5.16 0.0000e+00
    140.000    139.160    20.0808   5.012677     1.6323    -0.0201     0.0708      0.809 1.0000e-12    5.10610    7.29713     2.3503     3.3589    102.302    26.0408    26.0338    139.159    20.0546    36.6950 7.3647e-06      736.5 7.2042e-05       4.86 0.0000e+00
    141.000    140.153    20.0467   5.008551     1.6288    -0.0110     0.0720      0.857 1.0000e-12    5.10944    7.30191     2.3519     3.3611    102.369    26.0464    26.0394    140.153    20.0204    36.6904 6.1169e-06      611.7 5.9835e-05       4.43 0.0000e+00
    142.000    141.147    20.0210   5.005624     1.6298    -0.0162     0.0691      0.726 1.0000e-12    5.11192    7.30545     2.3572     3.3687    102.600    26.0517    26.0446    141.147    19.9945    36.6883 4.8296e-06      483.0 4.7243e-05       3.94 0.0000e+00
    143.000    142.140    20.0018   5.003594     1.6288    -0.0038     0.0656      0.932 1.0000e-12    5.11374    7.30805     2.3535     3.3634    102.440    26.0566    26.0495    142.140    19.9751    36.6879 4.0728e-06      407.3 3.9840e-05       3.62 0.0000e+00
    144.000    143.134    19.9855   5.001703     1.6274    -0.0193     0.0672      1.219 1.0000e-12    5.11533    7.31032     2.3529     3.3625    102.411    26.0596    26.0525    143.134    19.9587    36.6862 4.2421e-06      424.2 4.1497e-05       3.69 0.0000e+00
    145.000    144.127    19.9840   5.001523     1.6266    -0.0204     0.0650      0.451 1.0000e-12    5.11549    7.31055     2.3440     3.3498    102.024    26.0596    26.0524    144.128    19.9570    36.6856 5.9923e-06      599.2 5.8617e-05       4.39 0.0000e+00
    146.000    145.121    19.9822   5.001496     1.6124    -0.0181     0.0584      0.586 1.0000e-12    5.11563    7.31074     2.2734     3.2489     98.951    26.0609    26.0537    145.121    19.9550    36.6866 8.3324e-06      833.2 8.1508e-05       5.17 0.0000e+00
    147.000    146.114    19.9715   4.999951     1.5870    -0.0178     0.0621      1.094 1.0000e-12    5.11676    7.31235     2.1872     3.1257     95.198    26.0609    26.0536    146.115    19.9441    36.6828 1.0156e-05     1015.6 9.9343e-05       5.71 0.0000e+00
    148.000    147.108    19.8949   4.990062     1.5330    -0.0181     0.0677      0.987 1.0000e-12    5.12444    7.32334     2.0568     2.9394     89.525    26.0697    26.0624    147.108    19.8674    36.6677 1.1666e-05     1166.6 1.1412e-04       6.12 0.0000e+00
    149.000    148.102    19.7449   4.970721     1.4748    -0.0139     0.0682      0.558 1.0000e-12    5.13955    7.34493     1.9804     2.8301     86.194    26.0870    26.0797    148.102    19.7174    36.6383 1.3044e-05     1304.4 1.2760e-04       6.47 0.0000e+00
    150.000    149.096    19.5256   4.945080     1.4550    -0.0094     0.0684      0.889 1.0000e-12    5.16113    7.37577     1.9810     2.8310     86.219    26.1283    26.1211    149.096    19.4981    36.6170 1.3859e-05     1385.9 1.3557e-04       6.67 0.0000e+00
    151.000    150.090    19.4399   4.935563     1.4406    -0.0178     0.0763      0.963 1.0000e-12    5.16949    7.38771     1.9678     2.8121     85.641    26.1473    26.1401    150.089    19.4123    36.6125 1.3661e-05     1366.1 1.3363e-04       6.62 0.0000e+00
    152.000    151.083    19.4146   4.932365     1.4254    -0.0159     0.0799      0.489 1.0000e-12    5.17206    7.39139     1.9462     2.7814     84.704    26.1503    26.1430    151.083    19.3868    36.6077 1.3580e-05     1358.0 1.3284e-04       6.60 0.0000e+00
    153.000    152.076    19.3671   4.926632     1.4178    -0.0207     0.0702      0.648 1.0000e-12    5.17683    7.39821     1.9359     2.7666     84.254    26.1577    26.1504    152.076    19.3392    36.6012 1.2554e-05     1255.4 1.2280e-04       6.35 0.0000e+00
    154.000    153.070    19.3118   4.920563     1.4136    -0.0223     0.0712      1.031 1.0000e-12    5.18224    7.40594     1.9217     2.7462     83.633    26.1702    26.1629    153.070    19.2838    36.5987 1.0654e-05     1065.4 1.0422e-04       5.85 0.0000e+00
    155.000    154.064    19.2719   4.915813     1.3990    -0.0118     0.0773      1.227 1.0000e-12    5.18625    7.41167     1.8767     2.6820     81.674    26.1768    26.1695    154.064    19.2437    36.5936 8.9570e-06      895.7 8.7617e-05       5.36 0.0000e+00
    156.000    155.057    19.2218   4.908693     1.3697    -0.0215     0.0739      0.334 1.0000e-12    5.19159    7.41930     1.8181     2.5982     79.125    26.1776    26.1703    155.057    19.1935    36.5777 8.6658e-06      866.6 8.4769e-05       5.28 0.0000e+00
    157.000    156.050    19.0998   4.894873     1.3565    -0.0171     0.0716      0.811 1.0000e-12    5.20371    7.43662     1.8006     2.5732     78.361    26.2024    26.1951    156.051    19.0714    36.5689 8.7078e-06      870.8 8.5180e-05       5.29 0.0000e+00
    158.000    157.044    19.0610   4.890446     1.3405    -0.0222     0.0712      1.054 1.0000e-12    5.20759    7.44216     1.7524     2.5043     76.261    26.2099    26.2026    157.044    19.0325    36.5655 8.4771e-06      847.7 8.2923e-05       5.22 0.0000e+00
    159.000    158.038    19.0459   4.888262     1.3043    -0.0261     0.0706      0.639 1.0000e-12    5.20922    7.44450     1.6606     2.3731     72.268    26.2097    26.2023    158.038    19.0172    36.5601 7.9282e-06      792.8 7.7554e-05       5.05 0.0000e+00
    160.000    159.031    18.9737   4.879669     1.2733    -0.0151     0.0668      0.689 1.0000e-12    5.21655    7.45497     1.6069     2.2964     69.929    26.2214    26.2140    159.031    18.9449    36.5511 7.3129e-06      731.3 7.1535e-05       4.85 0.0000e+00
    161.000    160.025    18.9224   4.873590     1.2486    -0.0144     0.0729      0.833 1.0000e-12    5.22176    7.46242     1.5678     2.2405     68.228    26.2298    26.2224    160.025    18.8935    36.5448 6.5938e-06      659.4 6.4501e-05       4.60 0.0000e+00
    162.000    161.019    18.8816   4.868501     1.2297    -0.0169     0.0713      0.566 1.0000e-12    5.22599    7.46846     1.5421     2.2038     67.110    26.2348    26.2273    161.019    18.8526    36.5375 5.7329e-06      573.3 5.6079e-05       4.29 0.0000e+00
    163.000    162.012    18.8543   4.865830     1.2208    -0.0298     0.0728      0.918 1.0000e-12    5.22862    7.47223     1.5315     2.1887     66.649    26.2427    26.2353    162.012    18.8251    36.5387 5.6037e-06      560.4 5.4816e-05       4.24 0.0000e+00
    164.000    163.006    18.8325   4.863106     1.2135    -0.0282     0.0779      1.229 1.0000e-12    5.23090    7.47547     1.5140     2.1637     65.888    26.2452    26.2377    163.006    18.8032    36.5346 5.4557e-06      545.6 5.3368e-05       4.19 0.0000e+00
    165.000    164.000    18.8181   4.861230     1.1938    -0.0144     0.0785      0.532 1.0000e-12    5.23242    7.47765     1.4638     2.0919     63.702    26.2463    26.2387    163.999    18.7886    36.5311 5.0624e-06      506.2 4.9521e-05       4.03 0.0000e+00
    166.000    164.993    18.7868   4.857553     1.1784    -0.0216     0.0737      0.633 1.0000e-12    5.23561    7.48221     1.4425     2.0615     62.776    26.2514    26.2438    164.993    18.7572    36.5273 4.8248e-06      482.5 4.7196e-05       3.94 0.0000e+00
    167.000    165.986    18.7224   4.849966     1.1713    -0.0153     0.0784      1.038 1.0000e-12    5.24219    7.49162     1.4334     2.0484     62.376    26.2621    26.2545    165.986    18.6927    36.5197 4.6623e-06      466.2 4.5606e-05       3.87 0.0000e+00
    168.000    166.980    18.7021   4.847589     1.1591    -0.0150     0.0815      0.712 1.0000e-12    5.24428    7.49459     1.3993     1.9997     60.891    26.2653    26.2577    166.980    18.6722    36.5172 4.6194e-06      461.9 4.5187e-05       3.85 0.0000e+00
    169.000    167.974    18.6835   4.845449     1.1454    -0.0225     0.0729      0.579 1.0000e-12    5.24618    7.49731     1.3725     1.9614     59.725    26.2686    26.2609    167.973    18.6534    36.5152 4.7129e-06      471.3 4.6101e-05       3.89 0.0000e+00
    170.000    168.967    18.6424   4.840587     1.1388    -0.0174     0.0743      1.115 1.0000e-12    5.25040    7.50334     1.3579     1.9406     59.092    26.2751    26.2674    168.967    18.6122    36.5100 4.9080e-06      490.8 4.8010e-05       3.97 0.0000e+00
    171.000    169.960    18.6255   4.838574     1.1225    -0.0226     0.0766      1.039 1.0000e-12    5.25215    7.50585     1.3088     1.8704     56.955    26.2775    26.2698    169.960    18.5952    36.5075 4.8818e-06      488.2 4.7754e-05       3.96 0.0000e+00
    172.000    170.954    18.5940   4.834517     1.0917    -0.0251     0.0736      0.487 1.0000e-12    5.25548    7.51061     1.2204     1.7440     53.106    26.2803    26.2725    170.954    18.5635    36.5006 4.6286e-06      462.9 4.5277e-05       3.86 0.0000e+00
    173.000    171.948    18.5525   4.829649     1.0567    -0.0215     0.0725      0.761 1.0000e-12    5.25975    7.51671     1.1289     1.6133     49.125    26.2871    26.2793    171.947    18.5219    36.4957 4.5878e-06      458.8 4.4878e-05       3.84 0.0000e+00
    174.000    172.941    18.5167   4.825164     1.0258    -0.0149     0.0749      0.926 1.0000e-12    5.26352    7.52210     1.0798     1.5431     46.988    26.2910    26.2832    172.941    18.4859    36.4890 4.4818e-06      448.2 4.3841e-05       3.79 0.0000e+00
    175.000    173.934    18.4564   4.817942     1.0074    -0.0150     0.0757      0.986 1.0000e-12    5.26978    7.53104     1.0671     1.5250     46.435    26.2999    26.2921    173.934    18.4255    36.4807 4.1383e-06      413.8 4.0481e-05       3.65 0.0000e+00
    176.000    174.927    18.4332   4.815408     0.9933    -0.0150     0.0785      0.944 1.0000e-12    5.27213    7.53440     1.0387     1.4843     45.197    26.3048    26.2970    174.928    18.4022    36.4793 3.8092e-06      380.9 3.7262e-05       3.50 0.0000e+00
    177.000    175.921    18.4276   4.814728     0.9692    -0.0144     0.0788      0.589 1.0000e-12    5.27273    7.53525     0.9828     1.4046     42.768    26.3053    26.2975    175.921    18.3964    36.4781 3.3653e-06      336.5 3.2920e-05       3.29 0.0000e+00
    178.000    176.914    18.4055   4.812021     0.9536    -0.0112     0.0733      0.626 1.0000e-12    5.27505    7.53858     0.9629     1.3761     41.900    26.3080    26.3001    176.915    18.3742    36.4743 2.8060e-06      280.6 2.7448e-05       3.00 0.0000e+00
    179.000    177.908    18.3892   4.810317     0.9463    -0.0191     0.0735      1.069 1.0000e-12    5.27669    7.54092     0.9484     1.3554     41.271    26.3118    26.3039    177.908    18.3577    36.4739 2.4472e-06      244.7 2.3939e-05       2.80 0.0000e+00
    180.000    178.902    18.3850   4.809793     0.9335    -0.0152     0.0750      0.883 1.0000e-12    5.27715    7.54157     0.9199     1.3146     40.028    26.3121    26.3041    178.902    18.3533    36.4727 2.0005e-06      200.0 1.9569e-05       2.53 0.0000e+00
    181.000    179.895    18.3755   4.808653     0.9205    -0.0127     0.0701      0.621 1.0000e-12    5.27815    7.54300     0.8921     1.2748     38.818    26.3133    26.3052    179.895    18.3437    36.4711 1.7532e-06      175.3 1.7150e-05       2.37 0.0000e+00
