CTD_data/C216_2_1.cnv
* Sea-Bird SBE 25 Data File:
* FileName = C:\CTD_Data\C216\C216_2_1.hex
* Software Version Seasave V 7.19
* Temperature SN = 4430
* Conductivity SN = 3138
* System UpLoad Time = Nov 05 2014 15:38:05
** Ship: Hermano gines
** Station: cariaco 216
** Operator: Luis medina
** Latitude: 10  29.91 N
** Longitude: 64 40.05
** perfil baterias
# nquan = 24                                
# nvalues = 1816                        
# units = specified
# name 0 = prSM: Pressure, Strain Gauge [db]
# name 1 = depSM: Depth [salt water, m], lat = 10.50
# name 2 = t090C: Temperature [ITS-90, deg C]
# name 3 = c0S/m: Conductivity [S/m]
# name 4 = sbeox0V: Oxygen raw, SBE 43 [V]
# name 5 = flECO-AFL: Fluorescence, WET Labs ECO-AFL/FL [mg/m^3]
# name 6 = bat: Beam Attenuation, Chelsea/Seatech [1/m]
# name 7 = dz/dtM: Descent Rate [m/s]
# name 8 = par: PAR/Irradiance, Biospherical/Licor
# name 9 = oxsatML/L: Oxygen Saturation, Weiss [ml/l]
# name 10 = oxsatMg/L: Oxygen Saturation, Weiss [mg/l]
# name 11 = sbeox0ML/L: Oxygen, SBE 43 [ml/l], WS = 2
# name 12 = sbeox0Mg/L: Oxygen, SBE 43 [mg/l], WS = 2
# name 13 = sbeox0Mm/Kg: Oxygen, SBE 43 [umol/kg], WS = 2
# name 14 = sigma-é00: Density [sigma-theta, kg/m^3]
# name 15 = sigma-t00: Density [sigma-t, kg/m^3 ]
# name 16 = depSM: Depth [salt water, m], lat = 10.5
# name 17 = potemp090C: Potential Temperature [ITS-90, deg C]
# name 18 = sal00: Salinity, Practical [PSU]
# name 19 = E: stability, E [rad^2/m]
# name 20 = E10^-8: stability, E [10^-8 rad^2/m]
# name 21 = N^2: buoyancy frequency, N^2 [rad^2/s^2]
# name 22 = N: buoyancy frequency, N [cycles/h]
# name 23 = flag: flag
# span 0 =      0.000,    908.000       
# span 1 =     -0.001,    900.882       
# span 2 =    17.2542,    27.6499       
# span 3 =   4.692383,   5.836064       
# span 4 =     0.5241,     2.6629       
# span 5 =    -0.1192,     1.2371       
# span 6 =     0.0305,     0.4849       
# span 7 =     -1.322,      1.269       
# span 8 = 1.0000e-12, 1.0000e-12       
# span 9 =    4.47803,    5.39915       
# span 10 =    6.39955,    7.71593      
# span 11 =     0.0490,     3.7222      
# span 12 =     0.0701,     5.3195      
# span 13 =      2.134,    162.279      
# span 14 =    23.7932,    26.4587      
# span 15 =    23.7932,    26.4270      
# span 16 =      0.000,    900.882      
# span 17 =    17.1022,    27.6494      
# span 18 =    36.2614,    36.8964      
# span 19 = -1.644e-08, 4.7471e-05      
# span 20 =       -1.6,     4747.1      
# span 21 = -1.608e-07, 4.6436e-04      
# span 22 =      -0.23,      12.35      
# span 23 = 0.0000e+00, 0.0000e+00      
# interval = decibars: 1                
# start_time = Nov 05 2014 15:38:05 [System UpLoad Time]
# bad_flag = -9.990e-29
*END*
[from data line 1631]
    184.000    182.875    18.2109   4.788601     0.7749    -0.0078     0.0392     -0.837 1.0000e-12    5.29547    7.56775     0.6292     0.8993     27.381    26.3347    26.3267    182.876    18.1788    36.4451 1.1902e-06      119.0 1.1642e-05       1.95 0.0000e+00
    183.000    181.882    18.2236   4.790035     0.7846    -0.0209     0.0393     -0.879 1.0000e-12    5.29414    7.56586     0.6353     0.9080     27.646    26.3326    26.3245    181.882    18.1916    36.4464 1.2178e-06      121.8 1.1912e-05       1.98 0.0000e+00
    182.000    180.889    18.2326   4.791151     0.7851    -0.0031     0.0402     -1.034 1.0000e-12    5.29318    7.56448     0.6224     0.8894     27.082    26.3317    26.3237    180.889    18.2008    36.4483 1.2585e-06      125.9 1.2311e-05       2.01 0.0000e+00
    181.000    179.895    18.2378   4.791585     0.7885    -0.0064     0.0407     -0.940 1.0000e-12    5.29267    7.56376     0.6450     0.9218     28.069    26.3300    26.3220    179.895    18.2061    36.4478 1.2717e-06      127.2 1.2440e-05       2.02 0.0000e+00
    180.000    178.902    18.2341   4.791396     0.8010    -0.0133     0.0444     -0.471 1.0000e-12    5.29298    7.56420     0.6722     0.9607     29.252    26.3324    26.3245    178.902    18.2026    36.4499 1.2967e-06      129.7 1.2684e-05       2.04 0.0000e+00
    179.000    177.908    18.2562   4.793838     0.8119    -0.0101     0.0463     -0.569 1.0000e-12    5.29071    7.56096     0.7040     1.0061     30.633    26.3281    26.3202    177.908    18.2249    36.4514 1.5495e-06      155.0 1.5157e-05       2.23 0.0000e+00
    178.000    176.915    18.2654   4.795030     0.8315    -0.0077     0.0471     -0.478 1.0000e-12    5.28971    7.55953     0.7538     1.0773     32.803    26.3276    26.3197    176.915    18.2342    36.4538 1.6442e-06      164.4 1.6083e-05       2.30 0.0000e+00
    177.000    175.922    18.2814   4.796926     0.8489    -0.0062     0.0441     -0.642 1.0000e-12    5.28804    7.55713     0.7880     1.1261     34.288    26.3253    26.3175    175.921    18.2504    36.4562 1.9661e-06      196.6 1.9233e-05       2.51 0.0000e+00
    176.000    174.928    18.2966   4.798741     0.8684    -0.0058     0.0434     -0.518 1.0000e-12    5.28643    7.55484     0.8431     1.2049     36.688    26.3233    26.3155    174.928    18.2658    36.4586 2.4049e-06      240.5 2.3525e-05       2.78 0.0000e+00
    175.000    173.934    18.3074   4.800198     0.8955    -0.0130     0.0440     -0.590 1.0000e-12    5.28525    7.55315     0.8994     1.2853     39.135    26.3230    26.3153    173.934    18.2767    36.4618 2.8205e-06      282.1 2.7591e-05       3.01 0.0000e+00
    174.000    172.941    18.3487   4.805038     0.9025    -0.0090     0.0438     -0.793 1.0000e-12    5.28096    7.54702     0.8788     1.2559     38.240    26.3164    26.3087    172.941    18.3181    36.4667 3.0694e-06      306.9 3.0025e-05       3.14 0.0000e+00
    173.000    171.948    18.3541   4.805904     0.9171    -0.0082     0.0481     -0.506 1.0000e-12    5.28033    7.54612     0.9429     1.3474     41.028    26.3172    26.3096    171.947    18.3237    36.4697 3.6911e-06      369.1 3.6106e-05       3.44 0.0000e+00
    172.000    170.954    18.3907   4.810184     0.9611    -0.0058     0.0538     -0.439 1.0000e-12    5.27654    7.54070     1.0518     1.5031     45.769    26.3113    26.3037    170.954    18.3604    36.4741 4.1259e-06      412.6 4.0360e-05       3.64 0.0000e+00
    171.000    169.960    18.4279   4.814572     0.9879    -0.0144     0.0522     -0.562 1.0000e-12    5.27268    7.53518     1.0975     1.5684     47.757    26.3055    26.2979    169.960    18.3978    36.4788 4.3031e-06      430.3 4.2093e-05       3.72 0.0000e+00
    170.000    168.967    18.4484   4.817054     1.0219    -0.0240     0.0499     -0.440 1.0000e-12    5.27053    7.53211     1.1865     1.6956     51.630    26.3028    26.2953    168.967    18.4184    36.4821 4.4901e-06      449.0 4.3922e-05       3.80 0.0000e+00
    169.000    167.973    18.4949   4.822955     1.0576    -0.0149     0.0450     -0.502 1.0000e-12    5.26561    7.52508     1.2322     1.7609     53.619    26.2982    26.2906    167.973    18.4651    36.4914 4.3956e-06      439.6 4.2998e-05       3.76 0.0000e+00
    168.000    166.980    18.5482   4.829031     1.0725    -0.0169     0.0402     -0.415 1.0000e-12    5.26016    7.51730     1.2432     1.7767     54.099    26.2883    26.2808    166.980    18.5185    36.4962 4.3541e-06      435.4 4.2592e-05       3.74 0.0000e+00
    167.000    165.987    18.5647   4.830870     1.1203    -0.0088     0.0330     -0.411 1.0000e-12    5.25849    7.51490     1.3827     1.9760     60.170    26.2851    26.2776    165.986    18.5351    36.4975 3.9276e-06      392.8 3.8420e-05       3.55 0.0000e+00
    166.000    164.993    18.5774   4.832633     1.1311    -0.0077     0.0343     -1.086 1.0000e-12    5.25710    7.51292     1.3998     2.0004     60.912    26.2850    26.2775    164.993    18.5480    36.5016 3.9328e-06      393.3 3.8471e-05       3.55 0.0000e+00
    165.000    164.000    18.6125   4.836720     1.1392    -0.0206     0.0350     -1.322 1.0000e-12    5.25350    7.50777     1.4172     2.0252     61.669    26.2791    26.2716    163.999    18.5832    36.5056 3.8907e-06      389.1 3.8059e-05       3.53 0.0000e+00
    164.000    163.006    18.6296   4.838788     1.1526    -0.0111     0.0332     -1.163 1.0000e-12    5.25172    7.50523     1.4578     2.0834     63.440    26.2768    26.2694    163.006    18.6005    36.5084 4.2963e-06      429.6 4.2027e-05       3.71 0.0000e+00
    163.000    162.012    18.6450   4.840590     1.1704    -0.0039     0.0345     -0.989 1.0000e-12    5.25013    7.50297     1.5011     2.1452     65.323    26.2744    26.2670    162.012    18.6161    36.5104 4.6364e-06      463.6 4.5353e-05       3.86 0.0000e+00
    162.000    161.019    18.6723   4.844349     1.1899    -0.0175     0.0336     -1.036 1.0000e-12    5.24718    7.49875     1.5507     2.2161     67.482    26.2736    26.2663    161.019    18.6435    36.5184 4.9641e-06      496.4 4.8559e-05       3.99 0.0000e+00
    161.000    160.025    18.7124   4.848329     1.2131    -0.0158     0.0340     -0.991 1.0000e-12    5.24327    7.49315     1.5855     2.2658     68.997    26.2623    26.2550    160.025    18.6837    36.5170 5.0217e-06      502.2 4.9123e-05       4.02 0.0000e+00
    160.000    159.032    18.7787   4.857576     1.2254    -0.0150     0.0368     -0.887 1.0000e-12    5.23612    7.48293     1.5894     2.2714     69.166    26.2606    26.2533    159.031    18.7501    36.5370 5.5633e-06      556.3 5.4421e-05       4.23 0.0000e+00
    159.000    158.038    18.8459   4.864795     1.2321    -0.0081     0.0365     -1.046 1.0000e-12    5.22944    7.47340     1.5940     2.2780     69.369    26.2449    26.2376    158.038    18.8175    36.5389 6.6283e-06      662.8 6.4838e-05       4.61 0.0000e+00
    158.000    157.044    18.8647   4.866760     1.2412    -0.0041     0.0348     -0.929 1.0000e-12    5.22759    7.47075     1.6301     2.3296     70.940    26.2403    26.2330    157.044    18.8364    36.5393 7.1086e-06      710.9 6.9536e-05       4.78 0.0000e+00
    157.000    156.051    18.8624   4.866462     1.2634    -0.0077     0.0336     -0.755 1.0000e-12    5.22781    7.47107     1.7043     2.4357     74.170    26.2407    26.2335    156.051    18.8343    36.5392 7.2645e-06      726.4 7.1061e-05       4.83 0.0000e+00
    156.000    155.057    18.8897   4.870437     1.2865    -0.0130     0.0340     -1.021 1.0000e-12    5.22484    7.46681     1.7461     2.4953     75.986    26.2412    26.2340    155.057    18.8617    36.5489 6.9931e-06      699.3 6.8406e-05       4.74 0.0000e+00
    155.000    154.064    19.0174   4.885872     1.3043    -0.0222     0.0351     -1.017 1.0000e-12    5.21180    7.44819     1.7567     2.5106     76.452    26.2219    26.2147    154.064    18.9895    36.5666 6.7513e-06      675.1 6.6042e-05       4.66 0.0000e+00
    154.000    153.070    19.0972   4.894716     1.3166    -0.0174     0.0355     -0.834 1.0000e-12    5.20389    7.43688     1.7751     2.5368     77.253    26.2046    26.1974    153.070    19.0694    36.5710 6.1004e-06      610.0 5.9674e-05       4.43 0.0000e+00
    153.000    152.076    19.0864   4.893220     1.3286    -0.0057     0.0364     -0.891 1.0000e-12    5.20502    7.43850     1.7992     2.5713     78.301    26.2053    26.1982    152.076    19.0588    36.5683 5.9438e-06      594.4 5.8143e-05       4.37 0.0000e+00
    152.000    151.083    19.1262   4.898307     1.3377    -0.0133     0.0348     -0.988 1.0000e-12    5.20090    7.43261     1.8110     2.5882     78.817    26.2011    26.1940    151.083    19.0987    36.5763 6.2513e-06      625.1 6.1151e-05       4.48 0.0000e+00
    151.000    150.089    19.1438   4.900184     1.3452    -0.0150     0.0361     -1.010 1.0000e-12    5.19918    7.43015     1.8267     2.6105     79.498    26.1970    26.1899    150.089    19.1165    36.5769 6.8829e-06      688.3 6.7328e-05       4.70 0.0000e+00
    150.000    149.096    19.1598   4.902072     1.3552    -0.0150     0.0363     -1.001 1.0000e-12    5.19756    7.42783     1.8586     2.6561     80.887    26.1944    26.1874    149.096    19.1327    36.5791 7.0394e-06      703.9 6.8859e-05       4.75 0.0000e+00
    149.000    148.102    19.1752   4.903916     1.3726    -0.0078     0.0349     -0.938 1.0000e-12    5.19599    7.42559     1.9049     2.7223     82.902    26.1921    26.1852    148.102    19.1482    36.5813 7.6610e-06      766.1 7.4941e-05       4.96 0.0000e+00
    148.000    147.108    19.2260   4.910355     1.3893    -0.0086     0.0347     -0.947 1.0000e-12    5.19077    7.41813     1.9286     2.7562     83.935    26.1863    26.1793    147.108    19.1992    36.5910 8.8456e-06      884.6 8.6528e-05       5.33 0.0000e+00
    147.000    146.115    19.3482   4.925554     1.4004    -0.0152     0.0340     -0.976 1.0000e-12    5.17835    7.40038     1.9352     2.7656     84.223    26.1699    26.1629    146.115    19.3214    36.6110 1.0059e-05     1005.9 9.8398e-05       5.68 0.0000e+00
    146.000    145.121    19.4366   4.934989     1.4104    -0.0183     0.0351     -0.877 1.0000e-12    5.16980    7.38816     1.9560     2.7953     85.128    26.1479    26.1409    145.121    19.4099    36.6125 1.1022e-05     1102.2 1.0782e-04       5.95 0.0000e+00
    145.000    144.127    19.4781   4.939700     1.4229    -0.0161     0.0342     -0.952 1.0000e-12    5.16572    7.38232     1.9852     2.8370     86.400    26.1395    26.1326    144.128    19.4516    36.6157 1.1046e-05     1104.6 1.0805e-04       5.96 0.0000e+00
    144.000    143.134    19.5365   4.947041     1.4354    -0.0103     0.0336     -1.050 1.0000e-12    5.15980    7.37387     2.0042     2.8643     87.230    26.1320    26.1251    143.134    19.5101    36.6260 1.1728e-05     1172.8 1.1472e-04       6.14 0.0000e+00
    143.000    142.140    19.5978   4.954442     1.4465    -0.0155     0.0351     -0.965 1.0000e-12    5.15369    7.36514     2.0205     2.8876     87.941    26.1222    26.1153    142.140    19.5715    36.6342 1.3142e-05     1314.2 1.2855e-04       6.50 0.0000e+00
    142.000    141.147    19.6914   4.965313     1.4653    -0.0271     0.0379     -0.607 1.0000e-12    5.14450    7.35201     2.0842     2.9785     90.712    26.1042    26.0973    141.147    19.6652    36.6429 1.4601e-05     1460.1 1.4282e-04       6.85 0.0000e+00
    141.000    140.153    19.7242   4.968569     1.4967    -0.0145     0.0368     -0.762 1.0000e-12    5.14142    7.34760     2.1700     3.1011     94.448    26.0945    26.0876    140.153    19.6982    36.6416 1.6061e-05     1606.1 1.5711e-04       7.18 0.0000e+00
    140.000    139.159    19.7640   4.975114     1.5221    -0.0140     0.0366     -1.099 1.0000e-12    5.13704    7.34134     2.2163     3.1673     96.462    26.0991    26.0923    139.159    19.7381    36.6614 1.7577e-05     1757.7 1.7194e-04       7.51 0.0000e+00
    139.000    138.165    19.9658   4.999939     1.5463    -0.0078     0.0375     -1.241 1.0000e-12    5.11707    7.31280     2.2483     3.2131     97.860    26.0680    26.0611    138.166    19.9399    36.6907 1.8920e-05     1892.0 1.8507e-04       7.79 0.0000e+00
    138.000    137.172    20.1393   5.019447     1.5713    -0.0069     0.0394     -1.120 1.0000e-12    5.10046    7.28906     2.2823     3.2616     99.341    26.0292    26.0223    137.172    20.1134    36.7005 1.9258e-05     1925.8 1.8838e-04       7.86 0.0000e+00
    137.000    136.178    20.2912   5.037761     1.6007    -0.0086     0.0405     -0.794 1.0000e-12    5.08570    7.26798     2.3326     3.3335    101.534    26.0027    25.9958    136.178    20.2654    36.7190 1.8561e-05     1856.1 1.8156e-04       7.72 0.0000e+00
    136.000    135.185    20.3731   5.047209     1.6259    -0.0233     0.0396     -0.769 1.0000e-12    5.07788    7.25680     2.3679     3.3840    103.074    25.9857    25.9788    135.185    20.3474    36.7256 1.7686e-05     1768.6 1.7300e-04       7.54 0.0000e+00
    135.000    134.191    20.4550   5.057484     1.6398    -0.0114     0.0414     -1.033 1.0000e-12    5.06989    7.24537     2.3788     3.3996    103.549    25.9737    25.9668    134.191    20.4294    36.7389 1.6364e-05     1636.4 1.6007e-04       7.25 0.0000e+00
    134.000    133.197    20.5414   5.067008     1.6513    -0.0076     0.0395     -1.051 1.0000e-12    5.06180    7.23382     2.3917     3.4180    104.111    25.9528    25.9459    133.197    20.5159    36.7420 1.3693e-05     1369.3 1.3394e-04       6.63 0.0000e+00
    133.000    132.204    20.5743   5.070907     1.6632    -0.0153     0.0379     -0.933 1.0000e-12    5.05865    7.22932     2.4114     3.4461    104.970    25.9466    25.9397    132.204    20.5490    36.7457 1.1855e-05     1185.5 1.1597e-04       6.17 0.0000e+00
    132.000    131.210    20.5862   5.072286     1.6720    -0.0150     0.0376     -0.918 1.0000e-12    5.05752    7.22770     2.4260     3.4670    105.605    25.9443    25.9375    131.210    20.5611    36.7470 1.0816e-05     1081.6 1.0580e-04       5.89 0.0000e+00
    131.000    130.216    20.6478   5.079870     1.6845    -0.0137     0.0380     -0.861 1.0000e-12    5.05158    7.21922     2.4494     3.5005    106.627    25.9342    25.9275    130.216    20.6228    36.7558 1.0804e-05     1080.4 1.0569e-04       5.89 0.0000e+00
    130.000    129.223    20.6955   5.084995     1.6954    -0.0077     0.0372     -0.725 1.0000e-12    5.04717    7.21291     2.4678     3.5267    107.426    25.9218    25.9151    129.222    20.6707    36.7565 1.1188e-05     1118.8 1.0945e-04       5.99 0.0000e+00
    129.000    128.228    20.7549   5.092331     1.7052    -0.0077     0.0369     -0.983 1.0000e-12    5.04147    7.20477     2.4879     3.5554    108.302    25.9122    25.9055    128.229    20.7302    36.7651 1.2010e-05     1201.0 1.1748e-04       6.21 0.0000e+00
    128.000    127.235    20.8303   5.100643     1.7175    -0.0077     0.0383     -1.045 1.0000e-12    5.03449    7.19478     2.5056     3.5807    109.075    25.8936    25.8869    127.235    20.8057    36.7678 1.3626e-05     1362.6 1.3329e-04       6.61 0.0000e+00
    127.000    126.241    20.8751   5.106351     1.7266    -0.0152     0.0368     -0.953 1.0000e-12    5.03016    7.18860     2.5158     3.5953    109.520    25.8874    25.8807    126.241    20.8507    36.7757 1.4748e-05     1474.8 1.4427e-04       6.88 0.0000e+00
    126.000    125.247    20.9850   5.119775     1.7334    -0.0150     0.0354     -0.969 1.0000e-12    5.01973    7.17369     2.5097     3.5866    109.258    25.8681    25.8614    125.248    20.9607    36.7899 1.6166e-05     1616.6 1.5814e-04       7.21 0.0000e+00
