CTD_data/C216_2_2.cnv
* Sea-Bird SBE 25 Data File:
* FileName = C:\CTD_Data\C216\C216_2_2.hex
* Software Version Seasave V 7.19
* Temperature SN = 4430
* Conductivity SN = 3138
* System UpLoad Time = Nov 06 2014 07:12:20
** Ship: hermano gines
** Station: C216
** Operator: Luis Medina
** Latitude: 10 30.09
** Longitude: 64 40.20
** segundo perfil
# nquan = 24                                
# nvalues = 1850                        
# units = specified
# name 0 = prSM: Pressure, Strain Gauge [db]
# name 1 = depSM: Depth [salt water, m], lat = 10.50
# name 2 = t090C: Temperature [ITS-90, deg C]
# name 3 = c0S/m: Conductivity [S/m]
# name 4 = sbeox0V: Oxygen raw, SBE 43 [V]
# name 5 = flECO-AFL: Fluorescence, WET Labs ECO-AFL/FL [mg/m^3]
# name 6 = bat: Beam Attenuation, Chelsea/Seatech [1/m]
# name 7 = dz/dtM: Descent Rate [m/s]
# name 8 = par: PAR/Irradiance, Biospherical/Licor
# name 9 = oxsatML/L: Oxygen Saturation, Weiss [ml/l]
# name 10 = oxsatMg/L: Oxygen Saturation, Weiss [mg/l]
# name 11 = sbeox0ML/L: Oxygen, SBE 43 [ml/l], WS = 2
# name 12 = sbeox0Mg/L: Oxygen, SBE 43 [mg/l], WS = 2
# name 13 = sbeox0Mm/Kg: Oxygen, SBE 43 [umol/kg], WS = 2
# name 14 = sigma-é00: Density [sigma-theta, kg/m^3]
# name 15 = sigma-t00: Density [sigma-t, kg/m^3 ]
# name 16 = depSM: Depth [salt water, m], lat = 10.5
# name 17 = potemp090C: Potential Temperature [ITS-90, deg C]
# name 18 = sal00: Salinity, Practical [PSU]
# name 19 = E: stability, E [rad^2/m]
# name 20 = E10^-8: stability, E [10^-8 rad^2/m]
# name 21 = N^2: buoyancy frequency, N^2 [rad^2/s^2]
# name 22 = N: buoyancy frequency, N [cycles/h]
# name 23 = flag: flag
# span 0 =      0.000,    925.000       
# span 1 =     -0.000,    917.711       
# span 2 =    17.2546,    26.9663       
# span 3 =   4.692966,   5.747702       
# span 4 =     0.5240,     2.6244       
# span 5 =    -0.1041,    41.5214       
# span 6 =     0.0203,     1.3559       
# span 7 =     -1.368,      4.217       
# span 8 = 1.0000e-12, 1.0000e-12       
# span 9 =    4.52931,    5.39908       
# span 10 =    6.47283,    7.71583      
# span 11 =     0.0490,     3.7245      
# span 12 =     0.0701,     5.3227      
# span 13 =      2.133,    162.379      
# span 14 =    23.9747,    26.4585      
# span 15 =    23.9746,    26.4266      
# span 16 =      0.000,    917.712      
# span 17 =    17.1038,    26.9661      
# span 18 =    36.2617,    36.8916      
# span 19 = -4.530e-08, 5.1271e-05      
# span 20 =       -4.5,     5127.1      
# span 21 = -4.431e-07, 5.0154e-04      
# span 22 =      -0.38,      12.83      
# span 23 = 0.0000e+00, 0.0000e+00      
# interval = decibars: 1                
# start_time = Nov 06 2014 07:12:20 [System UpLoad Time]
# bad_flag = -9.990e-29
*END*
[from data line 121]
    122.000    121.272    21.4464   5.171331     1.7559    -0.0110     0.0359      0.878 1.0000e-12    4.97753    7.11338     2.5140     3.5927    109.455    25.7555    25.7488    121.273    21.4225    36.8095 1.2753e-05     1275.3 1.2475e-04       6.40 0.0000e+00
    123.000    122.266    21.4222   5.168644     1.7524    -0.0016     0.0337      0.834 1.0000e-12    4.97973    7.11653     2.5004     3.5734    108.864    25.7614    25.7547    122.266    21.3981    36.8084 1.4102e-05     1410.2 1.3795e-04       6.73 0.0000e+00
    124.000    123.260    21.3379   5.158168     1.7431    -0.0133     0.0339      0.876 1.0000e-12    4.98765    7.12785     2.4784     3.5419    107.904    25.7756    25.7689    123.260    21.3137    36.7963 1.5202e-05     1520.2 1.4871e-04       6.99 0.0000e+00
    125.000    124.254    21.2478   5.148270     1.7291     0.0083     0.0342      0.817 1.0000e-12    4.99583    7.13953     2.4592     3.5145    107.067    25.7987    25.7919    124.254    21.2235    36.7938 1.6987e-05     1698.7 1.6617e-04       7.39 0.0000e+00
    126.000    125.248    21.1633   5.138298     1.7172    -0.0013     0.0364      0.303 1.0000e-12    5.00369    7.15077     2.4516     3.5036    106.734    25.8159    25.8092    125.248    21.1388    36.7858 1.8707e-05     1870.7 1.8299e-04       7.75 0.0000e+00
    127.000    126.241    21.0558   5.126233     1.7154    -0.0079     0.0342      0.971 1.0000e-12    5.01357    7.16489     2.4519     3.5039    106.741    25.8417    25.8349    126.241    21.0312    36.7807 1.9644e-05     1964.4 1.9216e-04       7.94 0.0000e+00
    128.000    127.235    20.9690   5.116196     1.7043    -0.0142     0.0349      1.140 1.0000e-12    5.02165    7.17644     2.4141     3.4500    105.095    25.8605    25.8537    127.235    20.9443    36.7740 1.9693e-05     1969.3 1.9264e-04       7.95 0.0000e+00
    129.000    128.229    20.8875   5.106338     1.6771    -0.0067     0.0314      0.594 1.0000e-12    5.02936    7.18747     2.3567     3.3681    102.598    25.8753    25.8685    128.229    20.8627    36.7642 1.8484e-05     1848.4 1.8081e-04       7.70 0.0000e+00
    130.000    129.223    20.7288   5.087445     1.6602    -0.0226     0.0319      0.839 1.0000e-12    5.04439    7.20894     2.3540     3.3640    102.473    25.9060    25.8992    129.222    20.7039    36.7476 1.6593e-05     1659.3 1.6231e-04       7.30 0.0000e+00
    131.000    130.216    20.6251   5.075894     1.6622    -0.0099     0.0319      0.810 1.0000e-12    5.05405    7.22274     2.3997     3.4295    104.464    25.9307    25.9239    130.216    20.6001    36.7430 1.5162e-05     1516.2 1.4832e-04       6.98 0.0000e+00
    132.000    131.210    20.5832   5.071165     1.6766    -0.0076     0.0341      0.523 1.0000e-12    5.05799    7.22837     2.4328     3.4767    105.902    25.9401    25.9333    131.210    20.5581    36.7404 1.3769e-05     1376.9 1.3469e-04       6.65 0.0000e+00
    133.000    132.204    20.5662   5.069699     1.6808    -0.0021     0.0382      0.891 1.0000e-12    5.05948    7.23051     2.4236     3.4635    105.500    25.9466    25.9398    132.204    20.5409    36.7429 1.2722e-05     1272.2 1.2445e-04       6.39 0.0000e+00
    134.000    133.197    20.5479   5.067496     1.6721    -0.0140     0.0342      0.953 1.0000e-12    5.06125    7.23303     2.3832     3.4059    103.745    25.9497    25.9428    133.197    20.5224    36.7404 1.1921e-05     1192.1 1.1661e-04       6.19 0.0000e+00
    135.000    134.191    20.5041   5.061850     1.6518    -0.0119     0.0325      0.656 1.0000e-12    5.06555    7.23918     2.3317     3.3322    101.498    25.9552    25.9482    134.191    20.4785    36.7319 1.0908e-05     1090.8 1.0670e-04       5.92 0.0000e+00
    136.000    135.185    20.4055   5.050122     1.6311    -0.0075     0.0312      0.843 1.0000e-12    5.07500    7.25269     2.2945     3.2790     99.876    25.9737    25.9667    135.185    20.3798    36.7213 1.0315e-05     1031.5 1.0090e-04       5.76 0.0000e+00
    137.000    136.178    20.3223   5.040186     1.6101    -0.0126     0.0323      0.867 1.0000e-12    5.08302    7.26414     2.2613     3.2317     98.434    25.9889    25.9819    136.178    20.2965    36.7118 1.0139e-05     1013.9 9.9178e-05       5.71 0.0000e+00
    138.000    137.172    20.2572   5.032344     1.5930    -0.0126     0.0328      0.624 1.0000e-12    5.08933    7.27316     2.2416     3.2034     97.572    26.0002    25.9933    137.172    20.2312    36.7038 1.0533e-05     1053.3 1.0303e-04       5.82 0.0000e+00
    139.000    138.165    20.1846   5.023946     1.5835    -0.0132     0.0346      0.908 1.0000e-12    5.09630    7.28312     2.2322     3.1900     97.162    26.0150    26.0080    138.166    20.1585    36.6976 1.2039e-05     1203.9 1.1777e-04       6.22 0.0000e+00
    140.000    139.159    20.1447   5.019381     1.5769    -0.0131     0.0348      0.998 1.0000e-12    5.10012    7.28858     2.2222     3.1758     96.728    26.0233    26.0163    139.159    20.1185    36.6945 1.3691e-05     1369.1 1.3393e-04       6.63 0.0000e+00
    141.000    140.153    20.1263   5.017014     1.5621    -0.0114     0.0363      0.688 1.0000e-12    5.10197    7.29122     2.1753     3.1087     94.684    26.0254    26.0183    140.153    20.0999    36.6907 1.5136e-05     1513.6 1.4806e-04       6.97 0.0000e+00
    142.000    141.147    20.0888   5.012049     1.5355    -0.0177     0.0363      0.658 1.0000e-12    5.10574    7.29661     2.1073     3.0116     91.725    26.0289    26.0218    141.147    20.0622    36.6821 1.6175e-05     1617.5 1.5823e-04       7.21 0.0000e+00
    143.000    142.141    19.9542   4.995498     1.5051    -0.0217     0.0390      0.726 1.0000e-12    5.11899    7.31555     2.0410     2.9167     88.836    26.0499    26.0428    142.140    19.9276    36.6627 1.6747e-05     1674.7 1.6382e-04       7.33 0.0000e+00
    144.000    143.134    19.7475   4.971224     1.4776    -0.0165     0.0397      0.897 1.0000e-12    5.13919    7.34441     2.0000     2.8582     87.051    26.0889    26.0819    143.134    19.7209    36.6421 1.7242e-05     1724.2 1.6866e-04       7.44 0.0000e+00
    145.000    144.127    19.5773   4.950668     1.4512    -0.0187     0.0413      0.789 1.0000e-12    5.15608    7.36856     1.9643     2.8072     85.493    26.1168    26.1099    144.128    19.5507    36.6201 1.7240e-05     1724.0 1.6864e-04       7.44 0.0000e+00
    146.000    145.121    19.4707   4.938618     1.4323    -0.0199     0.0439      0.773 1.0000e-12    5.16651    7.38347     1.9341     2.7641     84.178    26.1393    26.1323    145.121    19.4440    36.6128 1.6400e-05     1640.0 1.6042e-04       7.26 0.0000e+00
    147.000    146.115    19.4396   4.934952     1.4144    -0.0223     0.0446      0.959 1.0000e-12    5.16961    7.38790     1.8977     2.7120     82.592    26.1446    26.1376    146.115    19.4127    36.6092 1.4384e-05     1438.4 1.4071e-04       6.80 0.0000e+00
    148.000    147.109    19.3894   4.928515     1.3972    -0.0111     0.0434      0.887 1.0000e-12    5.17475    7.39523     1.8761     2.6811     81.651    26.1501    26.1431    147.108    19.3624    36.5992 1.1425e-05     1142.5 1.1176e-04       6.06 0.0000e+00
    149.000    148.102    19.3044   4.918796     1.3863    -0.0190     0.0414      0.757 1.0000e-12    5.18315    7.40725     1.8707     2.6735     81.416    26.1670    26.1600    148.102    19.2773    36.5923 8.3297e-06      833.0 8.1481e-05       5.17 0.0000e+00
    150.000    149.096    19.2814   4.916215     1.3804    -0.0062     0.0415      0.678 1.0000e-12    5.18543    7.41049     1.8641     2.6639     81.125    26.1717    26.1646    149.096    19.2541    36.5905 6.5207e-06      652.1 6.3786e-05       4.58 0.0000e+00
    151.000    150.089    19.2695   4.914945     1.3755    -0.0119     0.0395      0.810 1.0000e-12    5.18660    7.41216     1.8563     2.6528     80.787    26.1744    26.1673    150.089    19.2421    36.5900 5.6660e-06      566.6 5.5425e-05       4.27 0.0000e+00
    152.000    151.082    19.2576   4.913531     1.3726    -0.0188     0.0419      0.750 1.0000e-12    5.18780    7.41388     1.8560     2.6524     80.775    26.1762    26.1691    151.083    19.2300    36.5882 5.5458e-06      554.6 5.4249e-05       4.22 0.0000e+00
    153.000    152.076    19.2293   4.910251     1.3709    -0.0150     0.0382      0.801 1.0000e-12    5.19063    7.41793     1.8509     2.6451     80.550    26.1814    26.1742    152.076    19.2015    36.5853 5.3896e-06      539.0 5.2721e-05       4.16 0.0000e+00
    154.000    153.070    19.2114   4.908033     1.3671    -0.0210     0.0374      0.808 1.0000e-12    5.19246    7.42055     1.8412     2.6313     80.130    26.1836    26.1763    153.070    19.1835    36.5821 5.0473e-06      504.7 4.9373e-05       4.03 0.0000e+00
    155.000    154.064    19.1576   4.901567     1.3619    -0.0179     0.0360      0.791 1.0000e-12    5.19790    7.42832     1.8280     2.6124     79.556    26.1920    26.1848    154.064    19.1296    36.5749 6.1100e-06      611.0 5.9768e-05       4.43 0.0000e+00
    156.000    155.058    19.1114   4.896168     1.3535    -0.0122     0.0342      0.755 1.0000e-12    5.20254    7.43495     1.8059     2.5808     78.591    26.2002    26.1929    155.057    19.0832    36.5699 7.3436e-06      734.4 7.1835e-05       4.86 0.0000e+00
    157.000    156.051    19.0747   4.891846     1.3444    -0.0134     0.0340      0.929 1.0000e-12    5.20625    7.44025     1.7797     2.5434     77.454    26.2064    26.1991    156.051    19.0464    36.5655 8.2200e-06      822.0 8.0409e-05       5.14 0.0000e+00
    158.000    157.044    19.0386   4.887595     1.3229    -0.0206     0.0301      0.918 1.0000e-12    5.20989    7.44546     1.7040     2.4353     74.159    26.2125    26.2051    157.044    19.0101    36.5613 8.7812e-06      878.1 8.5898e-05       5.31 0.0000e+00
    159.000    158.038    18.9999   4.882457     1.2798    -0.0164     0.0282      0.546 1.0000e-12    5.21397    7.45128     1.6030     2.2909     69.764    26.2152    26.2079    158.038    18.9713    36.5518 9.3658e-06      936.6 9.1617e-05       5.48 0.0000e+00
    160.000    159.032    18.8525   4.864908     1.2498    -0.0106     0.0282      0.828 1.0000e-12    5.22896    7.47271     1.5482     2.2125     67.373    26.2392    26.2318    159.031    18.8239    36.5336 9.3882e-06      938.8 9.1836e-05       5.49 0.0000e+00
    161.000    160.025    18.7869   4.857437     1.2145    -0.0204     0.0267      0.790 1.0000e-12    5.23557    7.48216     1.4700     2.1007     63.969    26.2518    26.2444    160.025    18.7582    36.5282 9.0530e-06      905.3 8.8556e-05       5.39 0.0000e+00
    162.000    161.018    18.7420   4.851746     1.1822    -0.0224     0.0271      0.780 1.0000e-12    5.24028    7.48888     1.4181     2.0266     61.712    26.2566    26.2492    161.019    18.7131    36.5194 8.3960e-06      839.6 8.2130e-05       5.19 0.0000e+00
    163.000    162.012    18.6885   4.845222     1.1609    -0.0199     0.0279      0.780 1.0000e-12    5.24581    7.49679     1.3991     1.9995     60.886    26.2639    26.2565    162.012    18.6595    36.5111 7.4882e-06      748.8 7.3250e-05       4.90 0.0000e+00
    164.000    163.006    18.6276   4.838343     1.1487    -0.0175     0.0298      0.657 1.0000e-12    5.25197    7.50560     1.3864     1.9814     60.333    26.2758    26.2684    163.006    18.5985    36.5064 6.3120e-06      631.2 6.1744e-05       4.50 0.0000e+00
    165.000    163.999    18.6078   4.836119     1.1419    -0.0143     0.0295      0.921 1.0000e-12    5.25399    7.50848     1.3773     1.9683     59.936    26.2796    26.2721    163.999    18.5785    36.5047 4.7698e-06      477.0 4.6659e-05       3.91 0.0000e+00
    166.000    164.993    18.6029   4.835636     1.1348    -0.0180     0.0299      0.874 1.0000e-12    5.25448    7.50918     1.3580     1.9408     59.097    26.2807    26.2733    164.993    18.5735    36.5045 3.9941e-06      399.4 3.9070e-05       3.58 0.0000e+00
    167.000    165.986    18.5967   4.834916     1.1259    -0.0092     0.0316      0.751 1.0000e-12    5.25512    7.51009     1.3383     1.9126     58.238    26.2816    26.2741    165.986    18.5671    36.5035 3.4968e-06      349.7 3.4206e-05       3.35 0.0000e+00
    168.000    166.980    18.5703   4.831679     1.1170    -0.0161     0.0303      0.978 1.0000e-12    5.25788    7.51404     1.3150     1.8793     57.224    26.2849    26.2774    166.980    18.5406    36.4991 2.9109e-06      291.1 2.8475e-05       3.06 0.0000e+00
    169.000    167.974    18.5550   4.829912     1.1009    -0.0175     0.0312      0.630 1.0000e-12    5.25946    7.51629     1.2766     1.8244     55.553    26.2874    26.2799    167.973    18.5251    36.4972 2.4181e-06      241.8 2.3654e-05       2.79 0.0000e+00
    170.000    168.967    18.5331   4.827363     1.0896    -0.0150     0.0374      0.725 1.0000e-12    5.26171    7.51951     1.2598     1.8003     54.820    26.2910    26.2834    168.967    18.5030    36.4946 2.3981e-06      239.8 2.3458e-05       2.78 0.0000e+00
    171.000    169.960    18.5091   4.824474     1.0813    -0.0150     0.0344      1.001 1.0000e-12    5.26421    7.52308     1.2444     1.7784     54.152    26.2944    26.2867    169.960    18.4789    36.4910 2.5669e-06      256.7 2.5109e-05       2.87 0.0000e+00
    172.000    170.954    18.4967   4.823057     1.0709    -0.0158     0.0332      0.693 1.0000e-12    5.26549    7.52491     1.2154     1.7369     52.889    26.2964    26.2888    170.954    18.4663    36.4895 2.8158e-06      281.6 2.7544e-05       3.01 0.0000e+00
    173.000    171.948    18.4882   4.822053     1.0560    -0.0102     0.0346      0.912 1.0000e-12    5.26638    7.52618     1.1672     1.6680     50.791    26.2976    26.2898    171.947    18.4577    36.4882 2.8531e-06      285.3 2.7909e-05       3.03 0.0000e+00
    174.000    172.941    18.4742   4.820316     1.0273    -0.0144     0.0325      0.702 1.0000e-12    5.26786    7.52830     1.0860     1.5520     47.258    26.2991    26.2913    172.941    18.4435    36.4854 2.9759e-06      297.6 2.9110e-05       3.09 0.0000e+00
    175.000    173.934    18.4490   4.817240     0.9942    -0.0184     0.0343      0.658 1.0000e-12    5.27050    7.53206     1.0151     1.4507     44.174    26.3023    26.2945    173.934    18.4182    36.4812 3.0627e-06      306.3 2.9959e-05       3.14 0.0000e+00
    176.000    174.928    18.4102   4.812483     0.9714    -0.0126     0.0395      0.905 1.0000e-12    5.27457    7.53788     0.9695     1.3855     42.189    26.3072    26.2993    174.928    18.3792    36.4748 3.1279e-06      312.8 3.0597e-05       3.17 0.0000e+00
    177.000    175.922    18.3824   4.809469     0.9455    -0.0134     0.0363      0.883 1.0000e-12    5.27738    7.54191     0.9119     1.3032     39.682    26.3131    26.3053    175.921    18.3513    36.4734 3.2145e-06      321.5 3.1445e-05       3.21 0.0000e+00
    178.000    176.915    18.3671   4.807436     0.9247    -0.0040     0.0393      0.949 1.0000e-12    5.27905    7.54428     0.8856     1.2656     38.537    26.3139    26.3060    176.915    18.3358    36.4693 3.2767e-06      327.7 3.2053e-05       3.24 0.0000e+00
    179.000    177.908    18.3359   4.803675     0.9101    -0.0148     0.0418      0.825 1.0000e-12    5.28231    7.54895     0.8637     1.2343     37.583    26.3181    26.3102    177.908    18.3045    36.4646 3.1372e-06      313.7 3.0688e-05       3.17 0.0000e+00
    180.000    178.902    18.3184   4.801663     0.8929    -0.0074     0.0433      0.786 1.0000e-12    5.28413    7.55155     0.8140     1.1632     35.419    26.3211    26.3131    178.902    18.2868    36.4626 2.8345e-06      283.4 2.7727e-05       3.02 0.0000e+00
    181.000    179.895    18.3011   4.799536     0.8659    -0.0139     0.0418      0.707 1.0000e-12    5.28596    7.55417     0.7449     1.0645     32.412    26.3230    26.3150    179.895    18.2694    36.4594 2.4521e-06      245.2 2.3986e-05       2.81 0.0000e+00
