CTD_data/C216_3_3.cnv
* Sea-Bird SBE 25 Data File:
* FileName = C:\CTD_Data\C216_3\C216_3_3.hex
* Software Version Seasave V 7.19
* Temperature SN = 4430
* Conductivity SN = 3138
* System UpLoad Time = Nov 11 2014 00:18:23
** Ship: hermano gines
** Station: cariaco
** Operator: luis medina
** Latitude: 10 30.64 N
** Longitude: 64 39.44 W
# nquan = 24                                
# nvalues = 2626                        
# units = specified
# name 0 = prSM: Pressure, Strain Gauge [db]
# name 1 = depSM: Depth [salt water, m], lat = 10.50
# name 2 = t090C: Temperature [ITS-90, deg C]
# name 3 = c0S/m: Conductivity [S/m]
# name 4 = sbeox0V: Oxygen raw, SBE 43 [V]
# name 5 = flECO-AFL: Fluorescence, WET Labs ECO-AFL/FL [mg/m^3]
# name 6 = bat: Beam Attenuation, Chelsea/Seatech [1/m]
# name 7 = dz/dtM: Descent Rate [m/s]
# name 8 = par: PAR/Irradiance, Biospherical/Licor
# name 9 = oxsatML/L: Oxygen Saturation, Weiss [ml/l]
# name 10 = oxsatMg/L: Oxygen Saturation, Weiss [mg/l]
# name 11 = sbeox0ML/L: Oxygen, SBE 43 [ml/l], WS = 2
# name 12 = sbeox0Mg/L: Oxygen, SBE 43 [mg/l], WS = 2
# name 13 = sbeox0Mm/Kg: Oxygen, SBE 43 [umol/kg], WS = 2
# name 14 = sigma-é00: Density [sigma-theta, kg/m^3]
# name 15 = sigma-t00: Density [sigma-t, kg/m^3 ]
# name 16 = depSM: Depth [salt water, m], lat = 10.5
# name 17 = potemp090C: Potential Temperature [ITS-90, deg C]
# name 18 = sal00: Salinity, Practical [PSU]
# name 19 = E: stability, E [rad^2/m]
# name 20 = E10^-8: stability, E [10^-8 rad^2/m]
# name 21 = N^2: buoyancy frequency, N^2 [rad^2/s^2]
# name 22 = N: buoyancy frequency, N [cycles/h]
# name 23 = flag: flag
# span 0 =      0.000,   1313.000       
# span 1 =     -0.000,   1301.454       
# span 2 =    17.2558,    27.4020       
# span 3 =   4.691990,   5.792875       
# span 4 =     0.5242,     2.6806       
# span 5 =    -0.1568,     0.5691       
# span 6 =     0.0270,     0.1861       
# span 7 =     -1.504,      1.393       
# span 8 = 1.0000e-12, 1.0000e-12       
# span 9 =    4.49775,    5.39896       
# span 10 =    6.42773,    7.71565      
# span 11 =     0.0497,     3.7059      
# span 12 =     0.0710,     5.2961      
# span 13 =      2.161,    161.558      
# span 14 =    23.8232,    26.4615      
# span 15 =    23.8231,    26.4277      
# span 16 =      0.000,   1301.452      
# span 17 =    17.0718,    27.4004      
# span 18 =    36.2555,    36.9411      
# span 19 = -6.865e-07, 7.6025e-05      
# span 20 =      -68.6,     7602.5      
# span 21 = -6.715e-06, 7.4368e-04      
# span 22 =      -1.48,      15.62      
# span 23 = 0.0000e+00, 0.0000e+00      
# interval = decibars: 1                
# start_time = Nov 11 2014 00:18:23 [System UpLoad Time]
# bad_flag = -9.990e-29
*END*
[from data line 906]
    907.000    899.893    17.2611   4.700849     0.5249     0.0403     0.1414      0.875 1.0000e-12    5.39848    7.71497     0.0548     0.0783      2.384    26.4583    26.4209    899.892    17.1059    36.2626 2.0458e-08        2.0 2.0012e-07       0.26 0.0000e+00
    908.000    900.882    17.2610   4.700877     0.5247     0.0348     0.1417      0.965 1.0000e-12    5.39849    7.71498     0.0551     0.0788      2.399    26.4584    26.4209    900.882    17.1056    36.2625 1.8656e-08        1.9 1.8250e-07       0.24 0.0000e+00
    909.000    901.872    17.2612   4.700957     0.5253     0.0363     0.1404      0.539 1.0000e-12    5.39847    7.71495     0.0564     0.0805      2.452    26.4585    26.4209    901.872    17.1057    36.2627 2.0913e-08        2.1 2.0457e-07       0.26 0.0000e+00
    910.000    902.863    17.2612   4.701000     0.5251     0.0299     0.1409      0.792 1.0000e-12    5.39847    7.71495     0.0549     0.0785      2.390    26.4585    26.4209    902.862    17.1055    36.2627 1.3443e-08        1.3 1.3150e-07       0.21 0.0000e+00
    911.000    903.852    17.2614   4.701048     0.5247     0.0362     0.1410      0.604 1.0000e-12    5.39845    7.71493     0.0545     0.0779      2.373    26.4584    26.4208    903.852    17.1055    36.2626 1.8867e-08        1.9 1.8456e-07       0.25 0.0000e+00
    912.000    904.842    17.2615   4.701111     0.5250     0.0350     0.1410      0.840 1.0000e-12    5.39843    7.71491     0.0546     0.0781      2.377    26.4585    26.4208    904.842    17.1054    36.2626 4.8512e-09        0.5 4.7454e-08       0.12 0.0000e+00
    913.000    905.833    17.2615   4.701153     0.5248     0.0402     0.1410      0.526 1.0000e-12    5.39844    7.71491     0.0560     0.0800      2.436    26.4585    26.4208    905.832    17.1053    36.2626 7.8289e-10        0.1 7.6582e-09       0.05 0.0000e+00
    914.000    906.822    17.2618   4.701223     0.5252     0.0326     0.1413      0.678 1.0000e-12    5.39841    7.71487     0.0539     0.0770      2.344    26.4585    26.4207    906.822    17.1054    36.2626 -8.470e-09       -0.8 -8.285e-08      -0.16 0.0000e+00
    915.000    907.812    17.2619   4.701273     0.5243     0.0436     0.1419      0.957 1.0000e-12    5.39840    7.71485     0.0529     0.0756      2.300    26.4585    26.4207    907.812    17.1053    36.2626 -1.073e-08       -1.1 -1.050e-07      -0.19 0.0000e+00
    916.000    908.802    17.2620   4.701331     0.5247     0.0382     0.1421      0.075 1.0000e-12    5.39838    7.71483     0.0550     0.0785      2.391    26.4585    26.4207    908.802    17.1052    36.2626 -3.266e-09       -0.3 -3.195e-08      -0.10 0.0000e+00
    917.000    909.792    17.2624   4.701392     0.5251     0.0435     0.1442      0.849 1.0000e-12    5.39835    7.71479     0.0551     0.0787      2.397    26.4583    26.4204    909.792    17.1055    36.2624 -2.807e-09       -0.3 -2.746e-08      -0.09 0.0000e+00
    918.000    910.782    17.2622   4.701428     0.5245     0.0436     0.1418      1.220 1.0000e-12    5.39837    7.71481     0.0534     0.0763      2.323    26.4585    26.4206    910.782    17.1051    36.2625 -4.166e-09       -0.4 -4.075e-08      -0.12 0.0000e+00
    919.000    911.773    17.2621   4.701437     0.5246     0.0247     0.1421     -0.205 1.0000e-12    5.39838    7.71483     0.0540     0.0772      2.351    26.4584    26.4204    911.772    17.1048    36.2623 1.4979e-09        0.1 1.4653e-08       0.07 0.0000e+00
    920.000    912.762    17.2626   4.701543     0.5245     0.0393     0.1422      0.868 1.0000e-12    5.39833    7.71476     0.0549     0.0785      2.389    26.4584    26.4204    912.762    17.1051    36.2624 2.8614e-09        0.3 2.7991e-08       0.10 0.0000e+00
    921.000    913.752    17.2625   4.701577     0.5248     0.0335     0.1425      1.351 1.0000e-12    5.39834    7.71477     0.0550     0.0785      2.392    26.4585    26.4204    913.752    17.1049    36.2625 1.4171e-08        1.4 1.3862e-07       0.21 0.0000e+00
    922.000    914.742    17.2626   4.701621     0.5250     0.0388     0.1421      0.021 1.0000e-12    5.39834    7.71476     0.0550     0.0785      2.391    26.4585    26.4203    914.742    17.1048    36.2624 2.4810e-08        2.5 2.4269e-07       0.28 0.0000e+00
    923.000    915.732    17.2630   4.701706     0.5248     0.0323     0.1429      0.859 1.0000e-12    5.39829    7.71470     0.0539     0.0770      2.343    26.4584    26.4203    915.732    17.1050    36.2624 2.2786e-08        2.3 2.2289e-07       0.27 0.0000e+00
    924.000    916.722    17.2628   4.701724     0.5244     0.0286     0.1418      1.205 1.0000e-12    5.39831    7.71473     0.0536     0.0766      2.331    26.4585    26.4203    916.722    17.1046    36.2624 9.6946e-09        1.0 9.4833e-08       0.18 0.0000e+00
    925.000    917.711    17.2629   4.701773     0.5246     0.0371     0.1415      0.411 1.0000e-12    5.39830    7.71472     0.0539     0.0770      2.343    26.4585    26.4202    917.712    17.1046    36.2623 1.5410e-08        1.5 1.5074e-07       0.22 0.0000e+00
    926.000    918.702    17.2629   4.701838     0.5242     0.0371     0.1415      0.676 1.0000e-12    5.39830    7.71470     0.0541     0.0773      2.354    26.4587    26.4204    918.702    17.1044    36.2625 2.4281e-08        2.4 2.3752e-07       0.28 0.0000e+00
    927.000    919.691    17.2628   4.701859     0.5247     0.0370     0.1425      1.041 1.0000e-12    5.39831    7.71472     0.0553     0.0790      2.406    26.4586    26.4203    919.692    17.1041    36.2624 3.4038e-08        3.4 3.3296e-07       0.33 0.0000e+00
    928.000    920.682    17.2627   4.701873     0.5245     0.0401     0.1417      0.129 1.0000e-12    5.39832    7.71475     0.0543     0.0775      2.361    26.4586    26.4202    920.681    17.1038    36.2623 3.5646e-08        3.6 3.4869e-07       0.34 0.0000e+00
    929.000    921.671    17.2629   4.701889     0.5251     0.0485     0.1424      0.646 1.0000e-12    5.39832    7.71474     0.0554     0.0791      2.409    26.4583    26.4199    921.671    17.1039    36.2618 3.0225e-08        3.0 2.9566e-07       0.31 0.0000e+00
    930.000    922.661    17.2618   4.701831     0.5246     0.0478     0.1417      1.263 1.0000e-12    5.39843    7.71489     0.0547     0.0781      2.377    26.4587    26.4202    922.661    17.1026    36.2620 3.7011e-08        3.7 3.6204e-07       0.34 0.0000e+00
    931.000    923.651    17.2614   4.701843     0.5247     0.0379     0.1422      0.537 1.0000e-12    5.39847    7.71496     0.0552     0.0788      2.400    26.4589    26.4204    923.651    17.1020    36.2620 3.6556e-08        3.7 3.5759e-07       0.34 0.0000e+00
    932.000    924.641    17.2618   4.701916     0.5248     0.0394     0.1424      0.466 1.0000e-12    5.39843    7.71489     0.0554     0.0791      2.409    26.4587    26.4202    924.641    17.1022    36.2620 3.6312e-08        3.6 3.5521e-07       0.34 0.0000e+00
    933.000    925.631    17.2619   4.701965     0.5248     0.0404     0.1420      1.233 1.0000e-12    5.39842    7.71489     0.0559     0.0799      2.431    26.4587    26.4202    925.631    17.1022    36.2619 3.6277e-08        3.6 3.5486e-07       0.34 0.0000e+00
    934.000    926.620    17.2619   4.701989     0.5249     0.0397     0.1421      0.774 1.0000e-12    5.39843    7.71490     0.0546     0.0780      2.375    26.4586    26.4200    926.621    17.1020    36.2618 3.7146e-08        3.7 3.6337e-07       0.35 0.0000e+00
    935.000    927.611    17.2618   4.702047     0.5245     0.0380     0.1418      0.479 1.0000e-12    5.39843    7.71489     0.0542     0.0774      2.357    26.4589    26.4202    927.611    17.1017    36.2620 1.2235e-08        1.2 1.1968e-07       0.20 0.0000e+00
    936.000    928.601    17.2617   4.702067     0.5247     0.0379     0.1420      0.929 1.0000e-12    5.39844    7.71492     0.0549     0.0784      2.388    26.4589    26.4202    928.601    17.1014    36.2619 8.1583e-09        0.8 7.9805e-08       0.16 0.0000e+00
    937.000    929.590    17.2618   4.702104     0.5249     0.0379     0.1421      0.329 1.0000e-12    5.39844    7.71491     0.0552     0.0789      2.402    26.4588    26.4200    929.591    17.1014    36.2617 1.0199e-08        1.0 9.9767e-08       0.18 0.0000e+00
    938.000    930.580    17.2621   4.702184     0.5248     0.0380     0.1419      0.823 1.0000e-12    5.39840    7.71486     0.0552     0.0789      2.401    26.4588    26.4200    930.580    17.1015    36.2618 5.4387e-09        0.5 5.3201e-08       0.13 0.0000e+00
    939.000    931.570    17.2620   4.702215     0.5248     0.0385     0.1415      0.873 1.0000e-12    5.39841    7.71487     0.0543     0.0775      2.360    26.4589    26.4200    931.570    17.1012    36.2618 5.4338e-09        0.5 5.3153e-08       0.13 0.0000e+00
    940.000    932.560    17.2621   4.702255     0.5248     0.0382     0.1406      0.563 1.0000e-12    5.39841    7.71486     0.0558     0.0797      2.426    26.4588    26.4199    932.560    17.1011    36.2617 -6.330e-09       -0.6 -6.192e-08      -0.14 0.0000e+00
    941.000    933.550    17.2622   4.702311     0.5247     0.0376     0.1413      0.742 1.0000e-12    5.39839    7.71484     0.0536     0.0766      2.332    26.4588    26.4199    933.550    17.1011    36.2617 -4.764e-09       -0.5 -4.660e-08      -0.12 0.0000e+00
    942.000    934.540    17.2624   4.702372     0.5246     0.0394     0.1413      0.672 1.0000e-12    5.39838    7.71482     0.0550     0.0787      2.395    26.4588    26.4198    934.540    17.1011    36.2617 -1.590e-09       -0.2 -1.555e-08      -0.07 0.0000e+00
    943.000    935.529    17.2626   4.702425     0.5249     0.0323     0.1408      0.557 1.0000e-12    5.39836    7.71479     0.0555     0.0793      2.415    26.4587    26.4197    935.530    17.1011    36.2616 1.8058e-09        0.2 1.7665e-08       0.08 0.0000e+00
    944.000    936.520    17.2624   4.702466     0.5249     0.0304     0.1415      0.747 1.0000e-12    5.39837    7.71481     0.0552     0.0789      2.401    26.4589    26.4199    936.520    17.1007    36.2617 1.1283e-09        0.1 1.1037e-08       0.06 0.0000e+00
    945.000    937.509    17.2627   4.702517     0.5248     0.0464     0.1408      0.368 1.0000e-12    5.39835    7.71478     0.0545     0.0779      2.371    26.4588    26.4197    937.509    17.1009    36.2615 9.2777e-09        0.9 9.0755e-08       0.17 0.0000e+00
    946.000    938.499    17.2630   4.702600     0.5248     0.0355     0.1409      0.954 1.0000e-12    5.39832    7.71473     0.0556     0.0794      2.418    26.4588    26.4197    938.499    17.1010    36.2616 1.1100e-08        1.1 1.0858e-07       0.19 0.0000e+00
    947.000    939.489    17.2628   4.702602     0.5249     0.0342     0.1417      0.584 1.0000e-12    5.39834    7.71477     0.0550     0.0786      2.392    26.4588    26.4196    939.489    17.1006    36.2615 1.0679e-08        1.1 1.0446e-07       0.19 0.0000e+00
    948.000    940.479    17.2630   4.702692     0.5244     0.0354     0.1417      0.488 1.0000e-12    5.39831    7.71473     0.0542     0.0775      2.358    26.4589    26.4197    940.479    17.1006    36.2617 1.7493e-08        1.7 1.7112e-07       0.24 0.0000e+00
    949.000    941.469    17.2630   4.702715     0.5250     0.0466     0.1415      0.943 1.0000e-12    5.39832    7.71473     0.0559     0.0799      2.433    26.4588    26.4196    941.469    17.1005    36.2615 2.0231e-08        2.0 1.9790e-07       0.25 0.0000e+00
    950.000    942.459    17.2630   4.702763     0.5247     0.0429     0.1418      0.872 1.0000e-12    5.39832    7.71473     0.0541     0.0774      2.355    26.4589    26.4196    942.458    17.1003    36.2616 2.7939e-08        2.8 2.7330e-07       0.30 0.0000e+00
    951.000    943.448    17.2631   4.702810     0.5248     0.0290     0.1414      0.746 1.0000e-12    5.39831    7.71472     0.0551     0.0788      2.399    26.4589    26.4196    943.448    17.1002    36.2615 2.0044e-08        2.0 1.9607e-07       0.25 0.0000e+00
    952.000    944.438    17.2629   4.702804     0.5250     0.0336     0.1406      0.385 1.0000e-12    5.39834    7.71477     0.0558     0.0798      2.429    26.4588    26.4194    944.438    17.0998    36.2613 2.0503e-08        2.1 2.0056e-07       0.26 0.0000e+00
    953.000    945.428    17.2627   4.702841     0.5247     0.0292     0.1418      0.903 1.0000e-12    5.39835    7.71478     0.0544     0.0778      2.369    26.4590    26.4196    945.428    17.0995    36.2614 1.3270e-08        1.3 1.2981e-07       0.21 0.0000e+00
    954.000    946.418    17.2627   4.702884     0.5244     0.0381     0.1419      0.207 1.0000e-12    5.39835    7.71478     0.0532     0.0760      2.313    26.4590    26.4196    946.418    17.0993    36.2614 6.4728e-09        0.6 6.3318e-08       0.14 0.0000e+00
    955.000    947.407    17.2630   4.702956     0.5247     0.0395     0.1412      0.655 1.0000e-12    5.39832    7.71474     0.0566     0.0809      2.464    26.4590    26.4195    947.407    17.0994    36.2614 4.8982e-09        0.5 4.7915e-08       0.13 0.0000e+00
    956.000    948.397    17.2630   4.702976     0.5250     0.0461     0.1416      1.202 1.0000e-12    5.39833    7.71475     0.0551     0.0788      2.398    26.4589    26.4193    948.397    17.0992    36.2612 5.3498e-09        0.5 5.2332e-08       0.13 0.0000e+00
    957.000    949.387    17.2628   4.703007     0.5245     0.0396     0.1418      0.517 1.0000e-12    5.39835    7.71478     0.0544     0.0777      2.366    26.4590    26.4194    949.387    17.0989    36.2613 3.3208e-09        0.3 3.2484e-08       0.10 0.0000e+00
    958.000    950.377    17.2632   4.703079     0.5253     0.0383     0.1421      0.484 1.0000e-12    5.39831    7.71473     0.0563     0.0805      2.450    26.4589    26.4193    950.377    17.0991    36.2612 -7.507e-09       -0.8 -7.344e-08      -0.16 0.0000e+00
    959.000    951.367    17.2633   4.703115     0.5243     0.0410     0.1425      1.149 1.0000e-12    5.39830    7.71472     0.0524     0.0749      2.280    26.4588    26.4191    951.367    17.0990    36.2610 5.8689e-09        0.6 5.7410e-08       0.14 0.0000e+00
    960.000    952.356    17.2629   4.703131     0.5250     0.0368     0.1426      0.604 1.0000e-12    5.39834    7.71477     0.0565     0.0807      2.458    26.4590    26.4193    952.356    17.0984    36.2611 2.1503e-08        2.2 2.1034e-07       0.26 0.0000e+00
    961.000    953.346    17.2630   4.703170     0.5254     0.0362     0.1422      0.413 1.0000e-12    5.39833    7.71476     0.0560     0.0800      2.434    26.4590    26.4192    953.346    17.0984    36.2610 2.7392e-08        2.7 2.6795e-07       0.30 0.0000e+00
    962.000    954.336    17.2628   4.703182     0.5249     0.0371     0.1425      1.120 1.0000e-12    5.39836    7.71479     0.0545     0.0779      2.370    26.4590    26.4192    954.336    17.0980    36.2609 1.7005e-08        1.7 1.6634e-07       0.23 0.0000e+00
    963.000    955.326    17.2628   4.703198     0.5247     0.0362     0.1418      0.648 1.0000e-12    5.39836    7.71480     0.0541     0.0773      2.353    26.4589    26.4190    955.326    17.0978    36.2607 2.4231e-08        2.4 2.3702e-07       0.28 0.0000e+00
    964.000    956.315    17.2625   4.703240     0.5248     0.0384     0.1420      0.609 1.0000e-12    5.39839    7.71484     0.0557     0.0796      2.423    26.4592    26.4193    956.315    17.0973    36.2610 2.0139e-08        2.0 1.9700e-07       0.25 0.0000e+00
    965.000    957.305    17.2625   4.703281     0.5246     0.0363     0.1420      0.874 1.0000e-12    5.39839    7.71483     0.0542     0.0775      2.360    26.4592    26.4193    957.305    17.0972    36.2610 1.5575e-08        1.6 1.5236e-07       0.22 0.0000e+00
    966.000    958.295    17.2626   4.703311     0.5249     0.0420     0.1422      0.737 1.0000e-12    5.39839    7.71484     0.0556     0.0795      2.420    26.4591    26.4191    958.295    17.0971    36.2608 2.2321e-08        2.2 2.1834e-07       0.27 0.0000e+00
