CTD_data/C216_3_1.cnv
* Sea-Bird SBE 25 Data File:
* FileName = C:\CTD_Data\C216_3\C216_3_1.hex
* Software Version Seasave V 7.19
* Temperature SN = 4430
* Conductivity SN = 3138
* System UpLoad Time = Nov 10 2014 14:50:23
** Ship: hermano gines
** Station: cariaco
** Operator: luis medina
** Latitude: 10 29.98 N
** Longitude: 64 40.07 W
# nquan = 24                                
# nvalues = 808                         
# units = specified
# name 0 = prSM: Pressure, Strain Gauge [db]
# name 1 = depSM: Depth [salt water, m], lat = 10.50
# name 2 = t090C: Temperature [ITS-90, deg C]
# name 3 = c0S/m: Conductivity [S/m]
# name 4 = sbeox0V: Oxygen raw, SBE 43 [V]
# name 5 = flECO-AFL: Fluorescence, WET Labs ECO-AFL/FL [mg/m^3]
# name 6 = bat: Beam Attenuation, Chelsea/Seatech [1/m]
# name 7 = dz/dtM: Descent Rate [m/s]
# name 8 = par: PAR/Irradiance, Biospherical/Licor
# name 9 = oxsatML/L: Oxygen Saturation, Weiss [ml/l]
# name 10 = oxsatMg/L: Oxygen Saturation, Weiss [mg/l]
# name 11 = sbeox0ML/L: Oxygen, SBE 43 [ml/l], WS = 2
# name 12 = sbeox0Mg/L: Oxygen, SBE 43 [mg/l], WS = 2
# name 13 = sbeox0Mm/Kg: Oxygen, SBE 43 [umol/kg], WS = 2
# name 14 = sigma-é00: Density [sigma-theta, kg/m^3]
# name 15 = sigma-t00: Density [sigma-t, kg/m^3 ]
# name 16 = depSM: Depth [salt water, m], lat = 10.5
# name 17 = potemp090C: Potential Temperature [ITS-90, deg C]
# name 18 = sal00: Salinity, Practical [PSU]
# name 19 = E: stability, E [rad^2/m]
# name 20 = E10^-8: stability, E [10^-8 rad^2/m]
# name 21 = N^2: buoyancy frequency, N^2 [rad^2/s^2]
# name 22 = N: buoyancy frequency, N [cycles/h]
# name 23 = flag: flag
# span 0 =      0.000,    404.000       
# span 1 =      0.000,    401.318       
# span 2 =    17.4828,    27.9045       
# span 3 =   4.708488,   5.845296       
# span 4 =     0.5242,     2.7000       
# span 5 =    -0.0298,     0.5057       
# span 6 =     0.0314,     0.1764       
# span 7 =     -1.457,      1.492       
# span 8 = 1.0000e-12, 1.0000e-12       
# span 9 =    4.46110,    5.37360       
# span 10 =    6.37537,    7.67942      
# span 11 =     0.0481,     3.7981      
# span 12 =     0.0688,     5.4278      
# span 13 =      2.093,    165.608      
# span 14 =    23.6428,    26.4288      
# span 15 =    23.6427,    26.4120      
# span 16 =      0.000,    401.318      
# span 17 =    17.4139,    27.9045      
# span 18 =    36.3206,    36.9395      
# span 19 = 5.5291e-08, 8.0986e-05      
# span 20 =        5.5,     8098.6      
# span 21 = 5.4085e-07, 7.9221e-04      
# span 22 =       0.42,      16.13      
# span 23 = 0.0000e+00, 0.0000e+00      
# interval = decibars: 1                
# start_time = Nov 10 2014 14:50:23 [System UpLoad Time]
# bad_flag = -9.990e-29
*END*
[from data line 61]
     62.000     61.639    24.3448   5.493737     2.1959     0.2071     0.0972      0.562 1.0000e-12    4.72780    6.75649     3.1181     4.4561    135.862    24.9836    24.9796     61.639    24.3315    36.9033 6.4228e-06      642.3 6.2828e-05       4.54 0.0000e+00
     63.000     62.633    24.3162   5.490703     2.1914     0.1932     0.0941      0.959 1.0000e-12    4.73011    6.75980     3.1121     4.4474    135.595    24.9925    24.9885     62.633    24.3027    36.9036 6.8820e-06      688.2 6.7320e-05       4.70 0.0000e+00
     64.000     63.627    24.3003   5.488850     2.1869     0.1804     0.0963      1.296 1.0000e-12    4.73144    6.76170     3.0996     4.4297    135.054    24.9964    24.9923     63.627    24.2866    36.9023 7.0599e-06      706.0 6.9060e-05       4.76 0.0000e+00
     65.000     64.622    24.2664   5.484670     2.1752     0.1812     0.1075      1.393 1.0000e-12    4.73431    6.76580     3.0775     4.3980    134.088    25.0036    24.9995     64.621    24.2525    36.8983 7.2470e-06      724.7 7.0891e-05       4.82 0.0000e+00
     66.000     65.616    24.2460   5.481844     2.1443     0.1530     0.0934      0.194 1.0000e-12    4.73610    6.76836     3.0218     4.3185    131.662    25.0061    25.0019     65.615    24.2319    36.8934 7.5778e-06      757.8 7.4127e-05       4.93 0.0000e+00
     67.000     66.609    24.1792   5.473633     2.1408     0.1333     0.0978      0.759 1.0000e-12    4.74175    6.77644     3.0426     4.3482    132.567    25.0206    25.0163     66.609    24.1649    36.8859 7.9621e-06      796.2 7.7885e-05       5.06 0.0000e+00
     68.000     67.603    24.1483   5.471008     2.1401     0.1333     0.1069      0.728 1.0000e-12    4.74413    6.77984     3.0350     4.3374    132.234    25.0339    25.0295     67.603    24.1338    36.8912 8.2860e-06      828.6 8.1054e-05       5.16 0.0000e+00
     69.000     68.598    24.1376   5.470385     2.1347     0.1470     0.1087      0.985 1.0000e-12    4.74491    6.78094     3.0220     4.3187    131.666    25.0400    25.0356     68.597    24.1229    36.8950 8.9280e-06      892.8 8.7334e-05       5.35 0.0000e+00
     70.000     69.592    24.1238   5.468775     2.1280     0.1453     0.1107      1.303 1.0000e-12    4.74607    6.78260     3.0099     4.3014    131.138    25.0433    25.0389     69.591    24.1089    36.8938 9.3109e-06      931.1 9.1080e-05       5.47 0.0000e+00
     71.000     70.585    24.0808   5.463820     2.1156     0.1461     0.1268      0.628 1.0000e-12    4.74965    6.78773     2.9868     4.2684    130.128    25.0544    25.0499     70.585    24.0657    36.8914 9.7467e-06      974.7 9.5343e-05       5.59 0.0000e+00
     72.000     71.579    24.0336   5.457992     2.0916     0.1280     0.1249      0.429 1.0000e-12    4.75368    6.79348     2.9445     4.2080    128.286    25.0643    25.0598     71.579    24.0183    36.8857 1.0988e-05     1098.8 1.0749e-04       5.94 0.0000e+00
     73.000     72.574    23.9839   5.451841     2.0859     0.1229     0.1249      0.901 1.0000e-12    4.75792    6.79954     2.9453     4.2091    128.320    25.0747    25.0700     72.573    23.9684    36.8797 1.2609e-05     1260.9 1.2334e-04       6.36 0.0000e+00
     74.000     73.567    23.9296   5.445703     2.0795     0.1042     0.1249      1.177 1.0000e-12    4.76244    6.80601     2.9306     4.1881    127.677    25.0893    25.0846     73.567    23.9139    36.8776 1.4140e-05     1414.0 1.3832e-04       6.74 0.0000e+00
     75.000     74.561    23.8981   5.442236     2.0664     0.0857     0.1297      1.173 1.0000e-12    4.76506    6.80975     2.9111     4.1603    126.828    25.0982    25.0935     74.561    23.8822    36.8769 1.5043e-05     1504.3 1.4715e-04       6.95 0.0000e+00
     76.000     75.555    23.8408   5.435332     2.0621     0.0703     0.1356      0.981 1.0000e-12    4.76994    6.81673     2.9189     4.1714    127.166    25.1111    25.1063     75.555    23.8248    36.8713 1.4864e-05     1486.4 1.4540e-04       6.91 0.0000e+00
     77.000     76.550    23.7345   5.424698     2.0538     0.0551     0.1376      0.671 1.0000e-12    4.77856    6.82903     2.9050     4.1516    126.557    25.1477    25.1429     76.549    23.7183    36.8780 1.4186e-05     1418.6 1.3877e-04       6.75 0.0000e+00
     78.000     77.544    23.6736   5.418375     2.0413     0.0432     0.1042      0.422 1.0000e-12    4.78355    6.83618     2.8902     4.1304    125.909    25.1672    25.1624     77.543    23.6572    36.8798 1.3352e-05     1335.2 1.3061e-04       6.55 0.0000e+00
     79.000     78.537    23.6314   5.413623     2.0384     0.0436     0.0920      0.905 1.0000e-12    4.78710    6.84124     2.8891     4.1288    125.857    25.1785    25.1736     78.537    23.6148    36.8781 1.2123e-05     1212.3 1.1858e-04       6.24 0.0000e+00
     80.000     79.531    23.6083   5.411252     2.0332     0.0426     0.0873      1.201 1.0000e-12    4.78900    6.84396     2.8807     4.1168    125.490    25.1859    25.1810     79.531    23.5915    36.8788 1.0764e-05     1076.4 1.0529e-04       5.88 0.0000e+00
     81.000     80.525    23.6015   5.410360     2.0291     0.0277     0.0890      1.074 1.0000e-12    4.78961    6.84484     2.8724     4.1050    125.130    25.1869    25.1818     80.525    23.5845    36.8773 8.9877e-06      898.8 8.7918e-05       5.37 0.0000e+00
     82.000     81.519    23.5811   5.407866     2.0165     0.0132     0.0886      0.719 1.0000e-12    4.79138    6.84736     2.8414     4.0606    123.779    25.1910    25.1860     81.519    23.5639    36.8748 7.1089e-06      710.9 6.9540e-05       4.78 0.0000e+00
     83.000     82.513    23.5372   5.402981     1.9985     0.0347     0.0795      0.611 1.0000e-12    4.79507    6.85264     2.8096     4.0151    122.390    25.2031    25.1979     82.513    23.5198    36.8735 6.2502e-06      625.0 6.1140e-05       4.48 0.0000e+00
     84.000     83.507    23.5182   5.401108     1.9900     0.0403     0.0763      0.872 1.0000e-12    4.79663    6.85486     2.8119     4.0185    122.491    25.2096    25.2044     83.507    23.5006    36.8746 5.9440e-06      594.4 5.8144e-05       4.37 0.0000e+00
     85.000     84.501    23.4891   5.397634     1.9909     0.0284     0.0746      0.734 1.0000e-12    4.79913    6.85844     2.8232     4.0347    122.984    25.2161    25.2108     84.501    23.4713    36.8718 6.1111e-06      611.1 5.9779e-05       4.43 0.0000e+00
     86.000     85.494    23.4752   5.396377     1.9925     0.0336     0.0774      0.922 1.0000e-12    4.80025    6.86005     2.8285     4.0422    123.213    25.2214    25.2161     85.495    23.4572    36.8734 8.0078e-06      800.8 7.8333e-05       5.07 0.0000e+00
     87.000     86.488    23.4518   5.393888     1.9956     0.0333     0.0794      1.075 1.0000e-12    4.80221    6.86284     2.8416     4.0609    123.783    25.2284    25.2230     86.489    23.4337    36.8734 9.7172e-06      971.7 9.5054e-05       5.59 0.0000e+00
     88.000     87.482    23.4465   5.393456     2.0027     0.0265     0.0802      0.703 1.0000e-12    4.80263    6.86344     2.8361     4.0531    123.542    25.2306    25.2252     87.483    23.4281    36.8742 1.1715e-05     1171.5 1.1459e-04       6.13 0.0000e+00
     89.000     88.477    23.4393   5.393311     1.9694     0.0210     0.0805      0.680 1.0000e-12    4.80311    6.86412     2.7251     3.8944    118.705    25.2362    25.2307     88.476    23.4207    36.8787 1.4175e-05     1417.5 1.3866e-04       6.75 0.0000e+00
     90.000     89.471    23.3788   5.385604     1.9292     0.0202     0.0768      0.751 1.0000e-12    4.80843    6.87173     2.6685     3.8136    116.241    25.2470    25.2415     89.470    23.3601    36.8695 1.6563e-05     1656.3 1.6202e-04       7.29 0.0000e+00
     91.000     90.465    23.1987   5.364592     1.9057     0.0124     0.0765      0.812 1.0000e-12    4.82391    6.89385     2.6521     3.7901    115.520    25.2907    25.2852     90.464    23.1799    36.8574 1.8611e-05     1861.1 1.8206e-04       7.73 0.0000e+00
     92.000     91.458    23.1441   5.358661     1.8935     0.0035     0.0912      0.952 1.0000e-12    4.82854    6.90046     2.6405     3.7735    115.014    25.3063    25.3007     91.458    23.1251    36.8569 1.9718e-05     1971.8 1.9289e-04       7.96 0.0000e+00
     93.000     92.452    23.0410   5.346749     1.8835    -0.0037     0.1160      1.061 1.0000e-12    4.83744    6.91318     2.6491     3.7858    115.385    25.3316    25.3260     92.452    23.0218    36.8506 1.9825e-05     1982.5 1.9393e-04       7.98 0.0000e+00
     94.000     93.446    22.9497   5.336483     1.9076     0.0059     0.1348      0.402 1.0000e-12    4.84529    6.92440     2.7407     3.9167    119.372    25.3555    25.3499     93.446    22.9304    36.8472 1.9246e-05     1924.6 1.8827e-04       7.86 0.0000e+00
     95.000     94.440    22.8994   5.332198     1.9231     0.0070     0.1375      0.616 1.0000e-12    4.84933    6.93018     2.7490     3.9286    119.731    25.3767    25.3711     94.440    22.8799    36.8557 1.7934e-05     1793.4 1.7544e-04       7.59 0.0000e+00
     96.000     95.433    22.8657   5.329974     1.9259     0.0081     0.1407      1.107 1.0000e-12    4.85191    6.93386     2.7508     3.9311    119.806    25.3946    25.3889     95.434    22.8460    36.8664 1.6476e-05     1647.6 1.6117e-04       7.27 0.0000e+00
     97.000     96.427    22.8214   5.324422     1.9274     0.0215     0.1308      1.369 1.0000e-12    4.85586    6.93951     2.7535     3.9350    119.925    25.4027    25.3970     96.428    22.8016    36.8601 1.6856e-05     1685.6 1.6489e-04       7.36 0.0000e+00
     98.000     97.422    22.8032   5.322526     1.9221     0.0200     0.1095      0.577 1.0000e-12    4.85741    6.94173     2.7321     3.9044    118.990    25.4082    25.4024     97.421    22.7832    36.8603 1.8351e-05     1835.1 1.7951e-04       7.68 0.0000e+00
     99.000     98.416    22.7288   5.313957     1.9129     0.0119     0.1032      0.637 1.0000e-12    4.86391    6.95101     2.7111     3.8744    118.076    25.4262    25.4204     98.415    22.7086    36.8557 2.1721e-05     2172.1 2.1248e-04       8.35 0.0000e+00
    100.000     99.410    22.6658   5.306857     1.8938     0.0163     0.0939      0.902 1.0000e-12    4.86939    6.95884     2.6673     3.8118    116.166    25.4424    25.4365     99.409    22.6454    36.8530 2.4451e-05     2445.1 2.3918e-04       8.86 0.0000e+00
    101.000    100.403    22.5534   5.293560     1.8632     0.0219     0.0786      0.492 1.0000e-12    4.87933    6.97305     2.6087     3.7281    113.613    25.4675    25.4616    100.403    22.5329    36.8434 2.6409e-05     2640.9 2.5833e-04       9.21 0.0000e+00
    102.000    101.397    22.4526   5.283393     1.8454     0.0168     0.0734      0.731 1.0000e-12    4.88789    6.98528     2.5982     3.7132    113.153    25.5003    25.4944    101.397    22.4320    36.8485 2.7290e-05     2729.0 2.6695e-04       9.36 0.0000e+00
    103.000    102.391    22.2445   5.259163     1.8410     0.0075     0.0734      1.209 1.0000e-12    4.90639    7.01172     2.6097     3.7296    113.648    25.5485    25.5426    102.391    22.2238    36.8338 2.6840e-05     2684.0 2.6255e-04       9.28 0.0000e+00
    104.000    103.385    22.0362   5.236992     1.8308     0.0042     0.0838      0.861 1.0000e-12    4.92454    7.03766     2.6080     3.7270    113.563    25.6087    25.6028    103.384    22.0154    36.8352 2.5413e-05     2541.3 2.4859e-04       9.03 0.0000e+00
    105.000    104.378    21.9665   5.228244     1.8231    -0.0007     0.0847      0.180 1.0000e-12    4.93095    7.04682     2.6067     3.7252    113.506    25.6205    25.6146    104.378    21.9456    36.8248 2.3456e-05     2345.6 2.2945e-04       8.68 0.0000e+00
    106.000    105.372    21.9379   5.225555     1.8219     0.0032     0.0823      1.015 1.0000e-12    4.93339    7.05030     2.6036     3.7209    113.373    25.6307    25.6247    105.372    21.9168    36.8275 2.0101e-05     2010.1 1.9663e-04       8.03 0.0000e+00
    107.000    106.366    21.9079   5.221799     1.8179     0.0066     0.0836      1.488 1.0000e-12    4.93616    7.05427     2.5882     3.6989    112.702    25.6357    25.6297    106.366    21.8866    36.8229 1.6501e-05     1650.1 1.6142e-04       7.28 0.0000e+00
    108.000    107.359    21.8709   5.217583     1.8005     0.0078     0.0848      0.812 1.0000e-12    4.93949    7.05903     2.5537     3.6495    111.197    25.6444    25.6384    107.360    21.8495    36.8206 1.4824e-05     1482.4 1.4501e-04       6.90 0.0000e+00
    109.000    108.353    21.7825   5.207354     1.7874    -0.0069     0.0821      0.383 1.0000e-12    4.94748    7.07044     2.5404     3.6305    110.616    25.6645    25.6585    108.354    21.7609    36.8143 1.4835e-05     1483.5 1.4511e-04       6.90 0.0000e+00
    110.000    109.347    21.7314   5.202506     1.7810    -0.0023     0.0826      1.011 1.0000e-12    4.95187    7.07672     2.5271     3.6116    110.036    25.6825    25.6764    109.347    21.7097    36.8190 1.6461e-05     1646.1 1.6103e-04       7.27 0.0000e+00
    111.000    110.341    21.7220   5.201238     1.7691    -0.0103     0.0820      0.927 1.0000e-12    4.95278    7.07801     2.5073     3.5832    109.173    25.6833    25.6772    110.341    21.7001    36.8165 1.7336e-05     1733.6 1.6958e-04       7.46 0.0000e+00
    112.000    111.335    21.6470   5.191879     1.7616    -0.0075     0.0778      0.562 1.0000e-12    4.95975    7.08798     2.5045     3.5792    109.051    25.6961    25.6899    111.335    21.6249    36.8056 1.7835e-05     1783.5 1.7446e-04       7.57 0.0000e+00
    113.000    112.328    21.4441   5.169042     1.7587    -0.0187     0.0796      1.026 1.0000e-12    4.97813    7.11424     2.5154     3.5947    109.518    25.7456    25.7394    112.329    21.4220    36.7964 1.7880e-05     1788.0 1.7490e-04       7.58 0.0000e+00
    114.000    113.322    21.3436   5.158476     1.7557    -0.0053     0.0813      0.880 1.0000e-12    4.98710    7.12706     2.5167     3.5967    109.573    25.7744    25.7682    113.323    21.3213    36.7975 1.7372e-05     1737.2 1.6993e-04       7.47 0.0000e+00
    115.000    114.316    21.3114   5.155056     1.7520    -0.0106     0.0794      0.701 1.0000e-12    4.98999    7.13120     2.5078     3.5840    109.186    25.7832    25.7770    114.316    21.2890    36.7973 1.6883e-05     1688.3 1.6515e-04       7.36 0.0000e+00
    116.000    115.310    21.2874   5.152053     1.7473    -0.0041     0.0804      0.820 1.0000e-12    4.99227    7.13445     2.5098     3.5867    109.268    25.7869    25.7807    115.310    21.2648    36.7934 1.6103e-05     1610.3 1.5752e-04       7.19 0.0000e+00
    117.000    116.303    21.2299   5.145413     1.7510    -0.0078     0.0764      0.777 1.0000e-12    4.99757    7.14203     2.5269     3.6112    110.012    25.7996    25.7933    116.304    21.2071    36.7891 1.4190e-05     1419.0 1.3881e-04       6.75 0.0000e+00
    118.000    117.297    21.1622   5.138057     1.7543    -0.0124     0.0767      0.787 1.0000e-12    5.00373    7.15083     2.5367     3.6252    110.439    25.8173    25.8109    117.298    21.1393    36.7877 1.1839e-05     1183.9 1.1581e-04       6.17 0.0000e+00
    119.000    118.291    21.1027   5.131284     1.7554    -0.0151     0.0760      0.736 1.0000e-12    5.00922    7.15867     2.5377     3.6266    110.478    25.8308    25.8245    118.291    21.0797    36.7839 1.0873e-05     1087.3 1.0636e-04       5.91 0.0000e+00
    120.000    119.284    21.0604   5.127113     1.7539    -0.0128     0.0753      0.875 1.0000e-12    5.01298    7.16405     2.5354     3.6233    110.377    25.8444    25.8380    119.285    21.0372    36.7864 1.0626e-05     1062.6 1.0394e-04       5.84 0.0000e+00
