CTD_data/C216_3_1.cnv
* Sea-Bird SBE 25 Data File:
* FileName = C:\CTD_Data\C216_3\C216_3_1.hex
* Software Version Seasave V 7.19
* Temperature SN = 4430
* Conductivity SN = 3138
* System UpLoad Time = Nov 10 2014 14:50:23
** Ship: hermano gines
** Station: cariaco
** Operator: luis medina
** Latitude: 10 29.98 N
** Longitude: 64 40.07 W
# nquan = 24                                
# nvalues = 808                         
# units = specified
# name 0 = prSM: Pressure, Strain Gauge [db]
# name 1 = depSM: Depth [salt water, m], lat = 10.50
# name 2 = t090C: Temperature [ITS-90, deg C]
# name 3 = c0S/m: Conductivity [S/m]
# name 4 = sbeox0V: Oxygen raw, SBE 43 [V]
# name 5 = flECO-AFL: Fluorescence, WET Labs ECO-AFL/FL [mg/m^3]
# name 6 = bat: Beam Attenuation, Chelsea/Seatech [1/m]
# name 7 = dz/dtM: Descent Rate [m/s]
# name 8 = par: PAR/Irradiance, Biospherical/Licor
# name 9 = oxsatML/L: Oxygen Saturation, Weiss [ml/l]
# name 10 = oxsatMg/L: Oxygen Saturation, Weiss [mg/l]
# name 11 = sbeox0ML/L: Oxygen, SBE 43 [ml/l], WS = 2
# name 12 = sbeox0Mg/L: Oxygen, SBE 43 [mg/l], WS = 2
# name 13 = sbeox0Mm/Kg: Oxygen, SBE 43 [umol/kg], WS = 2
# name 14 = sigma-é00: Density [sigma-theta, kg/m^3]
# name 15 = sigma-t00: Density [sigma-t, kg/m^3 ]
# name 16 = depSM: Depth [salt water, m], lat = 10.5
# name 17 = potemp090C: Potential Temperature [ITS-90, deg C]
# name 18 = sal00: Salinity, Practical [PSU]
# name 19 = E: stability, E [rad^2/m]
# name 20 = E10^-8: stability, E [10^-8 rad^2/m]
# name 21 = N^2: buoyancy frequency, N^2 [rad^2/s^2]
# name 22 = N: buoyancy frequency, N [cycles/h]
# name 23 = flag: flag
# span 0 =      0.000,    404.000       
# span 1 =      0.000,    401.318       
# span 2 =    17.4828,    27.9045       
# span 3 =   4.708488,   5.845296       
# span 4 =     0.5242,     2.7000       
# span 5 =    -0.0298,     0.5057       
# span 6 =     0.0314,     0.1764       
# span 7 =     -1.457,      1.492       
# span 8 = 1.0000e-12, 1.0000e-12       
# span 9 =    4.46110,    5.37360       
# span 10 =    6.37537,    7.67942      
# span 11 =     0.0481,     3.7981      
# span 12 =     0.0688,     5.4278      
# span 13 =      2.093,    165.608      
# span 14 =    23.6428,    26.4288      
# span 15 =    23.6427,    26.4120      
# span 16 =      0.000,    401.318      
# span 17 =    17.4139,    27.9045      
# span 18 =    36.3206,    36.9395      
# span 19 = 5.5291e-08, 8.0986e-05      
# span 20 =        5.5,     8098.6      
# span 21 = 5.4085e-07, 7.9221e-04      
# span 22 =       0.42,      16.13      
# span 23 = 0.0000e+00, 0.0000e+00      
# interval = decibars: 1                
# start_time = Nov 10 2014 14:50:23 [System UpLoad Time]
# bad_flag = -9.990e-29
*END*
[from data line 604]
    203.000    201.750    18.1242   4.778776     0.6986     0.0038     0.0410     -0.417 1.0000e-12    5.30464    7.58086     0.4553     0.6506     19.811    26.3463    26.3375    201.750    18.0888    36.4308 7.1226e-07       71.2 6.9674e-06       1.51 0.0000e+00
    202.000    200.757    18.1357   4.780224     0.7040    -0.0044     0.0402     -0.899 1.0000e-12    5.30340    7.57908     0.4595     0.6567     19.994    26.3454    26.3366    200.757    18.1005    36.4334 7.3064e-07       73.1 7.1472e-06       1.53 0.0000e+00
    201.000    199.763    18.1486   4.781626     0.7081    -0.0045     0.0397     -1.173 1.0000e-12    5.30207    7.57719     0.4674     0.6679     20.338    26.3428    26.3340    199.763    18.1136    36.4343 7.1450e-07       71.4 6.9892e-06       1.51 0.0000e+00
    200.000    198.770    18.1471   4.781326     0.7150     0.0042     0.0401     -0.814 1.0000e-12    5.30225    7.57745     0.4885     0.6981     21.256    26.3425    26.3338    198.770    18.1122    36.4334 8.3279e-07       83.3 8.1464e-06       1.64 0.0000e+00
    199.000    197.777    18.1526   4.782109     0.7241    -0.0049     0.0401     -0.703 1.0000e-12    5.30163    7.57655     0.5101     0.7290     22.197    26.3428    26.3341    197.777    18.1179    36.4356 1.0869e-06      108.7 1.0632e-05       1.87 0.0000e+00
    198.000    196.783    18.1574   4.782689     0.7295    -0.0145     0.0402     -1.001 1.0000e-12    5.30111    7.57582     0.5180     0.7403     22.542    26.3423    26.3337    196.783    18.1229    36.4367 1.3406e-06      134.1 1.3114e-05       2.07 0.0000e+00
    197.000    195.790    18.1671   4.783763     0.7363    -0.0039     0.0404     -1.187 1.0000e-12    5.30010    7.57437     0.5479     0.7830     23.840    26.3406    26.3320    195.790    18.1327    36.4377 1.3921e-06      139.2 1.3618e-05       2.11 0.0000e+00
    196.000    194.796    18.1690   4.783978     0.7596    -0.0151     0.0404     -0.713 1.0000e-12    5.29989    7.57408     0.6099     0.8716     26.539    26.3405    26.3319    194.797    18.1348    36.4382 1.4264e-06      142.6 1.3953e-05       2.14 0.0000e+00
    195.000    193.803    18.2029   4.788242     0.7763    -0.0208     0.0417     -0.512 1.0000e-12    5.29627    7.56890     0.6259     0.8944     27.234    26.3371    26.3286    193.803    18.1688    36.4449 1.5831e-06      158.3 1.5486e-05       2.25 0.0000e+00
    194.000    192.809    18.2223   4.790431     0.7803    -0.0175     0.0413     -1.005 1.0000e-12    5.29426    7.56603     0.6248     0.8929     27.188    26.3336    26.3251    192.810    18.1884    36.4467 1.6936e-06      169.4 1.6567e-05       2.33 0.0000e+00
    193.000    191.817    18.2361   4.791955     0.7842    -0.0083     0.0427     -1.330 1.0000e-12    5.29284    7.56400     0.6439     0.9201     28.017    26.3310    26.3225    191.816    18.2023    36.4479 1.7032e-06      170.3 1.6661e-05       2.34 0.0000e+00
    192.000    190.823    18.2255   4.790597     0.8054    -0.0102     0.0423     -0.570 1.0000e-12    5.29396    7.56560     0.7097     1.0143     30.882    26.3322    26.3238    190.823    18.1919    36.4461 1.6943e-06      169.4 1.6573e-05       2.33 0.0000e+00
    191.000    189.830    18.2445   4.793067     0.8204    -0.0204     0.0417     -0.633 1.0000e-12    5.29191    7.56266     0.7311     1.0448     31.814    26.3309    26.3226    189.830    18.2111    36.4507 1.7262e-06      172.6 1.6886e-05       2.35 0.0000e+00
    190.000    188.837    18.2611   4.795016     0.8286    -0.0142     0.0417     -1.184 1.0000e-12    5.29017    7.56018     0.7485     1.0697     32.570    26.3285    26.3201    188.836    18.2278    36.4529 1.5913e-06      159.1 1.5566e-05       2.26 0.0000e+00
    189.000    187.843    18.2698   4.795994     0.8406    -0.0039     0.0412     -1.171 1.0000e-12    5.28927    7.55889     0.7804     1.1153     33.959    26.3270    26.3187    187.843    18.2367    36.4539 1.5034e-06      150.3 1.4706e-05       2.20 0.0000e+00
    188.000    186.849    18.2795   4.797152     0.8593    -0.0037     0.0403     -0.746 1.0000e-12    5.28824    7.55743     0.8199     1.1718     35.679    26.3258    26.3175    186.849    18.2466    36.4556 1.3978e-06      139.8 1.3674e-05       2.12 0.0000e+00
    187.000    185.856    18.2987   4.799466     0.8715    -0.0013     0.0400     -0.776 1.0000e-12    5.28623    7.55454     0.8368     1.1958     36.412    26.3233    26.3151    185.856    18.2659    36.4587 1.3995e-06      140.0 1.3690e-05       2.12 0.0000e+00
    186.000    184.863    18.3132   4.801088     0.8797    -0.0004     0.0391     -0.937 1.0000e-12    5.28473    7.55240     0.8444     1.2068     36.746    26.3206    26.3124    184.862    18.2806    36.4600 1.2543e-06      125.4 1.2270e-05       2.01 0.0000e+00
    185.000    183.869    18.3167   4.801520     0.8833    -0.0013     0.0384     -0.984 1.0000e-12    5.28435    7.55187     0.8477     1.2114     36.886    26.3205    26.3123    183.869    18.2842    36.4610 1.2104e-06      121.0 1.1840e-05       1.97 0.0000e+00
    184.000    182.876    18.3194   4.801726     0.8889    -0.0048     0.0375     -0.965 1.0000e-12    5.28408    7.55148     0.8665     1.2384     37.708    26.3195    26.3114    182.876    18.2871    36.4607 1.2298e-06      123.0 1.2030e-05       1.99 0.0000e+00
    183.000    181.882    18.3173   4.801558     0.8998    -0.0148     0.0381     -0.716 1.0000e-12    5.28427    7.55175     0.9003     1.2867     39.178    26.3206    26.3126    181.882    18.2852    36.4615 1.3180e-06      131.8 1.2893e-05       2.06 0.0000e+00
    182.000    180.889    18.3325   4.803394     0.9138    -0.0030     0.0381     -0.725 1.0000e-12    5.28267    7.54946     0.9325     1.3327     40.579    26.3187    26.3107    180.889    18.3006    36.4641 1.1910e-06      119.1 1.1650e-05       1.96 0.0000e+00
    181.000    179.895    18.3469   4.805317     0.9240    -0.0069     0.0373     -0.890 1.0000e-12    5.28110    7.54722     0.9501     1.3578     41.344    26.3181    26.3101    179.895    18.3151    36.4680 1.4149e-06      141.5 1.3841e-05       2.13 0.0000e+00
    180.000    178.902    18.3638   4.807146     0.9319    -0.0003     0.0376     -1.058 1.0000e-12    5.27938    7.54476     0.9581     1.3692     41.691    26.3146    26.3066    178.902    18.3322    36.4690 1.6054e-06      160.5 1.5704e-05       2.27 0.0000e+00
    179.000    177.908    18.3733   4.808202     0.9354    -0.0091     0.0377     -0.973 1.0000e-12    5.27840    7.54336     0.9624     1.3754     41.878    26.3129    26.3049    177.908    18.3418    36.4700 1.8180e-06      181.8 1.7784e-05       2.42 0.0000e+00
    178.000    176.915    18.3805   4.808744     0.9463    -0.0120     0.0381     -0.843 1.0000e-12    5.27773    7.54240     1.0086     1.4414     43.890    26.3099    26.3020    176.915    18.3492    36.4686 2.2939e-06      229.4 2.2439e-05       2.71 0.0000e+00
    177.000    175.922    18.3777   4.808744     0.9641    -0.0031     0.0382     -0.819 1.0000e-12    5.27792    7.54267     1.0516     1.5029     45.762    26.3128    26.3049    175.921    18.3466    36.4714 2.3577e-06      235.8 2.3063e-05       2.75 0.0000e+00
    176.000    174.928    18.4223   4.813946     0.9828    -0.0067     0.0378     -0.781 1.0000e-12    5.27330    7.53608     1.0982     1.5694     47.788    26.3054    26.2976    174.928    18.3913    36.4765 2.3731e-06      237.3 2.3214e-05       2.76 0.0000e+00
    175.000    173.935    18.4303   4.815108     1.0022    -0.0147     0.0385     -0.905 1.0000e-12    5.27241    7.53480     1.1351     1.6221     49.393    26.3058    26.2980    173.934    18.3995    36.4797 2.5647e-06      256.5 2.5088e-05       2.87 0.0000e+00
    174.000    172.941    18.4597   4.818771     1.0141    -0.0119     0.0385     -0.967 1.0000e-12    5.26931    7.53037     1.1450     1.6362     49.823    26.3025    26.2948    172.941    18.4290    36.4852 3.3779e-06      337.8 3.3043e-05       3.29 0.0000e+00
    173.000    171.947    18.4914   4.821990     1.0258    -0.0055     0.0382     -0.906 1.0000e-12    5.26617    7.52588     1.1855     1.6942     51.589    26.2942    26.2865    171.947    18.4609    36.4848 4.2712e-06      427.1 4.1781e-05       3.70 0.0000e+00
    172.000    170.954    18.4792   4.820624     1.0490    -0.0084     0.0371     -0.862 1.0000e-12    5.26739    7.52763     1.2603     1.8011     54.841    26.2969    26.2892    170.954    18.4488    36.4844 4.8766e-06      487.7 4.7703e-05       3.96 0.0000e+00
    171.000    169.960    18.5260   4.827086     1.0847    -0.0106     0.0372     -0.877 1.0000e-12    5.26231    7.52036     1.3594     1.9428     59.156    26.2956    26.2879    169.960    18.4958    36.4982 5.1848e-06      518.5 5.0718e-05       4.08 0.0000e+00
    170.000    168.967    18.5711   4.832330     1.1230    -0.0150     0.0369     -0.765 1.0000e-12    5.25767    7.51374     1.4236     2.0345     61.950    26.2879    26.2803    168.967    18.5410    36.5031 5.9096e-06      591.0 5.7808e-05       4.36 0.0000e+00
    169.000    167.974    18.6604   4.842704     1.1405    -0.0098     0.0386     -1.026 1.0000e-12    5.24854    7.50069     1.4238     2.0348     61.959    26.2723    26.2646    167.973    18.6304    36.5124 6.4688e-06      646.9 6.3278e-05       4.56 0.0000e+00
    168.000    166.980    18.7404   4.852911     1.1536    -0.0022     0.0392     -1.019 1.0000e-12    5.24015    7.48870     1.4541     2.0781     63.280    26.2641    26.2565    166.980    18.7105    36.5284 6.4278e-06      642.8 6.2877e-05       4.54 0.0000e+00
    167.000    165.986    18.7054   4.847832     1.1819    -0.0113     0.0410     -0.637 1.0000e-12    5.24396    7.49415     1.5314     2.1885     66.642    26.2641    26.2565    165.986    18.6757    36.5167 6.7412e-06      674.1 6.5943e-05       4.65 0.0000e+00
    166.000    164.993    18.7771   4.857215     1.2006    -0.0098     0.0417     -0.779 1.0000e-12    5.23639    7.48332     1.5439     2.2064     67.187    26.2583    26.2507    164.993    18.7475    36.5330 6.5613e-06      656.1 6.4183e-05       4.59 0.0000e+00
    165.000    163.999    18.8440   4.865064     1.2060    -0.0023     0.0412     -1.153 1.0000e-12    5.22958    7.47359     1.5383     2.1984     66.945    26.2469    26.2393    163.999    18.8145    36.5406 6.4331e-06      643.3 6.2929e-05       4.55 0.0000e+00
    164.000    163.006    18.8773   4.868506     1.2127    -0.0060     0.0419     -1.194 1.0000e-12    5.22631    7.46892     1.5645     2.2358     68.084    26.2383    26.2308    163.006    18.8479    36.5406 6.1068e-06      610.7 5.9737e-05       4.43 0.0000e+00
    163.000    162.012    18.8562   4.865991     1.2482    -0.0153     0.0424     -0.592 1.0000e-12    5.22845    7.47197     1.6914     2.4172     73.606    26.2420    26.2345    162.012    18.8270    36.5384 5.8958e-06      589.6 5.7673e-05       4.35 0.0000e+00
    162.000    161.018    18.9269   4.874624     1.2932    -0.0117     0.0423     -0.490 1.0000e-12    5.22118    7.46159     1.7685     2.5273     76.961    26.2321    26.2246    161.019    18.8978    36.5491 5.9256e-06      592.6 5.7964e-05       4.36 0.0000e+00
    161.000    160.025    18.9762   4.880972     1.3039    -0.0077     0.0420     -1.073 1.0000e-12    5.21605    7.45425     1.7586     2.5132     76.533    26.2273    26.2198    160.025    18.9473    36.5595 6.5301e-06      653.0 6.3877e-05       4.58 0.0000e+00
    160.000    159.032    19.0554   4.890333     1.3105    -0.0077     0.0403     -1.435 1.0000e-12    5.20803    7.44280     1.7621     2.5183     76.687    26.2139    26.2065    159.031    19.0266    36.5687 6.4431e-06      644.3 6.3027e-05       4.55 0.0000e+00
    159.000    158.038    19.0480   4.888784     1.3292    -0.0148     0.0388     -0.907 1.0000e-12    5.20894    7.44409     1.8238     2.6064     79.370    26.2111    26.2037    158.038    19.0193    36.5626 6.7804e-06      678.0 6.6326e-05       4.67 0.0000e+00
    158.000    157.044    19.0678   4.891743     1.3624    -0.0150     0.0373     -0.449 1.0000e-12    5.20677    7.44100     1.8952     2.7084     82.477    26.2119    26.2046    157.044    19.0393    36.5704 6.8944e-06      689.4 6.7442e-05       4.71 0.0000e+00
    157.000    156.051    19.1392   4.900911     1.3769    -0.0150     0.0370     -0.953 1.0000e-12    5.19938    7.43043     1.9072     2.7255     82.999    26.2045    26.1971    156.051    19.1108    36.5848 6.6473e-06      664.7 6.5025e-05       4.62 0.0000e+00
    156.000    155.058    19.2524   4.913465     1.3871    -0.0078     0.0368     -1.076 1.0000e-12    5.18823    7.41449     1.9102     2.7299     83.134    26.1797    26.1723    155.057    19.2241    36.5908 6.6008e-06      660.1 6.4569e-05       4.60 0.0000e+00
    155.000    154.064    19.2393   4.912389     1.3928    -0.0087     0.0366     -0.955 1.0000e-12    5.18940    7.41617     1.9193     2.7428     83.527    26.1853    26.1779    154.064    19.2112    36.5937 6.1375e-06      613.8 6.0037e-05       4.44 0.0000e+00
    154.000    153.070    19.2836   4.917177     1.3995    -0.0150     0.0377     -1.016 1.0000e-12    5.18507    7.40999     1.9303     2.7587     84.010    26.1748    26.1676    153.070    19.2556    36.5951 6.7826e-06      678.3 6.6348e-05       4.67 0.0000e+00
    153.000    152.076    19.2923   4.918515     1.4069    -0.0110     0.0404     -0.853 1.0000e-12    5.18411    7.40861     1.9477     2.7834     84.763    26.1755    26.1683    152.076    19.2645    36.5991 8.1363e-06      813.6 7.9589e-05       5.11 0.0000e+00
    152.000    151.083    19.3207   4.921215     1.4156    -0.0075     0.0390     -0.798 1.0000e-12    5.18143    7.40478     1.9707     2.8164     85.768    26.1666    26.1594    151.083    19.2930    36.5970 9.3375e-06      933.7 9.1340e-05       5.48 0.0000e+00
    151.000    150.090    19.3773   4.928260     1.4348    -0.0192     0.0405     -0.789 1.0000e-12    5.17569    7.39657     2.0453     2.9230     89.016    26.1591    26.1519    150.089    19.3498    36.6065 9.6148e-06      961.5 9.4052e-05       5.56 0.0000e+00
    150.000    149.096    19.4250   4.935266     1.4729    -0.0122     0.0424     -0.763 1.0000e-12    5.17058    7.38927     2.1456     3.0663     93.380    26.1595    26.1524    149.096    19.3976    36.6235 1.0632e-05     1063.2 1.0400e-04       5.84 0.0000e+00
    149.000    148.102    19.5424   4.948944     1.5038    -0.0104     0.0429     -0.953 1.0000e-12    5.15897    7.37269     2.1787     3.1136     94.823    26.1375    26.1303    148.102    19.5151    36.6348 1.1042e-05     1104.2 1.0801e-04       5.95 0.0000e+00
    148.000    147.108    19.7093   4.969054     1.5177    -0.0181     0.0394     -1.036 1.0000e-12    5.14240    7.34900     2.1695     3.1004     94.422    26.1098    26.1026    147.108    19.6820    36.6560 1.1511e-05     1151.1 1.1260e-04       6.08 0.0000e+00
    147.000    146.114    19.7771   4.976167     1.5302    -0.0169     0.0357     -0.948 1.0000e-12    5.13595    7.33979     2.2010     3.1454     95.795    26.0919    26.0847    146.115    19.7499    36.6560 1.1383e-05     1138.3 1.1135e-04       6.05 0.0000e+00
    146.000    145.121    19.7270   4.969596     1.5519    -0.0096     0.0348     -0.887 1.0000e-12    5.14102    7.34703     2.2624     3.2332     98.470    26.0972    26.0901    145.121    19.7000    36.6458 1.0332e-05     1033.2 1.0107e-04       5.76 0.0000e+00
    145.000    144.127    19.8157   4.981329     1.5844    -0.0152     0.0338     -0.689 1.0000e-12    5.13199    7.33413     2.3228     3.3196    101.101    26.0890    26.0819    144.128    19.7888    36.6658 9.4082e-06      940.8 9.2031e-05       5.50 0.0000e+00
    144.000    143.134    19.8913   4.990666     1.6008    -0.0118     0.0333     -0.694 1.0000e-12    5.12449    7.32341     2.3237     3.3208    101.140    26.0778    26.0707    143.134    19.8645    36.6773 7.8731e-06      787.3 7.7015e-05       5.03 0.0000e+00
