CTD_data/C216_3_2.cnv
* Sea-Bird SBE 25 Data File:
* FileName = C:\CTD_Data\C216_3\C216_3_2.hex
* Software Version Seasave V 7.19
* Temperature SN = 4430
* Conductivity SN = 3138
* System UpLoad Time = Nov 10 2014 19:38:21
** Ship: hermano gines
** Station: cariaco
** Operator: Luis medina
** Latitude: 10 30.195 N
** Longitude: 64 40.14 W
# nquan = 24                                
# nvalues = 531                         
# units = specified
# name 0 = prSM: Pressure, Strain Gauge [db]
# name 1 = depSM: Depth [salt water, m], lat = 10.50
# name 2 = t090C: Temperature [ITS-90, deg C]
# name 3 = c0S/m: Conductivity [S/m]
# name 4 = sbeox0V: Oxygen raw, SBE 43 [V]
# name 5 = flECO-AFL: Fluorescence, WET Labs ECO-AFL/FL [mg/m^3]
# name 6 = bat: Beam Attenuation, Chelsea/Seatech [1/m]
# name 7 = dz/dtM: Descent Rate [m/s]
# name 8 = par: PAR/Irradiance, Biospherical/Licor
# name 9 = oxsatML/L: Oxygen Saturation, Weiss [ml/l]
# name 10 = oxsatMg/L: Oxygen Saturation, Weiss [mg/l]
# name 11 = sbeox0ML/L: Oxygen, SBE 43 [ml/l], WS = 2
# name 12 = sbeox0Mg/L: Oxygen, SBE 43 [mg/l], WS = 2
# name 13 = sbeox0Mm/Kg: Oxygen, SBE 43 [umol/kg], WS = 2
# name 14 = sigma-é00: Density [sigma-theta, kg/m^3]
# name 15 = sigma-t00: Density [sigma-t, kg/m^3 ]
# name 16 = depSM: Depth [salt water, m], lat = 10.5
# name 17 = potemp090C: Potential Temperature [ITS-90, deg C]
# name 18 = sal00: Salinity, Practical [PSU]
# name 19 = E: stability, E [rad^2/m]
# name 20 = E10^-8: stability, E [10^-8 rad^2/m]
# name 21 = N^2: buoyancy frequency, N^2 [rad^2/s^2]
# name 22 = N: buoyancy frequency, N [cycles/h]
# name 23 = flag: flag
# span 0 =      1.000,    303.000       
# span 1 =      0.994,    301.061       
# span 2 =    17.7110,    27.6286       
# span 3 =   4.732283,   5.812653       
# span 4 =     0.5244,     2.6848       
# span 5 =    -0.0324,     0.4786       
# span 6 =     0.0710,     0.2710       
# span 7 =     -4.011,      1.237       
# span 8 = 1.0000e-12, 1.0000e-12       
# span 9 =    4.48169,    5.34885       
# span 10 =    6.40477,    7.64404      
# span 11 =     0.0491,     3.6790      
# span 12 =     0.0702,     5.2577      
# span 13 =      2.137,    160.384      
# span 14 =    23.7377,    26.3999      
# span 15 =    23.7373,    26.3871      
# span 16 =      0.994,    301.062      
# span 17 =    17.6590,    27.6274      
# span 18 =    36.3611,    37.1017      
# span 19 = 7.3947e-08, 7.6915e-05      
# span 20 =        7.4,     7691.5      
# span 21 = 7.2335e-07, 7.5238e-04      
# span 22 =       0.49,      15.72      
# span 23 = 0.0000e+00, 0.0000e+00      
# interval = decibars: 1                
# start_time = Nov 10 2014 19:38:21 [System UpLoad Time]
# bad_flag = -9.990e-29
*END*
[from data line 484]
    121.000    120.279    21.0370   5.124881     1.7533    -0.0082     0.1883     -0.710 1.0000e-12    5.01505    7.16701     2.5388     3.6282    110.525    25.8522    25.8458    120.279    21.0136    36.7881 1.2960e-05     1296.0 1.2678e-04       6.45 0.0000e+00
    120.000    119.285    21.1088   5.133024     1.7513    -0.0135     0.1870     -0.563 1.0000e-12    5.00842    7.15753     2.5294     3.6147    110.116    25.8356    25.8292    119.285    21.0856    36.7924 1.3718e-05     1371.8 1.3419e-04       6.64 0.0000e+00
    119.000    118.291    21.1267   5.135337     1.7518     0.0040     0.1875     -0.858 1.0000e-12    5.00669    7.15507     2.5317     3.6181    110.219    25.8334    25.8270    118.291    21.1036    36.7960 1.5230e-05     1523.0 1.4898e-04       6.99 0.0000e+00
    118.000    117.297    21.2175   5.145430     1.7535    -0.0136     0.1875     -1.027 1.0000e-12    4.99839    7.14320     2.5312     3.6173    110.198    25.8110    25.8047    117.298    21.1946    36.7995 1.7471e-05     1747.1 1.7090e-04       7.49 0.0000e+00
    117.000    116.303    21.3130   5.156070     1.7562    -0.0042     0.1882     -0.858 1.0000e-12    4.98968    7.13075     2.5329     3.6198    110.275    25.7875    25.7812    116.304    21.2902    36.8033 1.9627e-05     1962.7 1.9200e-04       7.94 0.0000e+00
    116.000    115.310    21.3636   5.161860     1.7633     0.0009     0.1894     -0.581 1.0000e-12    4.98503    7.12411     2.5432     3.6345    110.724    25.7760    25.7697    115.310    21.3409    36.8067 2.1030e-05     2103.0 2.0571e-04       8.22 0.0000e+00
    115.000    114.316    21.4704   5.175179     1.7672    -0.0004     0.1900     -0.697 1.0000e-12    4.97502    7.10979     2.5477     3.6409    110.923    25.7581    25.7518    114.316    21.4479    36.8223 2.1479e-05     2147.9 2.1010e-04       8.31 0.0000e+00
    114.000    113.322    21.5948   5.186805     1.7766    -0.0049     0.1914     -0.706 1.0000e-12    4.96430    7.09448     2.5577     3.6552    111.363    25.7133    25.7071    113.323    21.5724    36.8091 2.1318e-05     2131.8 2.0853e-04       8.27 0.0000e+00
    113.000    112.329    21.7481   5.205313     1.7861     0.0024     0.1928     -0.456 1.0000e-12    4.95019    7.07432     2.5650     3.6656    111.685    25.6833    25.6770    112.329    21.7257    36.8260 1.9704e-05     1970.4 1.9274e-04       7.95 0.0000e+00
    112.000    111.335    21.8000   5.210002     1.7940    -0.0024     0.1929     -0.669 1.0000e-12    4.94578    7.06802     2.5819     3.6897    112.421    25.6636    25.6574    111.335    21.7778    36.8194 1.8228e-05     1822.8 1.7831e-04       7.65 0.0000e+00
    111.000    110.341    21.8363   5.214183     1.8037     0.0147     0.1942     -0.625 1.0000e-12    4.94251    7.06334     2.5963     3.7104    113.052    25.6554    25.6492    110.341    21.8143    36.8220 6.6057e-06      660.6 6.4617e-05       4.61 0.0000e+00
    110.000    109.347    21.8963   5.221009     1.8647     0.0027     0.1960     -0.374 1.0000e-12    4.93711    7.05562     2.8000     4.0015    121.921    25.6411    25.6349    109.347    21.8744    36.8254 1.0865e-05     1086.5 1.0629e-04       5.91 0.0000e+00
    109.000    108.353    21.9254   5.223985     1.9096     0.0074     0.1960     -0.622 1.0000e-12    4.93457    7.05200     2.8081     4.0131    122.277    25.6322    25.6261    108.354    21.9037    36.8246 1.6193e-05     1619.3 1.5840e-04       7.21 0.0000e+00
    108.000    107.360    21.9576   5.228017     1.9206     0.0298     0.1975     -0.406 1.0000e-12    4.93160    7.04775     2.8152     4.0233    122.587    25.6268    25.6207    107.360    21.9361    36.8295 2.1117e-05     2111.7 2.0657e-04       8.23 0.0000e+00
    107.000    106.366    21.9896   5.230002     1.9214     0.0364     0.1957     -0.268 1.0000e-12    4.92910    7.04418     2.8149     4.0228    122.576    25.6092    25.6032    106.366    21.9683    36.8184 2.5886e-05     2588.6 2.5322e-04       9.12 0.0000e+00
    106.000    105.372    21.9833   5.264982     1.9227     0.0362     0.1968     -0.174 1.0000e-12    4.92153    7.03336     2.8142     4.0217    122.516    25.8265    25.8205    105.372    21.9621    37.1017 2.9672e-05     2967.2 2.9026e-04       9.76 0.0000e+00
    105.000    104.378    22.6773   5.317143     1.9238     0.0362     0.2093     -1.048 1.0000e-12    4.86652    6.95474     2.7688     3.9569    120.580    25.4918    25.4856    104.378    22.6559    36.9220 3.1543e-05     3154.3 3.0855e-04      10.06 0.0000e+00
    104.000    103.385    22.7855   5.324041     1.9256     0.0292     0.2102     -2.433 1.0000e-12    4.85823    6.94290     2.7648     3.9511    120.412    25.4324    25.4262    103.384    22.7642    36.8849 3.2636e-05     3263.6 3.1924e-04      10.24 0.0000e+00
    103.000    102.391    22.7820   5.322863     1.9285     0.0289     0.2112     -4.011 1.0000e-12    4.85870    6.94357     2.7675     3.9550    120.531    25.4288    25.4227    102.391    22.7609    36.8790 3.3240e-05     3324.0 3.2515e-04      10.33 0.0000e+00
    102.000    101.397    22.8204   5.325819     1.9281     0.0227     0.2107     -1.621 1.0000e-12    4.85567    6.93924     2.7553     3.9376    120.003    25.4109    25.4048    101.397    22.7995    36.8701 3.2220e-05     3222.0 3.1517e-04      10.17 0.0000e+00
    101.000    100.403    22.8270   5.325200     1.9185     0.0197     0.2245     -0.083 1.0000e-12    4.85539    6.93883     2.7328     3.9055    119.025    25.4013    25.3953    100.403    22.8063    36.8601 3.0171e-05     3017.1 2.9513e-04       9.84 0.0000e+00
    100.000     99.410    22.8279   5.325294     1.9036     0.0215     0.2328     -0.741 1.0000e-12    4.85530    6.93871     2.6850     3.8371    116.941    25.4012    25.3953     99.409    22.8074    36.8604 1.5953e-05     1595.3 1.5605e-04       7.16 0.0000e+00
     99.000     98.416    22.8751   5.329898     1.8976     0.0083     0.2412     -0.465 1.0000e-12    4.85137    6.93310     2.7029     3.8627    117.721    25.3848    25.3790     98.415    22.8548    36.8569 1.5170e-05     1517.0 1.4839e-04       6.98 0.0000e+00
     98.000     97.421    22.9884   5.342650     1.9159     0.0164     0.2504     -0.506 1.0000e-12    4.84161    6.91914     2.7347     3.9082    119.112    25.3552    25.3494     97.421    22.9682    36.8612 1.5546e-05     1554.6 1.5207e-04       7.07 0.0000e+00
     97.000     96.427    23.0418   5.348903     1.9204     0.0268     0.2439     -0.846 1.0000e-12    4.83696    6.91250     2.7250     3.8943    118.691    25.3427    25.3369     96.428    23.0218    36.8653 1.5150e-05     1515.0 1.4820e-04       6.97 0.0000e+00
     96.000     95.433    23.0933   5.354825     1.9454     0.0289     0.2334     -0.331 1.0000e-12    4.83251    6.90614     2.7907     3.9881    121.552    25.3300    25.3243     95.434    23.0735    36.8684 1.4360e-05     1436.0 1.4047e-04       6.79 0.0000e+00
     95.000     94.440    23.2373   5.371288     1.9636     0.0256     0.2255     -0.547 1.0000e-12    4.82016    6.88848     2.7945     3.9937    121.724    25.2934    25.2876     94.440    23.2176    36.8756 1.3387e-05     1338.7 1.3095e-04       6.56 0.0000e+00
     94.000     93.446    23.2695   5.374463     1.9637     0.0217     0.2214     -0.932 1.0000e-12    4.81750    6.88469     2.7905     3.9880    121.552    25.2824    25.2766     93.446    23.2500    36.8735 1.2260e-05     1226.0 1.1993e-04       6.27 0.0000e+00
     93.000     92.452    23.2602   5.373477     1.9669     0.0102     0.2237      0.052 1.0000e-12    4.81827    6.88579     2.7936     3.9924    121.687    25.2854    25.2797     92.452    23.2409    36.8740 1.1530e-05     1153.0 1.1278e-04       6.08 0.0000e+00
     92.000     91.458    23.2825   5.375633     1.9679     0.0202     0.2244     -0.903 1.0000e-12    4.81644    6.88317     2.8007     4.0025    121.998    25.2776    25.2720     91.458    23.2634    36.8723 1.1220e-05     1122.0 1.0976e-04       6.00 0.0000e+00
     91.000     90.465    23.2829   5.375650     1.9768     0.0291     0.2271     -0.364 1.0000e-12    4.81640    6.88312     2.8190     4.0286    122.792    25.2775    25.2719     90.464    23.2640    36.8725 1.1129e-05     1112.9 1.0887e-04       5.98 0.0000e+00
     90.000     89.471    23.3231   5.380088     1.9868     0.0276     0.2327     -0.707 1.0000e-12    4.81299    6.87824     2.8388     4.0569    123.656    25.2664    25.2609     89.470    23.3044    36.8735 1.1849e-05     1184.9 1.1590e-04       6.17 0.0000e+00
     89.000     88.476    23.4077   5.389489     1.9948     0.0436     0.2635     -0.197 1.0000e-12    4.80584    6.86803     2.8387     4.0567    123.654    25.2432    25.2377     88.476    23.3892    36.8756 1.3979e-05     1397.9 1.3675e-04       6.70 0.0000e+00
     88.000     87.482    23.4798   5.397326     1.9961     0.0241     0.2579     -0.830 1.0000e-12    4.79979    6.85938     2.8328     4.0484    123.401    25.2223    25.2169     87.483    23.4614    36.8762 1.6085e-05     1608.5 1.5734e-04       7.19 0.0000e+00
     87.000     86.489    23.4920   5.398125     2.0007     0.0279     0.2178     -0.745 1.0000e-12    4.79887    6.85807     2.8541     4.0788    124.330    25.2158    25.2105     86.489    23.4738    36.8725 1.7931e-05     1793.1 1.7540e-04       7.59 0.0000e+00
     86.000     85.495    23.5707   5.407563     2.0303     0.0445     0.2136     -0.220 1.0000e-12    4.79211    6.84840     2.9017     4.1468    126.406    25.1981    25.1928     85.495    23.5527    36.8798 1.8267e-05     1826.7 1.7868e-04       7.66 0.0000e+00
     85.000     84.501    23.6818   5.419766     2.0302     0.0427     0.2214     -0.777 1.0000e-12    4.78283    6.83515     2.8881     4.1275    125.818    25.1664    25.1611     84.501    23.6639    36.8813 1.7964e-05     1796.4 1.7572e-04       7.60 0.0000e+00
     84.000     83.507    23.7352   5.424725     2.0504     0.0583     0.2468     -0.659 1.0000e-12    4.77857    6.82905     2.9336     4.1924    127.801    25.1459    25.1406     83.507    23.7175    36.8752 1.7239e-05     1723.9 1.6863e-04       7.44 0.0000e+00
     83.000     82.513    23.8059   5.433275     2.0682     0.0688     0.2688     -0.353 1.0000e-12    4.77253    6.82041     2.9441     4.2074    128.260    25.1302    25.1250     82.513    23.7884    36.8822 1.6512e-05     1651.2 1.6152e-04       7.28 0.0000e+00
     82.000     81.519    23.8937   5.442396     2.0667     0.0889     0.2710     -1.019 1.0000e-12    4.76536    6.81017     2.9321     4.1903    127.741    25.1018    25.0967     81.519    23.8764    36.8794 1.5533e-05     1553.3 1.5195e-04       7.06 0.0000e+00
     81.000     80.525    23.8785   5.441046     2.0907     0.0986     0.2706     -0.234 1.0000e-12    4.76653    6.81185     2.9944     4.2793    130.455    25.1083    25.1032     80.525    23.8614    36.8820 1.3761e-05     1376.1 1.3461e-04       6.65 0.0000e+00
     80.000     79.531    23.9504   5.449172     2.1021     0.0990     0.2675     -0.637 1.0000e-12    4.76054    6.80328     2.9962     4.2819    130.537    25.0889    25.0839     79.531    23.9335    36.8847 1.1655e-05     1165.5 1.1401e-04       6.12 0.0000e+00
     79.000     78.537    24.0194   5.457617     2.1029     0.1172     0.2593     -1.244 1.0000e-12    4.75466    6.79489     2.9953     4.2805    130.496    25.0740    25.0690     78.537    24.0026    36.8923 -9.990e-29 -9.990e-29 -9.990e-29 -9.990e-29 0.0000e+00
     78.000     77.543    24.0547   5.461424     2.1098     0.1420     0.2525     -0.690 1.0000e-12    4.75177    6.79075     3.0132     4.3062    131.280    25.0634    25.0585     77.543    24.0381    36.8924 -9.990e-29 -9.990e-29 -9.990e-29 -9.990e-29 0.0000e+00
     77.000     76.549    24.0759   5.463872 -9.990e-29     0.1294     0.2467     -0.375 1.0000e-12    4.74999    6.78821 -9.990e-29 -9.990e-29 -9.990e-29    25.0581    25.0532     76.549    24.0595    36.8938 -9.990e-29 -9.990e-29 -9.990e-29 -9.990e-29 0.0000e+00
     76.000     75.555    24.0971   5.465995 -9.990e-29     0.1244     0.2424     -1.105 1.0000e-12    4.74828    6.78577 -9.990e-29 -9.990e-29 -9.990e-29    25.0509    25.0461     75.555    24.0809    36.8927 -9.990e-29 -9.990e-29 -9.990e-29 -9.990e-29 0.0000e+00
     75.000     74.561    24.1149   5.468099 -9.990e-29     0.1146     0.2332     -1.382 1.0000e-12    4.74678    6.78362 -9.990e-29 -9.990e-29 -9.990e-29    25.0467    25.0419     74.561    24.0989    36.8943 -9.990e-29 -9.990e-29 -9.990e-29 -9.990e-29 0.0000e+00
