CTD_data/C216_2_3.cnv
* Sea-Bird SBE 25 Data File:
* FileName = C:\CTD_Data\C216\C216_2_3.hex
* Software Version Seasave V 7.19
* Temperature SN = 4430
* Conductivity SN = 3138
* System UpLoad Time = Nov 06 2014 18:57:38
** Ship: hermano gines
** Station: car216
** Operator: Luis Medina
** Latitude: 10 30.13 N
** Longitude: 64 39.81 W
# nquan = 24                                
# nvalues = 1816                        
# units = specified
# name 0 = prSM: Pressure, Strain Gauge [db]
# name 1 = depSM: Depth [salt water, m], lat = 10.50
# name 2 = t090C: Temperature [ITS-90, deg C]
# name 3 = c0S/m: Conductivity [S/m]
# name 4 = sbeox0V: Oxygen raw, SBE 43 [V]
# name 5 = flECO-AFL: Fluorescence, WET Labs ECO-AFL/FL [mg/m^3]
# name 6 = bat: Beam Attenuation, Chelsea/Seatech [1/m]
# name 7 = dz/dtM: Descent Rate [m/s]
# name 8 = par: PAR/Irradiance, Biospherical/Licor
# name 9 = oxsatML/L: Oxygen Saturation, Weiss [ml/l]
# name 10 = oxsatMg/L: Oxygen Saturation, Weiss [mg/l]
# name 11 = sbeox0ML/L: Oxygen, SBE 43 [ml/l], WS = 2
# name 12 = sbeox0Mg/L: Oxygen, SBE 43 [mg/l], WS = 2
# name 13 = sbeox0Mm/Kg: Oxygen, SBE 43 [umol/kg], WS = 2
# name 14 = sigma-é00: Density [sigma-theta, kg/m^3]
# name 15 = sigma-t00: Density [sigma-t, kg/m^3 ]
# name 16 = depSM: Depth [salt water, m], lat = 10.5
# name 17 = potemp090C: Potential Temperature [ITS-90, deg C]
# name 18 = sal00: Salinity, Practical [PSU]
# name 19 = E: stability, E [rad^2/m]
# name 20 = E10^-8: stability, E [10^-8 rad^2/m]
# name 21 = N^2: buoyancy frequency, N^2 [rad^2/s^2]
# name 22 = N: buoyancy frequency, N [cycles/h]
# name 23 = flag: flag
# span 0 =      0.000,    908.000       
# span 1 =     -0.000,    900.883       
# span 2 =    17.2618,    27.6635       
# span 3 =   4.694380,   5.819099       
# span 4 =     0.5242,     2.6806       
# span 5 =    -0.1215,     1.6140       
# span 6 =     0.0543,     0.2589       
# span 7 =     -1.128,      1.217       
# span 8 = 1.0000e-12, 1.0000e-12       
# span 9 =    4.47875,    5.39837       
# span 10 =    6.40058,    7.71480      
# span 11 =     0.0490,     3.7597      
# span 12 =     0.0700,     5.3729      
# span 13 =      2.133,    163.911      
# span 14 =    23.7374,    26.4585      
# span 15 =    23.7374,    26.4259      
# span 16 =      0.000,    900.882      
# span 17 =    17.1084,    27.6633      
# span 18 =    36.2634,    36.8892      
# span 19 = -2.137e-08, 5.3961e-05      
# span 20 =       -2.1,     5396.1      
# span 21 = -2.091e-07, 5.2784e-04      
# span 22 =      -0.26,      13.16      
# span 23 = 0.0000e+00, 0.0000e+00      
# interval = decibars: 1                
# start_time = Nov 06 2014 18:57:38 [System UpLoad Time]
# bad_flag = -9.990e-29
*END*
[from data line 1027]
    788.000    782.048    17.2673   4.697053     0.5248     0.0326     0.0561     -1.060 1.0000e-12    5.39765    7.71378     0.0537     0.0768      2.337    26.4564    26.4239    782.047    17.1328    36.2685 4.3936e-08        4.4 4.2978e-07       0.38 0.0000e+00
    787.000    781.057    17.2676   4.697070     0.5244     0.0185     0.0555     -0.796 1.0000e-12    5.39760    7.71372     0.0524     0.0749      2.282    26.4565    26.4240    781.057    17.1333    36.2687 4.5798e-08        4.6 4.4800e-07       0.38 0.0000e+00
    786.000    780.066    17.2674   4.696987     0.5245     0.0252     0.0556     -0.719 1.0000e-12    5.39763    7.71376     0.0533     0.0762      2.320    26.4563    26.4239    780.066    17.1333    36.2685 4.0906e-08        4.1 4.0014e-07       0.36 0.0000e+00
    785.000    779.076    17.2672   4.696942     0.5246     0.0320     0.0571     -0.734 1.0000e-12    5.39765    7.71378     0.0537     0.0767      2.336    26.4565    26.4241    779.076    17.1332    36.2687 2.6543e-08        2.7 2.5964e-07       0.29 0.0000e+00
    784.000    778.085    17.2672   4.696892     0.5247     0.0338     0.0571     -0.686 1.0000e-12    5.39765    7.71377     0.0532     0.0761      2.315    26.4564    26.4240    778.085    17.1334    36.2686 1.2837e-08        1.3 1.2557e-07       0.20 0.0000e+00
    783.000    777.094    17.2670   4.696809     0.5247     0.0208     0.0566     -0.860 1.0000e-12    5.39768    7.71382     0.0537     0.0767      2.335    26.4562    26.4240    777.094    17.1334    36.2685 -8.806e-10       -0.1 -8.614e-09      -0.05 0.0000e+00
    782.000    776.104    17.2669   4.696763     0.5244     0.0252     0.0563     -0.987 1.0000e-12    5.39768    7.71383     0.0528     0.0754      2.297    26.4563    26.4240    776.104    17.1335    36.2685 -3.344e-09       -0.3 -3.271e-08      -0.10 0.0000e+00
    781.000    775.113    17.2665   4.696675     0.5247     0.0332     0.0558     -0.904 1.0000e-12    5.39773    7.71389     0.0532     0.0760      2.312    26.4563    26.4241    775.113    17.1332    36.2685 -9.222e-09       -0.9 -9.021e-08      -0.17 0.0000e+00
    780.000    774.122    17.2663   4.696638     0.5245     0.0338     0.0599     -0.900 1.0000e-12    5.39774    7.71391     0.0536     0.0766      2.331    26.4565    26.4243    774.123    17.1332    36.2687 -5.574e-09       -0.6 -5.452e-08      -0.13 0.0000e+00
    779.000    773.132    17.2659   4.696545     0.5244     0.0330     0.0556     -0.900 1.0000e-12    5.39778    7.71397     0.0525     0.0750      2.284    26.4565    26.4244    773.132    17.1330    36.2687 -1.686e-08       -1.7 -1.649e-07      -0.23 0.0000e+00
    778.000    772.141    17.2658   4.696467     0.5244     0.0289     0.0579     -0.859 1.0000e-12    5.39780    7.71400     0.0529     0.0756      2.301    26.4563    26.4242    772.141    17.1331    36.2685 -2.137e-08       -2.1 -2.091e-07      -0.26 0.0000e+00
    777.000    771.151    17.2658   4.696439     0.5245     0.0325     0.0563     -0.848 1.0000e-12    5.39780    7.71400     0.0532     0.0761      2.317    26.4564    26.4243    771.151    17.1332    36.2686 -1.505e-08       -1.5 -1.472e-07      -0.22 0.0000e+00
    776.000    770.160    17.2655   4.696368     0.5247     0.0355     0.0560     -0.806 1.0000e-12    5.39783    7.71403     0.0543     0.0776      2.361    26.4564    26.4244    770.160    17.1331    36.2686 -6.702e-09       -0.7 -6.556e-08      -0.15 0.0000e+00
    775.000    769.169    17.2649   4.696235     0.5246     0.0348     0.0582     -0.602 1.0000e-12    5.39790    7.71414     0.0531     0.0758      2.309    26.4563    26.4244    769.169    17.1327    36.2684 -4.671e-09       -0.5 -4.570e-08      -0.12 0.0000e+00
    774.000    768.179    17.2647   4.696198     0.5247     0.0209     0.0560     -0.767 1.0000e-12    5.39791    7.71415     0.0537     0.0767      2.336    26.4565    26.4246    768.179    17.1327    36.2686 -6.057e-09       -0.6 -5.925e-08      -0.14 0.0000e+00
    773.000    767.188    17.2645   4.696136     0.5247     0.0312     0.0576     -0.919 1.0000e-12    5.39793    7.71418     0.0533     0.0762      2.321    26.4565    26.4247    767.188    17.1326    36.2686 -6.304e-09       -0.6 -6.166e-08      -0.14 0.0000e+00
    772.000    766.198    17.2645   4.696081     0.5247     0.0325     0.0571     -0.983 1.0000e-12    5.39794    7.71420     0.0542     0.0774      2.358    26.4564    26.4246    766.197    17.1328    36.2685 -4.751e-09       -0.5 -4.648e-08      -0.12 0.0000e+00
    771.000    765.207    17.2643   4.696019     0.5247     0.0297     0.0567     -0.953 1.0000e-12    5.39796    7.71422     0.0529     0.0756      2.303    26.4564    26.4246    765.207    17.1328    36.2685 2.8768e-09        0.3 2.8141e-08       0.10 0.0000e+00
    770.000    764.216    17.2640   4.695955     0.5247     0.0267     0.0569     -0.755 1.0000e-12    5.39798    7.71425     0.0531     0.0759      2.311    26.4565    26.4248    764.216    17.1327    36.2686 7.0901e-09        0.7 6.9355e-08       0.15 0.0000e+00
    769.000    763.226    17.2641   4.695925     0.5248     0.0265     0.0569     -0.795 1.0000e-12    5.39797    7.71424     0.0548     0.0783      2.384    26.4565    26.4248    763.226    17.1329    36.2686 1.3138e-08        1.3 1.2851e-07       0.21 0.0000e+00
    768.000    762.235    17.2640   4.695853     0.5246     0.0445     0.0582     -0.967 1.0000e-12    5.39799    7.71427     0.0530     0.0758      2.307    26.4563    26.4247    762.235    17.1330    36.2685 1.8522e-08        1.9 1.8118e-07       0.24 0.0000e+00
    767.000    761.244    17.2639   4.695823     0.5250     0.0272     0.0590     -0.903 1.0000e-12    5.39799    7.71427     0.0544     0.0777      2.367    26.4565    26.4249    761.244    17.1331    36.2687 2.6178e-08        2.6 2.5608e-07       0.29 0.0000e+00
    766.000    760.253    17.2640   4.695777     0.5245     0.0331     0.0573     -0.694 1.0000e-12    5.39798    7.71426     0.0523     0.0748      2.277    26.4563    26.4247    760.254    17.1333    36.2686 2.5907e-08        2.6 2.5342e-07       0.29 0.0000e+00
    765.000    759.263    17.2643   4.695790     0.5247     0.0348     0.0564     -0.882 1.0000e-12    5.39795    7.71421     0.0535     0.0765      2.329    26.4564    26.4248    759.263    17.1338    36.2688 2.4285e-08        2.4 2.3756e-07       0.28 0.0000e+00
    764.000    758.272    17.2644   4.695768     0.5245     0.0383     0.0590     -0.767 1.0000e-12    5.39793    7.71418     0.0528     0.0755      2.298    26.4564    26.4249    758.272    17.1341    36.2689 2.4954e-08        2.5 2.4410e-07       0.28 0.0000e+00
    763.000    757.282    17.2643   4.695690     0.5245     0.0274     0.0570     -0.766 1.0000e-12    5.39796    7.71422     0.0528     0.0755      2.300    26.4562    26.4248    757.281    17.1342    36.2687 2.3366e-08        2.3 2.2857e-07       0.27 0.0000e+00
    762.000    756.291    17.2643   4.695638     0.5244     0.0322     0.0575     -0.893 1.0000e-12    5.39796    7.71422     0.0526     0.0752      2.288    26.4561    26.4247    756.291    17.1343    36.2686 2.8812e-08        2.9 2.8184e-07       0.30 0.0000e+00
    761.000    755.300    17.2644   4.695653     0.5245     0.0216     0.0563     -0.858 1.0000e-12    5.39793    7.71419     0.0535     0.0764      2.326    26.4564    26.4250    755.300    17.1346    36.2690 1.2108e-08        1.2 1.1844e-07       0.20 0.0000e+00
    760.000    754.309    17.2645   4.695634     0.5246     0.0252     0.0561     -0.864 1.0000e-12    5.39792    7.71416     0.0531     0.0759      2.312    26.4564    26.4251    754.309    17.1349    36.2691 1.4404e-08        1.4 1.4090e-07       0.22 0.0000e+00
    759.000    753.319    17.2645   4.695568     0.5247     0.0240     0.0581     -0.898 1.0000e-12    5.39792    7.71417     0.0538     0.0769      2.342    26.4562    26.4249    753.319    17.1351    36.2689 1.2597e-08        1.3 1.2323e-07       0.20 0.0000e+00
    758.000    752.328    17.2644   4.695518     0.5245     0.0224     0.0565     -0.900 1.0000e-12    5.39793    7.71418     0.0530     0.0757      2.306    26.4562    26.4250    752.328    17.1351    36.2690 2.1462e-09        0.2 2.0994e-08       0.08 0.0000e+00
    757.000    751.337    17.2643   4.695463     0.5246     0.0334     0.0558     -0.961 1.0000e-12    5.39794    7.71420     0.0526     0.0751      2.288    26.4562    26.4250    751.337    17.1352    36.2689 3.8895e-09        0.4 3.8047e-08       0.11 0.0000e+00
    756.000    750.346    17.2642   4.695445     0.5245     0.0325     0.0563     -0.916 1.0000e-12    5.39794    7.71420     0.0531     0.0759      2.311    26.4564    26.4252    750.346    17.1353    36.2693 1.6960e-08        1.7 1.6590e-07       0.23 0.0000e+00
    755.000    749.356    17.2642   4.695367     0.5244     0.0282     0.0562     -0.772 1.0000e-12    5.39795    7.71422     0.0528     0.0754      2.295    26.4561    26.4250    749.356    17.1355    36.2690 1.8925e-08        1.9 1.8513e-07       0.25 0.0000e+00
    754.000    748.365    17.2643   4.695355     0.5245     0.0365     0.0565     -0.810 1.0000e-12    5.39794    7.71420     0.0532     0.0761      2.316    26.4562    26.4251    748.365    17.1357    36.2691 2.4082e-08        2.4 2.3557e-07       0.28 0.0000e+00
    753.000    747.374    17.2648   4.695402     0.5247     0.0287     0.0557     -0.769 1.0000e-12    5.39787    7.71410     0.0538     0.0770      2.343    26.4563    26.4253    747.374    17.1364    36.2695 3.1733e-08        3.2 3.1042e-07       0.32 0.0000e+00
    752.000    746.384    17.2653   4.695424     0.5247     0.0180     0.0566     -0.827 1.0000e-12    5.39782    7.71402     0.0527     0.0753      2.294    26.4562    26.4252    746.384    17.1371    36.2696 3.4198e-08        3.4 3.3452e-07       0.33 0.0000e+00
    751.000    745.393    17.2653   4.695367     0.5247     0.0304     0.0567     -0.924 1.0000e-12    5.39782    7.71403     0.0537     0.0768      2.337    26.4561    26.4251    745.393    17.1372    36.2695 4.0319e-08        4.0 3.9440e-07       0.36 0.0000e+00
    750.000    744.402    17.2656   4.695370     0.5247     0.0365     0.0568     -0.751 1.0000e-12    5.39779    7.71397     0.0531     0.0759      2.310    26.4561    26.4252    744.402    17.1377    36.2696 2.6995e-08        2.7 2.6407e-07       0.29 0.0000e+00
    749.000    743.411    17.2654   4.695282     0.5247     0.0296     0.0562     -0.807 1.0000e-12    5.39781    7.71401     0.0544     0.0778      2.367    26.4559    26.4250    743.411    17.1377    36.2694 3.5580e-08        3.6 3.4805e-07       0.34 0.0000e+00
    748.000    742.421    17.2655   4.695273     0.5248     0.0247     0.0565     -1.004 1.0000e-12    5.39780    7.71399     0.0533     0.0761      2.318    26.4560    26.4252    742.421    17.1380    36.2696 3.9013e-08        3.9 3.8162e-07       0.35 0.0000e+00
    747.000    741.430    17.2656   4.695254     0.5247     0.0253     0.0576     -0.868 1.0000e-12    5.39778    7.71397     0.0528     0.0755      2.299    26.4560    26.4253    741.430    17.1382    36.2697 3.2859e-08        3.3 3.2143e-07       0.32 0.0000e+00
    746.000    740.439    17.2655   4.695195     0.5247     0.0302     0.0572     -0.851 1.0000e-12    5.39779    7.71399     0.0536     0.0767      2.334    26.4560    26.4252    740.439    17.1383    36.2697 3.2500e-08        3.2 3.1791e-07       0.32 0.0000e+00
    745.000    739.448    17.2657   4.695198     0.5245     0.0296     0.0574     -0.786 1.0000e-12    5.39776    7.71394     0.0525     0.0750      2.285    26.4561    26.4254    739.448    17.1387    36.2699 3.1285e-08        3.1 3.0603e-07       0.32 0.0000e+00
    744.000    738.458    17.2665   4.695233     0.5247     0.0238     0.0564     -0.623 1.0000e-12    5.39769    7.71384     0.0535     0.0765      2.328    26.4558    26.4251    738.457    17.1397    36.2699 3.1211e-08        3.1 3.0530e-07       0.32 0.0000e+00
    743.000    737.467    17.2662   4.695168     0.5246     0.0271     0.0573     -0.817 1.0000e-12    5.39771    7.71387     0.0528     0.0755      2.298    26.4559    26.4253    737.467    17.1395    36.2699 4.3396e-08        4.3 4.2450e-07       0.37 0.0000e+00
    742.000    736.476    17.2670   4.695240     0.5247     0.0256     0.0568     -0.953 1.0000e-12    5.39762    7.71374     0.0543     0.0776      2.363    26.4559    26.4253    736.476    17.1405    36.2702 4.5189e-08        4.5 4.4204e-07       0.38 0.0000e+00
    741.000    735.485    17.2679   4.695306     0.5248     0.0297     0.0565     -0.948 1.0000e-12    5.39752    7.71359     0.0528     0.0754      2.296    26.4557    26.4252    735.485    17.1416    36.2704 5.5114e-08        5.5 5.3912e-07       0.42 0.0000e+00
    740.000    734.494    17.2678   4.695262     0.5244     0.0345     0.0559     -0.842 1.0000e-12    5.39753    7.71361     0.0527     0.0753      2.293    26.4558    26.4253    734.494    17.1416    36.2705 5.7419e-08        5.7 5.6167e-07       0.43 0.0000e+00
    739.000    733.504    17.2678   4.695221     0.5248     0.0297     0.0559     -1.003 1.0000e-12    5.39753    7.71361     0.0538     0.0769      2.342    26.4558    26.4253    733.503    17.1418    36.2705 4.8681e-08        4.9 4.7620e-07       0.40 0.0000e+00
    738.000    732.513    17.2680   4.695191     0.5244     0.0368     0.0558     -0.884 1.0000e-12    5.39751    7.71358     0.0522     0.0745      2.270    26.4556    26.4252    732.513    17.1422    36.2704 4.1729e-08        4.2 4.0819e-07       0.37 0.0000e+00
    737.000    731.522    17.2682   4.695191     0.5245     0.0285     0.0567     -0.811 1.0000e-12    5.39749    7.71354     0.0530     0.0757      2.304    26.4557    26.4253    731.522    17.1426    36.2706 3.9824e-08        4.0 3.8956e-07       0.36 0.0000e+00
    736.000    730.531    17.2688   4.695200     0.5248     0.0310     0.0560     -0.650 1.0000e-12    5.39743    7.71346     0.0539     0.0770      2.343    26.4554    26.4251    730.531    17.1433    36.2705 2.8834e-08        2.9 2.8205e-07       0.30 0.0000e+00
    735.000    729.540    17.2687   4.695157     0.5244     0.0305     0.0560     -0.714 1.0000e-12    5.39743    7.71347     0.0522     0.0746      2.271    26.4555    26.4252    729.540    17.1434    36.2706 2.5701e-08        2.6 2.5141e-07       0.29 0.0000e+00
    734.000    728.549    17.2686   4.695115     0.5247     0.0272     0.0561     -0.919 1.0000e-12    5.39743    7.71347     0.0535     0.0765      2.330    26.4555    26.4253    728.549    17.1435    36.2707 1.4423e-08        1.4 1.4109e-07       0.22 0.0000e+00
    733.000    727.559    17.2685   4.695081     0.5245     0.0267     0.0558     -0.918 1.0000e-12    5.39744    7.71348     0.0525     0.0750      2.285    26.4556    26.4254    727.559    17.1435    36.2709 6.0641e-09        0.6 5.9319e-08       0.14 0.0000e+00
    732.000    726.567    17.2685   4.695018     0.5247     0.0236     0.0566     -0.830 1.0000e-12    5.39745    7.71349     0.0535     0.0765      2.330    26.4555    26.4253    726.568    17.1437    36.2707 1.5055e-08        1.5 1.4727e-07       0.22 0.0000e+00
    731.000    725.577    17.2684   4.694985     0.5246     0.0260     0.0567     -1.029 1.0000e-12    5.39745    7.71350     0.0528     0.0755      2.298    26.4556    26.4255    725.577    17.1438    36.2709 1.3834e-08        1.4 1.3533e-07       0.21 0.0000e+00
    730.000    724.586    17.2683   4.694923     0.5245     0.0256     0.0566     -0.877 1.0000e-12    5.39746    7.71351     0.0527     0.0754      2.295    26.4555    26.4254    724.586    17.1439    36.2708 2.3687e-08        2.4 2.3170e-07       0.28 0.0000e+00
