CTD_data/C216_2_3.cnv
* Sea-Bird SBE 25 Data File:
* FileName = C:\CTD_Data\C216\C216_2_3.hex
* Software Version Seasave V 7.19
* Temperature SN = 4430
* Conductivity SN = 3138
* System UpLoad Time = Nov 06 2014 18:57:38
** Ship: hermano gines
** Station: car216
** Operator: Luis Medina
** Latitude: 10 30.13 N
** Longitude: 64 39.81 W
# nquan = 24                                
# nvalues = 1816                        
# units = specified
# name 0 = prSM: Pressure, Strain Gauge [db]
# name 1 = depSM: Depth [salt water, m], lat = 10.50
# name 2 = t090C: Temperature [ITS-90, deg C]
# name 3 = c0S/m: Conductivity [S/m]
# name 4 = sbeox0V: Oxygen raw, SBE 43 [V]
# name 5 = flECO-AFL: Fluorescence, WET Labs ECO-AFL/FL [mg/m^3]
# name 6 = bat: Beam Attenuation, Chelsea/Seatech [1/m]
# name 7 = dz/dtM: Descent Rate [m/s]
# name 8 = par: PAR/Irradiance, Biospherical/Licor
# name 9 = oxsatML/L: Oxygen Saturation, Weiss [ml/l]
# name 10 = oxsatMg/L: Oxygen Saturation, Weiss [mg/l]
# name 11 = sbeox0ML/L: Oxygen, SBE 43 [ml/l], WS = 2
# name 12 = sbeox0Mg/L: Oxygen, SBE 43 [mg/l], WS = 2
# name 13 = sbeox0Mm/Kg: Oxygen, SBE 43 [umol/kg], WS = 2
# name 14 = sigma-é00: Density [sigma-theta, kg/m^3]
# name 15 = sigma-t00: Density [sigma-t, kg/m^3 ]
# name 16 = depSM: Depth [salt water, m], lat = 10.5
# name 17 = potemp090C: Potential Temperature [ITS-90, deg C]
# name 18 = sal00: Salinity, Practical [PSU]
# name 19 = E: stability, E [rad^2/m]
# name 20 = E10^-8: stability, E [10^-8 rad^2/m]
# name 21 = N^2: buoyancy frequency, N^2 [rad^2/s^2]
# name 22 = N: buoyancy frequency, N [cycles/h]
# name 23 = flag: flag
# span 0 =      0.000,    908.000       
# span 1 =     -0.000,    900.883       
# span 2 =    17.2618,    27.6635       
# span 3 =   4.694380,   5.819099       
# span 4 =     0.5242,     2.6806       
# span 5 =    -0.1215,     1.6140       
# span 6 =     0.0543,     0.2589       
# span 7 =     -1.128,      1.217       
# span 8 = 1.0000e-12, 1.0000e-12       
# span 9 =    4.47875,    5.39837       
# span 10 =    6.40058,    7.71480      
# span 11 =     0.0490,     3.7597      
# span 12 =     0.0700,     5.3729      
# span 13 =      2.133,    163.911      
# span 14 =    23.7374,    26.4585      
# span 15 =    23.7374,    26.4259      
# span 16 =      0.000,    900.882      
# span 17 =    17.1084,    27.6633      
# span 18 =    36.2634,    36.8892      
# span 19 = -2.137e-08, 5.3961e-05      
# span 20 =       -2.1,     5396.1      
# span 21 = -2.091e-07, 5.2784e-04      
# span 22 =      -0.26,      13.16      
# span 23 = 0.0000e+00, 0.0000e+00      
# interval = decibars: 1                
# start_time = Nov 06 2014 18:57:38 [System UpLoad Time]
# bad_flag = -9.990e-29
*END*
[from data line 785]
    786.000    780.066    17.2658   4.696765     0.5248     0.0338     0.0573      0.715 1.0000e-12    5.39781    7.71402     0.0540     0.0772      2.351    26.4563    26.4239    780.066    17.1317    36.2680 3.5431e-08        3.5 3.4658e-07       0.34 0.0000e+00
    787.000    781.057    17.2659   4.696817     0.5249     0.0362     0.0567      0.459 1.0000e-12    5.39781    7.71401     0.0532     0.0760      2.314    26.4563    26.4239    781.057    17.1316    36.2680 2.5989e-08        2.6 2.5423e-07       0.29 0.0000e+00
    788.000    782.048    17.2659   4.696875     0.5243     0.0267     0.0569      0.761 1.0000e-12    5.39780    7.71399     0.0526     0.0752      2.289    26.4565    26.4240    782.047    17.1314    36.2682 2.9866e-08        3.0 2.9215e-07       0.31 0.0000e+00
    789.000    783.038    17.2659   4.696918     0.5246     0.0304     0.0561      0.531 1.0000e-12    5.39780    7.71399     0.0537     0.0768      2.339    26.4565    26.4240    783.038    17.1312    36.2682 3.0578e-08        3.1 2.9911e-07       0.31 0.0000e+00
    790.000    784.029    17.2662   4.696996     0.5245     0.0363     0.0563      0.757 1.0000e-12    5.39777    7.71395     0.0538     0.0768      2.338    26.4565    26.4239    784.028    17.1314    36.2682 3.0145e-08        3.0 2.9487e-07       0.31 0.0000e+00
    791.000    785.019    17.2661   4.697025     0.5251     0.0415     0.0568      0.861 1.0000e-12    5.39778    7.71397     0.0551     0.0788      2.398    26.4566    26.4239    785.019    17.1311    36.2682 3.0552e-08        3.1 2.9886e-07       0.31 0.0000e+00
    792.000    786.010    17.2663   4.697058     0.5249     0.0346     0.0562      0.414 1.0000e-12    5.39777    7.71395     0.0539     0.0770      2.344    26.4563    26.4237    786.010    17.1311    36.2679 2.1451e-08        2.1 2.0984e-07       0.26 0.0000e+00
    793.000    787.000    17.2657   4.697052     0.5248     0.0320     0.0571      0.824 1.0000e-12    5.39783    7.71404     0.0527     0.0752      2.290    26.4566    26.4239    787.000    17.1304    36.2680 1.3947e-08        1.4 1.3643e-07       0.21 0.0000e+00
    794.000    787.991    17.2656   4.697066     0.5242     0.0341     0.0579      0.699 1.0000e-12    5.39785    7.71406     0.0522     0.0746      2.271    26.4566    26.4238    787.991    17.1301    36.2678 1.8223e-08        1.8 1.7826e-07       0.24 0.0000e+00
    795.000    788.981    17.2658   4.697149     0.5248     0.0384     0.0566      0.549 1.0000e-12    5.39782    7.71402     0.0555     0.0793      2.413    26.4567    26.4239    788.981    17.1301    36.2680 2.5899e-08        2.6 2.5334e-07       0.29 0.0000e+00
    796.000    789.972    17.2652   4.697093     0.5247     0.0292     0.0573      0.557 1.0000e-12    5.39789    7.71412     0.0532     0.0761      2.316    26.4566    26.4238    789.972    17.1293    36.2677 2.9301e-08        2.9 2.8663e-07       0.31 0.0000e+00
    797.000    790.963    17.2648   4.697065     0.5249     0.0428     0.0583      0.664 1.0000e-12    5.39794    7.71420     0.0539     0.0770      2.344    26.4566    26.4237    790.962    17.1288    36.2674 2.4561e-08        2.5 2.4026e-07       0.28 0.0000e+00
    798.000    791.953    17.2647   4.697094     0.5248     0.0294     0.0574      0.681 1.0000e-12    5.39795    7.71421     0.0547     0.0782      2.381    26.4566    26.4237    791.953    17.1285    36.2674 1.4877e-08        1.5 1.4553e-07       0.22 0.0000e+00
    799.000    792.943    17.2648   4.697161     0.5250     0.0302     0.0572      0.877 1.0000e-12    5.39794    7.71419     0.0545     0.0779      2.372    26.4567    26.4237    792.943    17.1284    36.2675 1.1283e-08        1.1 1.1037e-07       0.19 0.0000e+00
    800.000    793.934    17.2647   4.697187     0.5248     0.0229     0.0562      0.701 1.0000e-12    5.39795    7.71421     0.0541     0.0773      2.353    26.4567    26.4237    793.934    17.1281    36.2675 1.4017e-08        1.4 1.3711e-07       0.21 0.0000e+00
    801.000    794.925    17.2646   4.697209     0.5247     0.0311     0.0576      0.674 1.0000e-12    5.39796    7.71423     0.0532     0.0761      2.316    26.4567    26.4237    794.924    17.1279    36.2674 1.9940e-08        2.0 1.9505e-07       0.25 0.0000e+00
    802.000    795.915    17.2644   4.697192     0.5248     0.0336     0.0563      0.398 1.0000e-12    5.39800    7.71428     0.0543     0.0776      2.363    26.4565    26.4235    795.915    17.1275    36.2670 1.8840e-08        1.9 1.8430e-07       0.25 0.0000e+00
    803.000    796.905    17.2645   4.697261     0.5247     0.0263     0.0563      0.634 1.0000e-12    5.39798    7.71425     0.0533     0.0763      2.321    26.4567    26.4235    796.905    17.1274    36.2672 1.5233e-08        1.5 1.4901e-07       0.22 0.0000e+00
    804.000    797.896    17.2645   4.697289     0.5248     0.0233     0.0567      0.799 1.0000e-12    5.39799    7.71426     0.0546     0.0781      2.379    26.4566    26.4234    797.896    17.1272    36.2670 1.4791e-08        1.5 1.4468e-07       0.22 0.0000e+00
    805.000    798.886    17.2643   4.697330     0.5247     0.0273     0.0575      0.731 1.0000e-12    5.39800    7.71428     0.0531     0.0759      2.311    26.4568    26.4236    798.886    17.1269    36.2672 2.1358e-08        2.1 2.0892e-07       0.26 0.0000e+00
    806.000    799.877    17.2643   4.697363     0.5246     0.0314     0.0565      0.603 1.0000e-12    5.39800    7.71428     0.0540     0.0772      2.351    26.4568    26.4235    799.877    17.1267    36.2671 2.6799e-08        2.7 2.6214e-07       0.29 0.0000e+00
    807.000    800.868    17.2645   4.697417     0.5251     0.0365     0.0564      0.408 1.0000e-12    5.39799    7.71426     0.0547     0.0782      2.380    26.4567    26.4234    800.867    17.1267    36.2670 2.9297e-08        2.9 2.8659e-07       0.31 0.0000e+00
    808.000    801.858    17.2644   4.697452     0.5247     0.0331     0.0565      0.720 1.0000e-12    5.39799    7.71427     0.0539     0.0770      2.344    26.4568    26.4235    801.858    17.1264    36.2670 2.2737e-08        2.3 2.2242e-07       0.27 0.0000e+00
    809.000    802.849    17.2644   4.697494     0.5247     0.0382     0.0572      0.827 1.0000e-12    5.39800    7.71428     0.0534     0.0763      2.325    26.4568    26.4235    802.848    17.1263    36.2670 3.0659e-08        3.1 2.9991e-07       0.31 0.0000e+00
    810.000    803.839    17.2642   4.697515     0.5249     0.0398     0.0567      0.761 1.0000e-12    5.39801    7.71430     0.0545     0.0778      2.370    26.4569    26.4235    803.839    17.1259    36.2670 2.3208e-08        2.3 2.2702e-07       0.27 0.0000e+00
    811.000    804.829    17.2643   4.697554     0.5246     0.0343     0.0570      0.353 1.0000e-12    5.39801    7.71429     0.0538     0.0769      2.342    26.4568    26.4234    804.829    17.1258    36.2669 2.6382e-08        2.6 2.5807e-07       0.29 0.0000e+00
    812.000    805.819    17.2643   4.697588     0.5247     0.0369     0.0572      0.599 1.0000e-12    5.39801    7.71430     0.0540     0.0772      2.351    26.4568    26.4233    805.820    17.1257    36.2668 2.7298e-08        2.7 2.6703e-07       0.30 0.0000e+00
    813.000    806.810    17.2642   4.697620     0.5248     0.0351     0.0576      0.738 1.0000e-12    5.39802    7.71431     0.0535     0.0764      2.327    26.4569    26.4233    806.810    17.1254    36.2668 2.3924e-08        2.4 2.3402e-07       0.28 0.0000e+00
    814.000    807.801    17.2642   4.697690     0.5249     0.0344     0.0571      0.629 1.0000e-12    5.39802    7.71431     0.0549     0.0784      2.388    26.4571    26.4235    807.801    17.1252    36.2670 1.9866e-08        2.0 1.9433e-07       0.25 0.0000e+00
    815.000    808.791    17.2643   4.697716     0.5247     0.0302     0.0564      0.662 1.0000e-12    5.39801    7.71430     0.0533     0.0762      2.319    26.4569    26.4233    808.791    17.1251    36.2668 1.3550e-08        1.4 1.3255e-07       0.21 0.0000e+00
    816.000    809.781    17.2644   4.697769     0.5244     0.0342     0.0565      0.696 1.0000e-12    5.39800    7.71428     0.0534     0.0763      2.324    26.4570    26.4233    809.781    17.1251    36.2668 1.8761e-08        1.9 1.8352e-07       0.25 0.0000e+00
    817.000    810.772    17.2645   4.697828     0.5249     0.0370     0.0562      0.687 1.0000e-12    5.39799    7.71426     0.0544     0.0777      2.367    26.4570    26.4233    810.772    17.1250    36.2668 1.7640e-08        1.8 1.7255e-07       0.24 0.0000e+00
    818.000    811.762    17.2645   4.697865     0.5250     0.0274     0.0573      0.662 1.0000e-12    5.39799    7.71427     0.0549     0.0785      2.390    26.4570    26.4233    811.762    17.1248    36.2668 1.3579e-08        1.4 1.3283e-07       0.21 0.0000e+00
    819.000    812.753    17.2645   4.697895     0.5248     0.0337     0.0566      0.476 1.0000e-12    5.39799    7.71427     0.0537     0.0768      2.338    26.4570    26.4232    812.753    17.1246    36.2667 1.2677e-08        1.3 1.2401e-07       0.20 0.0000e+00
    820.000    813.743    17.2646   4.697941     0.5247     0.0363     0.0567      0.604 1.0000e-12    5.39799    7.71427     0.0541     0.0774      2.356    26.4569    26.4231    813.743    17.1246    36.2666 1.4026e-08        1.4 1.3721e-07       0.21 0.0000e+00
    821.000    814.733    17.2647   4.698016     0.5250     0.0281     0.0572      0.714 1.0000e-12    5.39797    7.71423     0.0547     0.0781      2.378    26.4571    26.4232    814.734    17.1245    36.2668 8.5894e-09        0.9 8.4022e-08       0.17 0.0000e+00
    822.000    815.724    17.2647   4.698046     0.5249     0.0322     0.0572      0.777 1.0000e-12    5.39797    7.71424     0.0542     0.0775      2.360    26.4571    26.4231    815.724    17.1243    36.2667 5.6434e-09        0.6 5.5204e-08       0.13 0.0000e+00
    823.000    816.715    17.2648   4.698100     0.5248     0.0380     0.0578      0.475 1.0000e-12    5.39796    7.71423     0.0537     0.0767      2.336    26.4571    26.4231    816.714    17.1242    36.2667 7.2268e-09        0.7 7.0693e-08       0.15 0.0000e+00
    824.000    817.705    17.2648   4.698143     0.5247     0.0362     0.0576      0.754 1.0000e-12    5.39796    7.71423     0.0538     0.0769      2.340    26.4571    26.4231    817.705    17.1241    36.2667 1.7397e-08        1.7 1.7018e-07       0.24 0.0000e+00
    825.000    818.695    17.2646   4.698133     0.5247     0.0330     0.0572      0.809 1.0000e-12    5.39800    7.71428     0.0539     0.0771      2.347    26.4570    26.4229    818.695    17.1237    36.2664 1.9659e-08        2.0 1.9231e-07       0.25 0.0000e+00
    826.000    819.686    17.2645   4.698153     0.5247     0.0427     0.0566      0.581 1.0000e-12    5.39801    7.71429     0.0541     0.0773      2.353    26.4570    26.4229    819.686    17.1234    36.2663 1.5367e-08        1.5 1.5032e-07       0.22 0.0000e+00
    827.000    820.676    17.2645   4.698199     0.5248     0.0300     0.0575      0.615 1.0000e-12    5.39800    7.71429     0.0544     0.0777      2.366    26.4570    26.4229    820.676    17.1232    36.2663 2.1025e-08        2.1 2.0566e-07       0.26 0.0000e+00
    828.000    821.667    17.2646   4.698257     0.5250     0.0338     0.0594      0.319 1.0000e-12    5.39799    7.71427     0.0546     0.0780      2.375    26.4571    26.4229    821.666    17.1232    36.2664 2.3289e-08        2.3 2.2781e-07       0.27 0.0000e+00
    829.000    822.657    17.2644   4.698300     0.5249     0.0362     0.0595      0.788 1.0000e-12    5.39801    7.71429     0.0535     0.0765      2.328    26.4573    26.4231    822.657    17.1228    36.2665 2.0130e-08        2.0 1.9692e-07       0.25 0.0000e+00
    830.000    823.647    17.2646   4.698344     0.5247     0.0225     0.0579      0.736 1.0000e-12    5.39800    7.71428     0.0543     0.0776      2.362    26.4572    26.4229    823.647    17.1228    36.2664 2.4210e-08        2.4 2.3682e-07       0.28 0.0000e+00
    831.000    824.637    17.2646   4.698379     0.5248     0.0426     0.0572      0.781 1.0000e-12    5.39800    7.71428     0.0540     0.0772      2.350    26.4572    26.4229    824.638    17.1226    36.2663 2.3082e-08        2.3 2.2579e-07       0.27 0.0000e+00
    832.000    825.628    17.2645   4.698411     0.5247     0.0326     0.0560      0.730 1.0000e-12    5.39801    7.71429     0.0539     0.0770      2.345    26.4572    26.4229    825.628    17.1224    36.2663 7.0291e-09        0.7 6.8758e-08       0.15 0.0000e+00
    833.000    826.618    17.2644   4.698437     0.5246     0.0302     0.0575      0.572 1.0000e-12    5.39802    7.71431     0.0539     0.0771      2.347    26.4573    26.4229    826.618    17.1221    36.2662 3.6351e-09        0.4 3.5559e-08       0.11 0.0000e+00
    834.000    827.609    17.2644   4.698453     0.5248     0.0313     0.0570      0.727 1.0000e-12    5.39803    7.71433     0.0538     0.0768      2.339    26.4571    26.4227    827.609    17.1219    36.2660 5.8895e-09        0.6 5.7611e-08       0.14 0.0000e+00
    835.000    828.599    17.2644   4.698502     0.5244     0.0249     0.0565      0.386 1.0000e-12    5.39803    7.71432     0.0531     0.0758      2.308    26.4572    26.4227    828.599    17.1218    36.2661 1.5827e-08        1.6 1.5482e-07       0.23 0.0000e+00
    836.000    829.589    17.2643   4.698534     0.5248     0.0385     0.0575      0.739 1.0000e-12    5.39804    7.71433     0.0549     0.0784      2.389    26.4573    26.4227    829.589    17.1215    36.2661 2.1247e-08        2.1 2.0784e-07       0.26 0.0000e+00
    837.000    830.580    17.2643   4.698537     0.5250     0.0332     0.0562      0.443 1.0000e-12    5.39805    7.71435     0.0536     0.0767      2.334    26.4570    26.4225    830.580    17.1213    36.2657 2.0571e-08        2.1 2.0123e-07       0.26 0.0000e+00
    838.000    831.570    17.2641   4.698584     0.5243     0.0226     0.0571      0.806 1.0000e-12    5.39806    7.71437     0.0530     0.0757      2.306    26.4573    26.4227    831.570    17.1209    36.2659 3.8663e-08        3.9 3.7821e-07       0.35 0.0000e+00
    839.000    832.560    17.2637   4.698570     0.5247     0.0322     0.0562      0.733 1.0000e-12    5.39811    7.71443     0.0545     0.0779      2.371    26.4573    26.4227    832.560    17.1204    36.2658 4.7261e-08        4.7 4.6231e-07       0.39 0.0000e+00
    840.000    833.551    17.2635   4.698583     0.5248     0.0312     0.0561      0.688 1.0000e-12    5.39813    7.71447     0.0541     0.0774      2.356    26.4573    26.4227    833.551    17.1200    36.2657 4.5236e-08        4.5 4.4250e-07       0.38 0.0000e+00
    841.000    834.541    17.2633   4.698588     0.5247     0.0353     0.0564      0.475 1.0000e-12    5.39816    7.71451     0.0541     0.0774      2.356    26.4573    26.4226    834.541    17.1196    36.2656 4.2991e-08        4.3 4.2054e-07       0.37 0.0000e+00
    842.000    835.531    17.2634   4.698639     0.5249     0.0404     0.0575      0.684 1.0000e-12    5.39814    7.71449     0.0542     0.0774      2.357    26.4573    26.4226    835.531    17.1195    36.2655 4.3912e-08        4.4 4.2955e-07       0.38 0.0000e+00
    843.000    836.522    17.2633   4.698709     0.5247     0.0390     0.0571      0.940 1.0000e-12    5.39814    7.71449     0.0544     0.0778      2.368    26.4576    26.4228    836.522    17.1193    36.2659 3.3982e-08        3.4 3.3241e-07       0.33 0.0000e+00
    844.000    837.512    17.2633   4.698736     0.5250     0.0323     0.0562      0.554 1.0000e-12    5.39815    7.71450     0.0550     0.0786      2.392    26.4576    26.4227    837.512    17.1191    36.2657 3.3546e-08        3.4 3.2815e-07       0.33 0.0000e+00
    845.000    838.502    17.2633   4.698765     0.5249     0.0283     0.0559      0.625 1.0000e-12    5.39816    7.71450     0.0540     0.0772      2.349    26.4575    26.4226    838.502    17.1189    36.2656 2.5867e-08        2.6 2.5304e-07       0.29 0.0000e+00
