CTD_data/C216_2_1.cnv
* Sea-Bird SBE 25 Data File:
* FileName = C:\CTD_Data\C216\C216_2_1.hex
* Software Version Seasave V 7.19
* Temperature SN = 4430
* Conductivity SN = 3138
* System UpLoad Time = Nov 05 2014 15:38:05
** Ship: Hermano gines
** Station: cariaco 216
** Operator: Luis medina
** Latitude: 10  29.91 N
** Longitude: 64 40.05
** perfil baterias
# nquan = 24                                
# nvalues = 1816                        
# units = specified
# name 0 = prSM: Pressure, Strain Gauge [db]
# name 1 = depSM: Depth [salt water, m], lat = 10.50
# name 2 = t090C: Temperature [ITS-90, deg C]
# name 3 = c0S/m: Conductivity [S/m]
# name 4 = sbeox0V: Oxygen raw, SBE 43 [V]
# name 5 = flECO-AFL: Fluorescence, WET Labs ECO-AFL/FL [mg/m^3]
# name 6 = bat: Beam Attenuation, Chelsea/Seatech [1/m]
# name 7 = dz/dtM: Descent Rate [m/s]
# name 8 = par: PAR/Irradiance, Biospherical/Licor
# name 9 = oxsatML/L: Oxygen Saturation, Weiss [ml/l]
# name 10 = oxsatMg/L: Oxygen Saturation, Weiss [mg/l]
# name 11 = sbeox0ML/L: Oxygen, SBE 43 [ml/l], WS = 2
# name 12 = sbeox0Mg/L: Oxygen, SBE 43 [mg/l], WS = 2
# name 13 = sbeox0Mm/Kg: Oxygen, SBE 43 [umol/kg], WS = 2
# name 14 = sigma-é00: Density [sigma-theta, kg/m^3]
# name 15 = sigma-t00: Density [sigma-t, kg/m^3 ]
# name 16 = depSM: Depth [salt water, m], lat = 10.5
# name 17 = potemp090C: Potential Temperature [ITS-90, deg C]
# name 18 = sal00: Salinity, Practical [PSU]
# name 19 = E: stability, E [rad^2/m]
# name 20 = E10^-8: stability, E [10^-8 rad^2/m]
# name 21 = N^2: buoyancy frequency, N^2 [rad^2/s^2]
# name 22 = N: buoyancy frequency, N [cycles/h]
# name 23 = flag: flag
# span 0 =      0.000,    908.000       
# span 1 =     -0.001,    900.882       
# span 2 =    17.2542,    27.6499       
# span 3 =   4.692383,   5.836064       
# span 4 =     0.5241,     2.6629       
# span 5 =    -0.1192,     1.2371       
# span 6 =     0.0305,     0.4849       
# span 7 =     -1.322,      1.269       
# span 8 = 1.0000e-12, 1.0000e-12       
# span 9 =    4.47803,    5.39915       
# span 10 =    6.39955,    7.71593      
# span 11 =     0.0490,     3.7222      
# span 12 =     0.0701,     5.3195      
# span 13 =      2.134,    162.279      
# span 14 =    23.7932,    26.4587      
# span 15 =    23.7932,    26.4270      
# span 16 =      0.000,    900.882      
# span 17 =    17.1022,    27.6494      
# span 18 =    36.2614,    36.8964      
# span 19 = -1.644e-08, 4.7471e-05      
# span 20 =       -1.6,     4747.1      
# span 21 = -1.608e-07, 4.6436e-04      
# span 22 =      -0.23,      12.35      
# span 23 = 0.0000e+00, 0.0000e+00      
# interval = decibars: 1                
# start_time = Nov 05 2014 15:38:05 [System UpLoad Time]
# bad_flag = -9.990e-29
*END*
[from data line 61]
     62.000     61.639    24.6182   5.515022     2.2309     0.2056     0.0686      0.836 1.0000e-12    4.70742    6.72738     3.1784     4.5422    138.505    24.8523    24.8483     61.639    24.6048    36.8390 1.4486e-05     1448.6 1.4170e-04       6.82 0.0000e+00
     63.000     62.633    24.6136   5.514729     2.2483     0.1971     0.0656      0.733 1.0000e-12    4.70776    6.72786     3.2467     4.6399    141.483    24.8547    24.8506     62.633    24.6000    36.8403 1.9607e-05     1960.7 1.9180e-04       7.93 0.0000e+00
     64.000     63.627    24.6015   5.514009     2.2830     0.1632     0.0637      0.817 1.0000e-12    4.70862    6.72909     3.2871     4.6976    143.243    24.8616    24.8574     63.627    24.5877    36.8444 2.4846e-05     2484.6 2.4305e-04       8.93 0.0000e+00
     65.000     64.621    24.5549   5.510805     2.2753     0.1272     0.0607      0.698 1.0000e-12    4.71201    6.73393     3.2300     4.6160    140.748    24.8863    24.8820     64.621    24.5409    36.8582 2.8954e-05     2895.4 2.8323e-04       9.64 0.0000e+00
     66.000     65.616    24.3614   5.490962     2.2314     0.1026     0.0538      0.607 1.0000e-12    4.72743    6.75597     3.1368     4.4828    136.679    24.9516    24.9473     65.615    24.3473    36.8672 3.2694e-05     3269.4 3.1982e-04      10.25 0.0000e+00
     67.000     66.609    24.2231   5.477405     2.1923     0.0993     0.0496      0.735 1.0000e-12    4.73838    6.77162     3.0859     4.4101    134.455    25.0016    24.9973     66.609    24.2088    36.8783 3.5130e-05     3513.0 3.4365e-04      10.62 0.0000e+00
     68.000     67.603    24.0848   5.462301     2.1685     0.0920     0.0469      0.990 1.0000e-12    4.74971    6.78781     3.0500     4.3588    132.885    25.0425    25.0382     67.603    24.0703    36.8775 3.5174e-05     3517.4 3.4407e-04      10.63 0.0000e+00
     69.000     68.598    23.9475   5.447508     2.1110     0.1199     0.0458      0.885 1.0000e-12    4.76096    6.80389     2.9297     4.1868    127.637    25.0841    25.0798     68.597    23.9329    36.8782 3.2634e-05     3263.4 3.1923e-04      10.24 0.0000e+00
     70.000     69.592    23.8511   5.435917     2.0514     0.0715     0.0437      0.408 1.0000e-12    4.76914    6.81558     2.8821     4.1189    125.563    25.1061    25.1017     69.591    23.8363    36.8693 2.7818e-05     2781.8 2.7212e-04       9.45 0.0000e+00
     71.000     70.585    23.7152   5.420642     2.0482     0.0400     0.0484      0.757 1.0000e-12    4.78050    6.83182     2.9074     4.1550    126.660    25.1432    25.1388     70.585    23.7003    36.8650 2.3211e-05     2321.1 2.2705e-04       8.63 0.0000e+00
     72.000     71.579    23.6720   5.417620     2.0516     0.0281     0.0569      0.847 1.0000e-12    4.78375    6.83646     2.9244     4.1792    127.396    25.1655    25.1610     71.579    23.6569    36.8774 1.9379e-05     1937.9 1.8957e-04       7.89 0.0000e+00
     73.000     72.573    23.6684   5.417379     2.0557     0.0376     0.0611      0.884 1.0000e-12    4.78403    6.83686     2.9222     4.1762    127.303    25.1673    25.1627     72.573    23.6531    36.8782 1.5969e-05     1596.9 1.5621e-04       7.16 0.0000e+00
     74.000     73.568    23.6613   5.416682     2.0503     0.0568     0.0631      1.118 1.0000e-12    4.78461    6.83768     2.9118     4.1613    126.850    25.1696    25.1650     73.567    23.6458    36.8784 1.2940e-05     1294.0 1.2658e-04       6.45 0.0000e+00
     75.000     74.561    23.6367   5.413523     2.0508     0.0503     0.0612      0.456 1.0000e-12    4.78677    6.84077     2.9192     4.1718    127.170    25.1738    25.1692     74.561    23.6210    36.8743 1.0804e-05     1080.4 1.0568e-04       5.89 0.0000e+00
     76.000     75.555    23.5178   5.401192     2.0500     0.0509     0.0557      0.659 1.0000e-12    4.79656    6.85476     2.9267     4.1826    127.492    25.2120    25.2073     75.555    23.5019    36.8783 9.0154e-06      901.5 8.8189e-05       5.38 0.0000e+00
     77.000     76.549    23.5076   5.400284     2.0504     0.0555     0.0519      0.742 1.0000e-12    4.79738    6.85593     2.9307     4.1882    127.664    25.2160    25.2112     76.549    23.4915    36.8795 8.7671e-06      876.7 8.5760e-05       5.31 0.0000e+00
     78.000     77.543    23.5040   5.400114     2.0520     0.0519     0.0473      0.786 1.0000e-12    4.79764    6.85631     2.9292     4.1862    127.601    25.2181    25.2133     77.543    23.4877    36.8809 9.0394e-06      903.9 8.8423e-05       5.39 0.0000e+00
     79.000     78.538    23.5003   5.400028     2.0472     0.0725     0.0449      0.875 1.0000e-12    4.79790    6.85667     2.9203     4.1734    127.212    25.2209    25.2160     78.537    23.4838    36.8830 8.7200e-06      872.0 8.5300e-05       5.29 0.0000e+00
     80.000     79.531    23.4858   5.398746     2.0470     0.0706     0.0447      0.689 1.0000e-12    4.79905    6.85832     2.9256     4.1809    127.442    25.2266    25.2217     79.531    23.4691    36.8848 7.7474e-06      774.7 7.5785e-05       4.99 0.0000e+00
     81.000     80.525    23.4553   5.395624     2.0505     0.0505     0.0462      0.646 1.0000e-12    4.80157    6.86192     2.9408     4.2027    128.105    25.2365    25.2315     80.525    23.4384    36.8859 6.4168e-06      641.7 6.2770e-05       4.54 0.0000e+00
     82.000     81.519    23.4062   5.390591     2.0519     0.0475     0.0456      0.792 1.0000e-12    4.80562    6.86772     2.9397     4.2011    128.053    25.2524    25.2474     81.519    23.3891    36.8878 6.5244e-06      652.4 6.3822e-05       4.58 0.0000e+00
     83.000     82.513    23.3867   5.388686     2.0520     0.0436     0.0459      0.907 1.0000e-12    4.80723    6.87001     2.9427     4.2055    128.185    25.2592    25.2541     82.513    23.3694    36.8891 6.4716e-06      647.2 6.3306e-05       4.56 0.0000e+00
     84.000     83.507    23.3738   5.387262     2.0502     0.0474     0.0469      0.927 1.0000e-12    4.80832    6.87158     2.9381     4.1988    127.982    25.2626    25.2575     83.507    23.3563    36.8885 6.0317e-06      603.2 5.9002e-05       4.40 0.0000e+00
     85.000     84.501    23.3673   5.386541     2.0504     0.0430     0.0469      0.613 1.0000e-12    4.80888    6.87237     2.9464     4.2108    128.346    25.2642    25.2590     84.501    23.3496    36.8881 5.2071e-06      520.7 5.0936e-05       4.09 0.0000e+00
     86.000     85.495    23.3506   5.384942     2.0535     0.0436     0.0468      0.594 1.0000e-12    4.81025    6.87433     2.9484     4.2136    128.431    25.2701    25.2649     85.495    23.3327    36.8893 4.1997e-06      420.0 4.1082e-05       3.67 0.0000e+00
     87.000     86.488    23.3333   5.383188     2.0506     0.0436     0.0456      0.778 1.0000e-12    4.81168    6.87637     2.9390     4.2002    128.021    25.2757    25.2704     86.489    23.3152    36.8899 3.2695e-06      326.9 3.1982e-05       3.24 0.0000e+00
     88.000     87.482    23.3191   5.381718     2.0445     0.0390     0.0461      0.862 1.0000e-12    4.81287    6.87807     2.9291     4.1860    127.590    25.2801    25.2747     87.483    23.3008    36.8901 2.7870e-06      278.7 2.7262e-05       2.99 0.0000e+00
     89.000     88.477    23.3146   5.381305     2.0431     0.0374     0.0450      0.671 1.0000e-12    4.81324    6.87860     2.9337     4.1925    127.787    25.2816    25.2762     88.476    23.2961    36.8903 2.5643e-06      256.4 2.5084e-05       2.87 0.0000e+00
     90.000     89.471    23.3108   5.380873     2.0425     0.0349     0.0463      0.732 1.0000e-12    4.81357    6.87908     2.9326     4.1910    127.742    25.2824    25.2769     89.470    23.2921    36.8898 2.5641e-06      256.4 2.5082e-05       2.87 0.0000e+00
     91.000     90.465    23.3055   5.380295     2.0424     0.0347     0.0453      0.803 1.0000e-12    4.81403    6.87973     2.9334     4.1921    127.773    25.2838    25.2782     90.464    23.2866    36.8895 2.6761e-06      267.6 2.6178e-05       2.93 0.0000e+00
     92.000     91.458    23.3017   5.379953     2.0405     0.0346     0.0460      0.801 1.0000e-12    4.81434    6.88018     2.9204     4.1736    127.209    25.2851    25.2795     91.458    23.2826    36.8897 3.3203e-06      332.0 3.2479e-05       3.27 0.0000e+00
     93.000     92.452    23.2972   5.379386     2.0311     0.0391     0.0470      0.854 1.0000e-12    4.81475    6.88076     2.9046     4.1510    126.520    25.2857    25.2801     92.452    23.2779    36.8887 4.7599e-06      476.0 4.6562e-05       3.91 0.0000e+00
     94.000     93.446    23.2740   5.376489     2.0262     0.0271     0.0465      0.586 1.0000e-12    4.81679    6.88367     2.9034     4.1492    126.466    25.2901    25.2844     93.446    23.2545    36.8854 6.2724e-06      627.2 6.1357e-05       4.49 0.0000e+00
     95.000     94.440    23.2466   5.373401     2.0249     0.0232     0.0461      0.842 1.0000e-12    4.81913    6.88703     2.9029     4.1485    126.443    25.2972    25.2914     94.440    23.2269    36.8841 7.4177e-06      741.8 7.2560e-05       4.88 0.0000e+00
     96.000     95.433    23.2211   5.370672     2.0196     0.0271     0.0470      0.746 1.0000e-12    4.82129    6.89010     2.8901     4.1302    125.885    25.3046    25.2988     95.434    23.2012    36.8840 8.7401e-06      874.0 8.5496e-05       5.30 0.0000e+00
     97.000     96.427    23.1715   5.365077     2.0108     0.0067     0.0452      0.576 1.0000e-12    4.82553    6.89616     2.8716     4.1038    125.078    25.3176    25.3117     96.428    23.1514    36.8819 9.7764e-06      977.6 9.5633e-05       5.60 0.0000e+00
     98.000     97.422    23.0919   5.356049     1.9989     0.0174     0.0446      0.812 1.0000e-12    4.83235    6.90592     2.8487     4.0711    124.080    25.3381    25.3322     97.421    23.0717    36.8784 1.0682e-05     1068.2 1.0449e-04       5.86 0.0000e+00
     99.000     98.416    23.0531   5.351478     1.9802     0.0159     0.0441      0.764 1.0000e-12    4.83573    6.91074     2.8100     4.0157    122.390    25.3470    25.3411     98.415    23.0327    36.8751 1.2559e-05     1255.9 1.2285e-04       6.35 0.0000e+00
    100.000     99.409    23.0196   5.346792     1.9593     0.0069     0.0448      0.638 1.0000e-12    4.83881    6.91515     2.7753     3.9662    120.880    25.3503    25.3443     99.409    22.9990    36.8665 1.5474e-05     1547.4 1.5137e-04       7.05 0.0000e+00
    101.000    100.403    22.9480   5.338400     1.9458     0.0119     0.0453      0.808 1.0000e-12    4.84504    6.92405     2.7648     3.9511    120.420    25.3670    25.3610    100.403    22.9273    36.8611 1.7532e-05     1753.2 1.7150e-04       7.50 0.0000e+00
    102.000    101.397    22.9114   5.334189     1.9389     0.0077     0.0460      0.880 1.0000e-12    4.84823    6.92860     2.7550     3.9372    119.995    25.3759    25.3698    101.397    22.8905    36.8587 1.9941e-05     1994.1 1.9506e-04       8.00 0.0000e+00
    103.000    102.391    22.8575   5.328119     1.9269     0.0094     0.0463      0.848 1.0000e-12    4.85288    6.93525     2.7279     3.8984    118.809    25.3898    25.3837    102.391    22.8364    36.8564 2.3117e-05     2311.7 2.2613e-04       8.62 0.0000e+00
    104.000    103.385    22.6937   5.309589     1.9125     0.0106     0.0457      0.830 1.0000e-12    4.86711    6.95558     2.7166     3.8823    118.314    25.4319    25.4258    103.384    22.6725    36.8494 2.5867e-05     2586.7 2.5303e-04       9.11 0.0000e+00
    105.000    104.378    22.5374   5.293181     1.8955     0.0087     0.0399      0.619 1.0000e-12    4.88045    6.97465     2.6829     3.8342    116.843    25.4792    25.4731    104.378    22.5161    36.8526 2.7860e-05     2786.0 2.7252e-04       9.46 0.0000e+00
    106.000    105.372    22.4970   5.288592     1.8688     0.0110     0.0364      0.653 1.0000e-12    4.88400    6.97972     2.6274     3.7548    114.422    25.4892    25.4830    105.372    22.4755    36.8504 2.8634e-05     2863.4 2.8009e-04       9.59 0.0000e+00
    107.000    106.366    22.3131   5.266279     1.8466     0.0191     0.0371      0.822 1.0000e-12    4.90051    7.00332     2.6049     3.7227    113.440    25.5265    25.5204    106.366    22.2916    36.8303 2.8368e-05     2836.8 2.7750e-04       9.54 0.0000e+00
    108.000    107.359    22.1478   5.248386     1.8215     0.0047     0.0363      0.491 1.0000e-12    4.91494    7.02394     2.5719     3.6754    111.995    25.5726    25.5665    107.360    22.1262    36.8290 2.6474e-05     2647.4 2.5897e-04       9.22 0.0000e+00
    109.000    108.353    22.0794   5.240587     1.8056    -0.0020     0.0397      0.633 1.0000e-12    4.92103    7.03265     2.5506     3.6451    111.069    25.5891    25.5829    108.354    22.0576    36.8251 2.3433e-05     2343.3 2.2922e-04       8.67 0.0000e+00
    110.000    109.347    21.9858   5.229906     1.7960    -0.0028     0.0388      0.886 1.0000e-12    4.92940    7.04460     2.5456     3.6379    110.846    25.6115    25.6053    109.347    21.9639    36.8198 2.0706e-05     2070.6 2.0255e-04       8.15 0.0000e+00
    111.000    110.341    21.9045   5.221009     1.7908     0.0009     0.0414      0.838 1.0000e-12    4.93660    7.05489     2.5457     3.6381    110.850    25.6332    25.6270    110.341    21.8824    36.8181 1.8767e-05     1876.7 1.8358e-04       7.76 0.0000e+00
    112.000    111.335    21.8629   5.216830     1.7852    -0.0101     0.0443      0.703 1.0000e-12    4.94021    7.06005     2.5352     3.6230    110.389    25.6464    25.6402    111.335    21.8407    36.8200 1.5803e-05     1580.3 1.5459e-04       7.12 0.0000e+00
    113.000    112.328    21.8214   5.211966     1.7788     0.0020     0.0441      0.931 1.0000e-12    4.94398    7.06544     2.5278     3.6124    110.066    25.6554    25.6491    112.329    21.7990    36.8164 1.3450e-05     1345.0 1.3157e-04       6.57 0.0000e+00
    114.000    113.322    21.7642   5.205506     1.7770     0.0032     0.0431      0.750 1.0000e-12    4.94913    7.07280     2.5335     3.6206    110.313    25.6693    25.6629    113.323    21.7416    36.8134 1.2617e-05     1261.7 1.2342e-04       6.37 0.0000e+00
    115.000    114.316    21.7155   5.200120     1.7727    -0.0034     0.0435      0.789 1.0000e-12    4.95349    7.07903     2.5246     3.6079    109.926    25.6817    25.6753    114.316    21.6928    36.8118 1.2058e-05     1205.8 1.1795e-04       6.22 0.0000e+00
    116.000    115.310    21.6730   5.195401     1.7672     0.0036     0.0454      0.471 1.0000e-12    4.95731    7.08449     2.5201     3.6014    109.727    25.6924    25.6860    115.310    21.6501    36.8101 1.1841e-05     1184.1 1.1583e-04       6.17 0.0000e+00
    117.000    116.303    21.6424   5.192072     1.7660    -0.0010     0.0441      0.672 1.0000e-12    4.96005    7.08841     2.5201     3.6015    109.728    25.7004    25.6940    116.304    21.6193    36.8093 1.2391e-05     1239.1 1.2121e-04       6.31 0.0000e+00
    118.000    117.297    21.5907   5.185999     1.7624     0.0048     0.0447      0.723 1.0000e-12    4.96478    7.09517     2.5099     3.5869    109.281    25.7114    25.7049    117.298    21.5675    36.8047 1.3569e-05     1356.9 1.3273e-04       6.60 0.0000e+00
    119.000    118.291    21.5311   5.179488     1.7530    -0.0021     0.0489      0.823 1.0000e-12    4.97014    7.10282     2.4880     3.5556    108.326    25.7270    25.7205    118.291    21.5077    36.8033 1.4081e-05     1408.1 1.3774e-04       6.72 0.0000e+00
    120.000    119.285    21.4516   5.170217     1.7455    -0.0055     0.0477      0.878 1.0000e-12    4.97743    7.11325     2.4847     3.5509    108.182    25.7442    25.7377    119.285    21.4281    36.7968 1.4494e-05     1449.4 1.4178e-04       6.82 0.0000e+00
