CTD_data/C216_2_3.cnv
* Sea-Bird SBE 25 Data File:
* FileName = C:\CTD_Data\C216\C216_2_3.hex
* Software Version Seasave V 7.19
* Temperature SN = 4430
* Conductivity SN = 3138
* System UpLoad Time = Nov 06 2014 18:57:38
** Ship: hermano gines
** Station: car216
** Operator: Luis Medina
** Latitude: 10 30.13 N
** Longitude: 64 39.81 W
# nquan = 24                                
# nvalues = 1816                        
# units = specified
# name 0 = prSM: Pressure, Strain Gauge [db]
# name 1 = depSM: Depth [salt water, m], lat = 10.50
# name 2 = t090C: Temperature [ITS-90, deg C]
# name 3 = c0S/m: Conductivity [S/m]
# name 4 = sbeox0V: Oxygen raw, SBE 43 [V]
# name 5 = flECO-AFL: Fluorescence, WET Labs ECO-AFL/FL [mg/m^3]
# name 6 = bat: Beam Attenuation, Chelsea/Seatech [1/m]
# name 7 = dz/dtM: Descent Rate [m/s]
# name 8 = par: PAR/Irradiance, Biospherical/Licor
# name 9 = oxsatML/L: Oxygen Saturation, Weiss [ml/l]
# name 10 = oxsatMg/L: Oxygen Saturation, Weiss [mg/l]
# name 11 = sbeox0ML/L: Oxygen, SBE 43 [ml/l], WS = 2
# name 12 = sbeox0Mg/L: Oxygen, SBE 43 [mg/l], WS = 2
# name 13 = sbeox0Mm/Kg: Oxygen, SBE 43 [umol/kg], WS = 2
# name 14 = sigma-é00: Density [sigma-theta, kg/m^3]
# name 15 = sigma-t00: Density [sigma-t, kg/m^3 ]
# name 16 = depSM: Depth [salt water, m], lat = 10.5
# name 17 = potemp090C: Potential Temperature [ITS-90, deg C]
# name 18 = sal00: Salinity, Practical [PSU]
# name 19 = E: stability, E [rad^2/m]
# name 20 = E10^-8: stability, E [10^-8 rad^2/m]
# name 21 = N^2: buoyancy frequency, N^2 [rad^2/s^2]
# name 22 = N: buoyancy frequency, N [cycles/h]
# name 23 = flag: flag
# span 0 =      0.000,    908.000       
# span 1 =     -0.000,    900.883       
# span 2 =    17.2618,    27.6635       
# span 3 =   4.694380,   5.819099       
# span 4 =     0.5242,     2.6806       
# span 5 =    -0.1215,     1.6140       
# span 6 =     0.0543,     0.2589       
# span 7 =     -1.128,      1.217       
# span 8 = 1.0000e-12, 1.0000e-12       
# span 9 =    4.47875,    5.39837       
# span 10 =    6.40058,    7.71480      
# span 11 =     0.0490,     3.7597      
# span 12 =     0.0700,     5.3729      
# span 13 =      2.133,    163.911      
# span 14 =    23.7374,    26.4585      
# span 15 =    23.7374,    26.4259      
# span 16 =      0.000,    900.882      
# span 17 =    17.1084,    27.6633      
# span 18 =    36.2634,    36.8892      
# span 19 = -2.137e-08, 5.3961e-05      
# span 20 =       -2.1,     5396.1      
# span 21 = -2.091e-07, 5.2784e-04      
# span 22 =      -0.26,      13.16      
# span 23 = 0.0000e+00, 0.0000e+00      
# interval = decibars: 1                
# start_time = Nov 06 2014 18:57:38 [System UpLoad Time]
# bad_flag = -9.990e-29
*END*
[from data line 302]
    303.000    301.062    17.7714   4.739768     0.5262    -0.0022     0.0632      0.661 1.0000e-12    5.34233    7.63472     0.0536     0.0766      2.332    26.3927    26.3798    301.062    17.7192    36.3718 3.7019e-07       37.0 3.6212e-06       1.09 0.0000e+00
    304.000    302.055    17.7692   4.739506     0.5261    -0.0012     0.0619      0.961 1.0000e-12    5.34257    7.63506     0.0528     0.0754      2.297    26.3928    26.3799    302.055    17.7169    36.3711 3.9113e-07       39.1 3.8261e-06       1.12 0.0000e+00
    305.000    303.047    17.7649   4.739039     0.5260     0.0055     0.0610      0.891 1.0000e-12    5.34303    7.63573     0.0525     0.0751      2.285    26.3934    26.3805    303.048    17.7124    36.3705 3.9337e-07       39.3 3.8479e-06       1.12 0.0000e+00
    306.000    304.040    17.7612   4.738632     0.5259     0.0016     0.0619      0.810 1.0000e-12    5.34343    7.63629     0.0525     0.0750      2.284    26.3939    26.3810    304.040    17.7085    36.3699 3.6318e-07       36.3 3.5527e-06       1.08 0.0000e+00
    307.000    305.033    17.7581   4.738302     0.5261     0.0044     0.0607      0.597 1.0000e-12    5.34375    7.63676     0.0534     0.0763      2.322    26.3944    26.3814    305.033    17.7053    36.3695 3.3225e-07       33.2 3.2501e-06       1.03 0.0000e+00
    308.000    306.026    17.7558   4.738045     0.5261    -0.0052     0.0593      0.603 1.0000e-12    5.34401    7.63713     0.0531     0.0759      2.311    26.3946    26.3815    306.026    17.7028    36.3689 2.9073e-07       29.1 2.8439e-06       0.97 0.0000e+00
    309.000    307.019    17.7542   4.737935     0.5260    -0.0020     0.0593      0.864 1.0000e-12    5.34417    7.63735     0.0523     0.0748      2.277    26.3951    26.3820    307.019    17.7010    36.3690 2.4522e-07       24.5 2.3987e-06       0.89 0.0000e+00
    310.000    308.012    17.7527   4.737788     0.5259     0.0014     0.0599      0.853 1.0000e-12    5.34434    7.63759     0.0528     0.0754      2.297    26.3953    26.3821    308.012    17.6994    36.3687 1.7858e-07       17.9 1.7469e-06       0.76 0.0000e+00
    311.000    309.005    17.7524   4.737766     0.5261     0.0100     0.0608      0.625 1.0000e-12    5.34438    7.63765     0.0532     0.0759      2.313    26.3951    26.3819    309.005    17.6989    36.3684 1.4778e-07       14.8 1.4456e-06       0.69 0.0000e+00
    312.000    309.998    17.7520   4.737763     0.5260    -0.0000     0.0601      0.451 1.0000e-12    5.34442    7.63770     0.0526     0.0753      2.290    26.3952    26.3820    309.998    17.6983    36.3683 1.4403e-07       14.4 1.4089e-06       0.68 0.0000e+00
    313.000    310.990    17.7521   4.737837     0.5260     0.0036     0.0607      0.768 1.0000e-12    5.34440    7.63769     0.0529     0.0756      2.301    26.3954    26.3821    310.990    17.6982    36.3685 1.4534e-07       14.5 1.4217e-06       0.68 0.0000e+00
    314.000    311.983    17.7522   4.737878     0.5260     0.0033     0.0613      0.954 1.0000e-12    5.34439    7.63768     0.0526     0.0752      2.288    26.3953    26.3820    311.983    17.6982    36.3684 1.4083e-07       14.1 1.3776e-06       0.67 0.0000e+00
    315.000    312.976    17.7521   4.737907     0.5259    -0.0036     0.0617      0.966 1.0000e-12    5.34441    7.63769     0.0529     0.0756      2.300    26.3953    26.3820    312.976    17.6979    36.3683 1.5502e-07       15.5 1.5164e-06       0.71 0.0000e+00
    316.000    313.969    17.7477   4.737401     0.5261    -0.0018     0.0601      0.858 1.0000e-12    5.34488    7.63837     0.0534     0.0764      2.325    26.3958    26.3824    313.969    17.6933    36.3675 1.7523e-07       17.5 1.7142e-06       0.75 0.0000e+00
    317.000    314.962    17.7453   4.737168     0.5260     0.0014     0.0611      0.666 1.0000e-12    5.34513    7.63873     0.0528     0.0754      2.296    26.3963    26.3828    314.962    17.6908    36.3673 2.1313e-07       21.3 2.0849e-06       0.83 0.0000e+00
    318.000    315.954    17.7449   4.737148     0.5260    -0.0130     0.0608      0.501 1.0000e-12    5.34519    7.63881     0.0529     0.0756      2.303    26.3963    26.3828    315.954    17.6902    36.3671 2.6840e-07       26.8 2.6255e-06       0.93 0.0000e+00
    319.000    316.948    17.7442   4.737104     0.5260    -0.0060     0.0604      0.842 1.0000e-12    5.34526    7.63891     0.0527     0.0753      2.295    26.3964    26.3829    316.947    17.6893    36.3669 3.5387e-07       35.4 3.4616e-06       1.07 0.0000e+00
    320.000    317.940    17.7431   4.737011     0.5258    -0.0064     0.0606      0.692 1.0000e-12    5.34538    7.63908     0.0522     0.0746      2.269    26.3965    26.3830    317.940    17.6880    36.3667 4.1218e-07       41.2 4.0320e-06       1.15 0.0000e+00
    321.000    318.933    17.7397   4.736601     0.5259     0.0028     0.0609      0.689 1.0000e-12    5.34575    7.63962     0.0532     0.0760      2.314    26.3967    26.3831    318.933    17.6845    36.3658 4.3987e-07       44.0 4.3028e-06       1.19 0.0000e+00
    322.000    319.926    17.7338   4.735931     0.5260     0.0002     0.0605      0.643 1.0000e-12    5.34639    7.64053     0.0530     0.0757      2.304    26.3975    26.3839    319.926    17.6784    36.3649 4.6164e-07       46.2 4.5158e-06       1.22 0.0000e+00
    323.000    320.918    17.7265   4.735049     0.5260     0.0032     0.0607      0.866 1.0000e-12    5.34718    7.64166     0.0530     0.0757      2.305    26.3982    26.3846    320.918    17.6710    36.3635 4.8603e-07       48.6 4.7544e-06       1.25 0.0000e+00
    324.000    321.911    17.7204   4.734393     0.5260    -0.0032     0.0609      0.821 1.0000e-12    5.34782    7.64257     0.0530     0.0757      2.306    26.3993    26.3856    321.911    17.6647    36.3629 4.8429e-07       48.4 4.7373e-06       1.25 0.0000e+00
    325.000    322.904    17.7179   4.734128     0.5260    -0.0032     0.0621      0.642 1.0000e-12    5.34810    7.64296     0.0530     0.0757      2.306    26.3996    26.3859    322.904    17.6620    36.3624 4.6585e-07       46.6 4.5570e-06       1.22 0.0000e+00
    326.000    323.897    17.7172   4.734098     0.5260     0.0023     0.0602      0.689 1.0000e-12    5.34817    7.64307     0.0527     0.0754      2.294    26.3998    26.3860    323.897    17.6612    36.3624 4.3147e-07       43.1 4.2206e-06       1.18 0.0000e+00
    327.000    324.890    17.7164   4.734049     0.5257     0.0020     0.0606      0.781 1.0000e-12    5.34825    7.64319     0.0525     0.0750      2.283    26.4000    26.3862    324.889    17.6602    36.3623 3.8476e-07       38.5 3.7637e-06       1.11 0.0000e+00
    328.000    325.882    17.7137   4.733748     0.5261    -0.0016     0.0608      0.792 1.0000e-12    5.34854    7.64361     0.0533     0.0762      2.319    26.4003    26.3864    325.882    17.6573    36.3618 3.3663e-07       33.7 3.2929e-06       1.04 0.0000e+00
    329.000    326.875    17.7113   4.733486     0.5260     0.0004     0.0608      0.364 1.0000e-12    5.34881    7.64398     0.0531     0.0759      2.311    26.4005    26.3866    326.875    17.6548    36.3613 3.0680e-07       30.7 3.0011e-06       0.99 0.0000e+00
    330.000    327.868    17.7085   4.733196     0.5260     0.0033     0.0609      0.806 1.0000e-12    5.34910    7.64441     0.0530     0.0757      2.306    26.4010    26.3870    327.868    17.6518    36.3609 3.2815e-07       32.8 3.2099e-06       1.03 0.0000e+00
    331.000    328.861    17.7049   4.732786     0.5258    -0.0024     0.0605      0.813 1.0000e-12    5.34950    7.64497     0.0521     0.0745      2.268    26.4013    26.3873    328.861    17.6480    36.3602 3.3311e-07       33.3 3.2585e-06       1.03 0.0000e+00
    332.000    329.853    17.7022   4.732524     0.5260     0.0031     0.0601      0.689 1.0000e-12    5.34978    7.64537     0.0537     0.0767      2.336    26.4019    26.3878    329.853    17.6452    36.3599 3.1817e-07       31.8 3.1123e-06       1.01 0.0000e+00
    333.000    330.846    17.7013   4.732440     0.5260    -0.0043     0.0608      0.884 1.0000e-12    5.34988    7.64552     0.0528     0.0755      2.298    26.4019    26.3878    330.846    17.6441    36.3596 2.9190e-07       29.2 2.8554e-06       0.97 0.0000e+00
    334.000    331.839    17.6982   4.732087     0.5259     0.0025     0.0605      0.963 1.0000e-12    5.35023    7.64600     0.0528     0.0755      2.298    26.4022    26.3881    331.839    17.6408    36.3590 2.4955e-07       25.0 2.4411e-06       0.90 0.0000e+00
    335.000    332.832    17.6946   4.731712     0.5259    -0.0021     0.0606      0.610 1.0000e-12    5.35060    7.64655     0.0529     0.0755      2.299    26.4028    26.3886    332.831    17.6370    36.3586 2.3268e-07       23.3 2.2761e-06       0.86 0.0000e+00
    336.000    333.824    17.6944   4.731730     0.5257    -0.0024     0.0603      0.630 1.0000e-12    5.35063    7.64658     0.0519     0.0742      2.259    26.4029    26.3887    333.824    17.6367    36.3585 2.3120e-07       23.1 2.2616e-06       0.86 0.0000e+00
    337.000    334.817    17.6944   4.731768     0.5257    -0.0010     0.0610      0.708 1.0000e-12    5.35063    7.64658     0.0528     0.0754      2.297    26.4029    26.3886    334.817    17.6365    36.3584 2.5786e-07       25.8 2.5224e-06       0.91 0.0000e+00
    338.000    335.810    17.6945   4.731835     0.5259     0.0019     0.0599      0.508 1.0000e-12    5.35062    7.64657     0.0521     0.0745      2.269    26.4030    26.3887    335.810    17.6364    36.3586 3.0402e-07       30.4 2.9739e-06       0.99 0.0000e+00
    339.000    336.802    17.6934   4.731706     0.5254     0.0033     0.0598      0.816 1.0000e-12    5.35074    7.64675     0.0517     0.0738      2.249    26.4029    26.3885    336.802    17.6352    36.3580 3.3281e-07       33.3 3.2555e-06       1.03 0.0000e+00
    340.000    337.795    17.6892   4.731264     0.5257     0.0061     0.0667      1.039 1.0000e-12    5.35119    7.64739     0.0529     0.0755      2.300    26.4036    26.3892    337.795    17.6308    36.3576 3.5032e-07       35.0 3.4269e-06       1.06 0.0000e+00
    341.000    338.788    17.6845   4.730706     0.5257     0.0063     0.0636      0.678 1.0000e-12    5.35171    7.64812     0.0528     0.0755      2.297    26.4040    26.3896    338.788    17.6259    36.3566 3.7275e-07       37.3 3.6463e-06       1.09 0.0000e+00
    342.000    339.781    17.6782   4.729971     0.5259     0.0084     0.0612      0.684 1.0000e-12    5.35239    7.64909     0.0529     0.0756      2.303    26.4048    26.3903    339.780    17.6195    36.3555 3.7310e-07       37.3 3.6496e-06       1.09 0.0000e+00
    343.000    340.773    17.6749   4.729624     0.5259     0.0043     0.0611      0.687 1.0000e-12    5.35273    7.64959     0.0524     0.0749      2.280    26.4053    26.3908    340.773    17.6160    36.3551 3.4000e-07       34.0 3.3259e-06       1.04 0.0000e+00
    344.000    341.766    17.6733   4.729484     0.5255    -0.0019     0.0597      0.485 1.0000e-12    5.35291    7.64984     0.0526     0.0752      2.291    26.4056    26.3911    341.766    17.6142    36.3549 2.9044e-07       29.0 2.8411e-06       0.97 0.0000e+00
    345.000    342.759    17.6728   4.729461     0.5258    -0.0039     0.0599      0.888 1.0000e-12    5.35296    7.64991     0.0532     0.0760      2.315    26.4056    26.3911    342.758    17.6136    36.3548 2.1559e-07       21.6 2.1089e-06       0.83 0.0000e+00
    346.000    343.751    17.6727   4.729495     0.5260     0.0107     0.0596      0.928 1.0000e-12    5.35297    7.64993     0.0524     0.0748      2.279    26.4057    26.3911    343.751    17.6133    36.3548 1.6657e-07       16.7 1.6294e-06       0.73 0.0000e+00
    347.000    344.744    17.6728   4.729572     0.5253     0.0020     0.0594      0.721 1.0000e-12    5.35295    7.64991     0.0518     0.0739      2.252    26.4059    26.3912    344.744    17.6132    36.3549 1.1994e-07       12.0 1.1733e-06       0.62 0.0000e+00
    348.000    345.737    17.6727   4.729577     0.5258     0.0042     0.0592      0.805 1.0000e-12    5.35297    7.64993     0.0531     0.0759      2.310    26.4058    26.3911    345.736    17.6130    36.3547 1.0221e-07       10.2 9.9984e-07       0.57 0.0000e+00
    349.000    346.729    17.6724   4.729583     0.5256     0.0047     0.0612      0.703 1.0000e-12    5.35301    7.64998     0.0520     0.0743      2.262    26.4058    26.3911    346.729    17.6125    36.3546 1.1147e-07       11.1 1.0904e-06       0.60 0.0000e+00
    350.000    347.722    17.6712   4.729472     0.5254     0.0032     0.0597      0.750 1.0000e-12    5.35314    7.65017     0.0514     0.0734      2.235    26.4060    26.3912    347.722    17.6111    36.3544 1.4548e-07       14.5 1.4231e-06       0.68 0.0000e+00
    351.000    348.714    17.6693   4.729286     0.5256     0.0084     0.0595      0.668 1.0000e-12    5.35334    7.65046     0.0527     0.0754      2.295    26.4062    26.3914    348.714    17.6090    36.3541 1.7963e-07       18.0 1.7571e-06       0.76 0.0000e+00
    352.000    349.707    17.6680   4.729155     0.5256     0.0169     0.0591      0.746 1.0000e-12    5.35349    7.65067     0.0519     0.0741      2.256    26.4063    26.3915    349.707    17.6076    36.3537 1.9652e-07       19.7 1.9224e-06       0.79 0.0000e+00
    353.000    350.699    17.6668   4.729052     0.5255     0.0080     0.0593      0.775 1.0000e-12    5.35362    7.65086     0.0524     0.0749      2.280    26.4065    26.3916    350.700    17.6062    36.3535 2.1715e-07       21.7 2.1242e-06       0.84 0.0000e+00
    354.000    351.693    17.6649   4.728867     0.5254    -0.0001     0.0592      0.735 1.0000e-12    5.35382    7.65114     0.0521     0.0744      2.267    26.4068    26.3919    351.692    17.6041    36.3532 2.1763e-07       21.8 2.1289e-06       0.84 0.0000e+00
    355.000    352.685    17.6615   4.728498     0.5256     0.0043     0.0586      0.602 1.0000e-12    5.35418    7.65167     0.0521     0.0745      2.269    26.4073    26.3923    352.685    17.6006    36.3527 2.0928e-07       20.9 2.0472e-06       0.82 0.0000e+00
    356.000    353.677    17.6604   4.728415     0.5253     0.0069     0.0592      0.748 1.0000e-12    5.35431    7.65184     0.0513     0.0734      2.234    26.4075    26.3925    353.678    17.5993    36.3526 1.8859e-07       18.9 1.8448e-06       0.78 0.0000e+00
    357.000    354.670    17.6591   4.728262     0.5254     0.0006     0.0597      0.924 1.0000e-12    5.35446    7.65205     0.0519     0.0742      2.258    26.4074    26.3924    354.670    17.5978    36.3520 1.7906e-07       17.9 1.7516e-06       0.76 0.0000e+00
    358.000    355.663    17.6580   4.728190     0.5254     0.0033     0.0597      0.706 1.0000e-12    5.35456    7.65221     0.0523     0.0748      2.276    26.4077    26.3926    355.663    17.5966    36.3520 1.5373e-07       15.4 1.5038e-06       0.70 0.0000e+00
    359.000    356.655    17.6577   4.728196     0.5257     0.0076     0.0589      0.648 1.0000e-12    5.35460    7.65226     0.0530     0.0758      2.307    26.4078    26.3927    356.655    17.5961    36.3519 1.2824e-07       12.8 1.2544e-06       0.64 0.0000e+00
    360.000    357.648    17.6575   4.728229     0.5256     0.0050     0.0586      0.706 1.0000e-12    5.35462    7.65229     0.0516     0.0738      2.246    26.4079    26.3928    357.648    17.5957    36.3520 1.0923e-07       10.9 1.0685e-06       0.59 0.0000e+00
    361.000    358.641    17.6567   4.728136     0.5256     0.0055     0.0588      0.759 1.0000e-12    5.35472    7.65243     0.0531     0.0758      2.309    26.4078    26.3926    358.641    17.5947    36.3516 1.1615e-07       11.6 1.1362e-06       0.61 0.0000e+00
    362.000    359.633    17.6563   4.728164     0.5256     0.0076     0.0597      0.796 1.0000e-12    5.35475    7.65247     0.0519     0.0741      2.257    26.4081    26.3929    359.633    17.5942    36.3518 1.5415e-07       15.4 1.5079e-06       0.70 0.0000e+00
