CTD_data/C216_2_4.cnv
* Sea-Bird SBE 25 Data File:
* FileName = C:\CTD_Data\C216\C216_2_4.hex
* Software Version Seasave V 7.19
* Temperature SN = 4430
* Conductivity SN = 3138
* System UpLoad Time = Nov 07 2014 06:17:28
** Ship: hermano gines
** Station: Car 216
** Operator: Luis medina
** Latitude: 10 29.98
** Longitude: 64 39.76
# nquan = 24                                
# nvalues = 1819                        
# units = specified
# name 0 = prSM: Pressure, Strain Gauge [db]
# name 1 = depSM: Depth [salt water, m], lat = 10.50
# name 2 = t090C: Temperature [ITS-90, deg C]
# name 3 = c0S/m: Conductivity [S/m]
# name 4 = sbeox0V: Oxygen raw, SBE 43 [V]
# name 5 = flECO-AFL: Fluorescence, WET Labs ECO-AFL/FL [mg/m^3]
# name 6 = bat: Beam Attenuation, Chelsea/Seatech [1/m]
# name 7 = dz/dtM: Descent Rate [m/s]
# name 8 = par: PAR/Irradiance, Biospherical/Licor
# name 9 = oxsatML/L: Oxygen Saturation, Weiss [ml/l]
# name 10 = oxsatMg/L: Oxygen Saturation, Weiss [mg/l]
# name 11 = sbeox0ML/L: Oxygen, SBE 43 [ml/l], WS = 2
# name 12 = sbeox0Mg/L: Oxygen, SBE 43 [mg/l], WS = 2
# name 13 = sbeox0Mm/Kg: Oxygen, SBE 43 [umol/kg], WS = 2
# name 14 = sigma-é00: Density [sigma-theta, kg/m^3]
# name 15 = sigma-t00: Density [sigma-t, kg/m^3 ]
# name 16 = depSM: Depth [salt water, m], lat = 10.5
# name 17 = potemp090C: Potential Temperature [ITS-90, deg C]
# name 18 = sal00: Salinity, Practical [PSU]
# name 19 = E: stability, E [rad^2/m]
# name 20 = E10^-8: stability, E [10^-8 rad^2/m]
# name 21 = N^2: buoyancy frequency, N^2 [rad^2/s^2]
# name 22 = N: buoyancy frequency, N [cycles/h]
# name 23 = flag: flag
# span 0 =      0.000,    909.000       
# span 1 =      0.001,    901.871       
# span 2 =    17.2612,    27.3593       
# span 3 =   4.694159,   5.786830       
# span 4 =     0.5242,     2.7141       
# span 5 =    -2.2894,    15.8341       
# span 6 =     0.0351,     0.2093       
# span 7 =     -1.456,      1.353       
# span 8 = 1.0000e-12, 1.0000e-12       
# span 9 =    4.50096,    5.39840       
# span 10 =    6.43232,    7.71486      
# span 11 =     0.0489,     3.7540      
# span 12 =     0.0699,     5.3649      
# span 13 =      2.130,    163.759      
# span 14 =    23.7909,    26.4585      
# span 15 =    23.7909,    26.4260      
# span 16 =      0.000,    901.872      
# span 17 =    17.1086,    27.3592      
# span 18 =    36.2633,    36.8906      
# span 19 = -1.346e-07, 7.0716e-05      
# span 20 =      -13.5,     7071.6      
# span 21 = -1.317e-06, 6.9175e-04      
# span 22 =      -0.66,      15.07      
# span 23 = 0.0000e+00, 0.0000e+00      
# interval = decibars: 1                
# start_time = Nov 07 2014 06:17:28 [System UpLoad Time]
# bad_flag = -9.990e-29
*END*
[from data line 846]
    846.000    839.492    17.2618   4.698591     0.5250     0.0369     0.0374      0.714 1.0000e-12    5.39833    7.71475     0.0542     0.0774      2.357    26.4575    26.4226    839.493    17.1173    36.2651 3.0135e-08        3.0 2.9478e-07       0.31 0.0000e+00
    847.000    840.483    17.2616   4.698633     0.5251     0.0347     0.0366      0.681 1.0000e-12    5.39834    7.71477     0.0549     0.0784      2.387    26.4577    26.4228    840.483    17.1169    36.2652 2.5848e-08        2.6 2.5285e-07       0.29 0.0000e+00
    848.000    841.473    17.2617   4.698661     0.5249     0.0397     0.0376      0.885 1.0000e-12    5.39834    7.71477     0.0543     0.0776      2.363    26.4576    26.4226    841.473    17.1168    36.2650 1.8622e-08        1.9 1.8216e-07       0.24 0.0000e+00
    849.000    842.463    17.2617   4.698699     0.5249     0.0363     0.0370      0.986 1.0000e-12    5.39834    7.71477     0.0541     0.0773      2.354    26.4576    26.4225    842.464    17.1166    36.2650 1.7953e-08        1.8 1.7562e-07       0.24 0.0000e+00
    850.000    843.454    17.2616   4.698740     0.5249     0.0257     0.0368      0.819 1.0000e-12    5.39835    7.71478     0.0556     0.0795      2.419    26.4577    26.4226    843.454    17.1164    36.2650 1.7058e-08        1.7 1.6686e-07       0.23 0.0000e+00
    851.000    844.444    17.2617   4.698796     0.5248     0.0363     0.0371      0.809 1.0000e-12    5.39834    7.71476     0.0538     0.0769      2.340    26.4577    26.4226    844.444    17.1163    36.2651 2.2268e-08        2.2 2.1783e-07       0.27 0.0000e+00
    852.000    845.434    17.2616   4.698799     0.5251     0.0421     0.0371      0.982 1.0000e-12    5.39835    7.71479     0.0559     0.0799      2.432    26.4576    26.4224    845.434    17.1160    36.2648 2.1826e-08        2.2 2.1350e-07       0.26 0.0000e+00
    853.000    846.424    17.2614   4.698826     0.5253     0.0347     0.0379      0.786 1.0000e-12    5.39838    7.71482     0.0559     0.0798      2.430    26.4577    26.4225    846.425    17.1156    36.2648 2.3870e-08        2.4 2.3350e-07       0.28 0.0000e+00
    854.000    847.415    17.2614   4.698867     0.5253     0.0354     0.0377      0.810 1.0000e-12    5.39838    7.71482     0.0549     0.0784      2.387    26.4578    26.4225    847.415    17.1155    36.2648 1.5515e-08        1.6 1.5176e-07       0.22 0.0000e+00
    855.000    848.405    17.2616   4.698931     0.5249     0.0302     0.0384      0.837 1.0000e-12    5.39836    7.71479     0.0538     0.0769      2.342    26.4578    26.4225    848.405    17.1155    36.2648 7.8349e-09        0.8 7.6642e-08       0.16 0.0000e+00
    856.000    849.396    17.2617   4.698987     0.5248     0.0379     0.0376      0.824 1.0000e-12    5.39835    7.71478     0.0548     0.0782      2.382    26.4578    26.4225    849.395    17.1154    36.2649 8.2953e-09        0.8 8.1145e-08       0.16 0.0000e+00
    857.000    850.386    17.2618   4.699049     0.5247     0.0280     0.0376      0.611 1.0000e-12    5.39833    7.71476     0.0536     0.0766      2.332    26.4579    26.4225    850.386    17.1153    36.2649 1.4409e-08        1.4 1.4095e-07       0.22 0.0000e+00
    858.000    851.376    17.2620   4.699093     0.5251     0.0372     0.0377      0.823 1.0000e-12    5.39832    7.71473     0.0568     0.0811      2.470    26.4577    26.4223    851.376    17.1154    36.2648 5.1450e-09        0.5 5.0328e-08       0.13 0.0000e+00
    859.000    852.366    17.2621   4.699138     0.5252     0.0246     0.0382      1.112 1.0000e-12    5.39831    7.71472     0.0551     0.0788      2.398    26.4577    26.4222    852.366    17.1153    36.2647 7.4061e-09        0.7 7.2447e-08       0.15 0.0000e+00
    860.000    853.356    17.2620   4.699158     0.5250     0.0298     0.0374      0.777 1.0000e-12    5.39833    7.71475     0.0542     0.0774      2.358    26.4577    26.4222    853.356    17.1150    36.2646 1.1022e-08        1.1 1.0782e-07       0.19 0.0000e+00
    861.000    854.346    17.2623   4.699258     0.5244     0.0383     0.0376      0.513 1.0000e-12    5.39829    7.71469     0.0530     0.0758      2.307    26.4578    26.4223    854.347    17.1151    36.2648 1.5771e-08        1.6 1.5427e-07       0.23 0.0000e+00
    862.000    855.337    17.2626   4.699339     0.5248     0.0308     0.0378      0.931 1.0000e-12    5.39826    7.71465     0.0548     0.0782      2.382    26.4578    26.4223    855.337    17.1153    36.2649 1.8488e-08        1.8 1.8085e-07       0.24 0.0000e+00
    863.000    856.327    17.2624   4.699334     0.5248     0.0225     0.0384      1.181 1.0000e-12    5.39828    7.71469     0.0551     0.0787      2.397    26.4578    26.4221    856.327    17.1149    36.2646 2.7082e-08        2.7 2.6492e-07       0.29 0.0000e+00
    864.000    857.317    17.2622   4.699365     0.5250     0.0236     0.0386      0.786 1.0000e-12    5.39830    7.71471     0.0551     0.0787      2.397    26.4579    26.4222    857.317    17.1145    36.2647 2.3922e-08        2.4 2.3400e-07       0.28 0.0000e+00
    865.000    858.307    17.2620   4.699370     0.5250     0.0307     0.0388      0.695 1.0000e-12    5.39833    7.71475     0.0553     0.0790      2.406    26.4579    26.4222    858.307    17.1141    36.2646 1.6466e-08        1.6 1.6107e-07       0.23 0.0000e+00
    866.000    859.298    17.2622   4.699446     0.5249     0.0272     0.0375      0.598 1.0000e-12    5.39830    7.71471     0.0531     0.0759      2.312    26.4580    26.4222    859.298    17.1142    36.2647 1.2625e-08        1.3 1.2350e-07       0.20 0.0000e+00
    867.000    860.288    17.2625   4.699515     0.5248     0.0309     0.0381      0.916 1.0000e-12    5.39827    7.71467     0.0547     0.0782      2.381    26.4579    26.4221    860.288    17.1143    36.2646 1.3532e-08        1.4 1.3237e-07       0.21 0.0000e+00
    868.000    861.278    17.2625   4.699566     0.5246     0.0270     0.0387      1.193 1.0000e-12    5.39826    7.71466     0.0543     0.0776      2.362    26.4580    26.4221    861.278    17.1141    36.2647 1.3763e-08        1.4 1.3463e-07       0.21 0.0000e+00
    869.000    862.268    17.2626   4.699600     0.5252     0.0330     0.0382      1.082 1.0000e-12    5.39826    7.71465     0.0560     0.0801      2.437    26.4579    26.4220    862.268    17.1140    36.2645 1.8063e-08        1.8 1.7670e-07       0.24 0.0000e+00
    870.000    863.258    17.2625   4.699612     0.5249     0.0322     0.0383      0.907 1.0000e-12    5.39828    7.71468     0.0544     0.0777      2.365    26.4578    26.4219    863.258    17.1138    36.2644 1.7617e-08        1.8 1.7233e-07       0.24 0.0000e+00
    871.000    864.249    17.2619   4.699588     0.5250     0.0314     0.0375      0.729 1.0000e-12    5.39834    7.71477     0.0550     0.0787      2.395    26.4580    26.4220    864.249    17.1130    36.2643 2.6892e-08        2.7 2.6306e-07       0.29 0.0000e+00
    872.000    865.239    17.2617   4.699599     0.5248     0.0411     0.0381      0.567 1.0000e-12    5.39837    7.71481     0.0543     0.0776      2.361    26.4580    26.4220    865.239    17.1126    36.2642 3.3228e-08        3.3 3.2504e-07       0.33 0.0000e+00
    873.000    866.229    17.2617   4.699633     0.5252     0.0367     0.0378      0.560 1.0000e-12    5.39837    7.71481     0.0565     0.0807      2.458    26.4580    26.4219    866.229    17.1124    36.2641 2.8486e-08        2.8 2.7865e-07       0.30 0.0000e+00
    874.000    867.219    17.2617   4.699701     0.5253     0.0444     0.0380      0.768 1.0000e-12    5.39837    7.71480     0.0556     0.0795      2.419    26.4582    26.4221    867.219    17.1123    36.2644 3.1428e-08        3.1 3.0743e-07       0.32 0.0000e+00
    875.000    868.209    17.2618   4.699720     0.5251     0.0387     0.0384      1.143 1.0000e-12    5.39836    7.71480     0.0551     0.0787      2.397    26.4580    26.4218    868.209    17.1122    36.2641 2.8943e-08        2.9 2.8312e-07       0.30 0.0000e+00
    876.000    869.199    17.2617   4.699777     0.5250     0.0280     0.0379      1.175 1.0000e-12    5.39837    7.71481     0.0545     0.0780      2.374    26.4582    26.4220    869.200    17.1119    36.2643 1.8091e-08        1.8 1.7696e-07       0.24 0.0000e+00
    877.000    870.189    17.2619   4.699829     0.5250     0.0371     0.0373      0.798 1.0000e-12    5.39835    7.71478     0.0546     0.0780      2.373    26.4581    26.4219    870.190    17.1119    36.2642 6.5632e-09        0.7 6.4202e-08       0.15 0.0000e+00
    878.000    871.180    17.2621   4.699887     0.5245     0.0354     0.0384      0.890 1.0000e-12    5.39833    7.71475     0.0530     0.0758      2.307    26.4581    26.4218    871.180    17.1120    36.2641 -4.512e-09       -0.5 -4.413e-08      -0.12 0.0000e+00
    879.000    872.170    17.2620   4.699912     0.5249     0.0356     0.0383      0.845 1.0000e-12    5.39835    7.71477     0.0557     0.0795      2.422    26.4581    26.4218    872.170    17.1117    36.2641 -1.536e-08       -1.5 -1.503e-07      -0.22 0.0000e+00
    880.000    873.161    17.2622   4.699994     0.5250     0.0289     0.0376      0.548 1.0000e-12    5.39831    7.71473     0.0545     0.0778      2.370    26.4582    26.4218    873.160    17.1117    36.2642 -2.475e-09       -0.2 -2.421e-08      -0.09 0.0000e+00
    881.000    874.150    17.2625   4.700059     0.5247     0.0377     0.0384      0.779 1.0000e-12    5.39828    7.71469     0.0535     0.0764      2.328    26.4581    26.4217    874.150    17.1118    36.2641 -1.343e-09       -0.1 -1.314e-08      -0.07 0.0000e+00
    882.000    875.140    17.2625   4.700079     0.5248     0.0434     0.0382      0.957 1.0000e-12    5.39829    7.71470     0.0550     0.0786      2.394    26.4580    26.4216    875.140    17.1117    36.2639 -2.017e-09       -0.2 -1.973e-08      -0.08 0.0000e+00
    883.000    876.130    17.2627   4.700138     0.5249     0.0313     0.0374      0.595 1.0000e-12    5.39827    7.71467     0.0545     0.0779      2.372    26.4580    26.4215    876.131    17.1117    36.2639 1.4040e-08        1.4 1.3734e-07       0.21 0.0000e+00
    884.000    877.121    17.2630   4.700219     0.5248     0.0401     0.0380      0.878 1.0000e-12    5.39824    7.71462     0.0557     0.0796      2.422    26.4580    26.4215    877.121    17.1118    36.2640 7.2657e-09        0.7 7.1073e-08       0.15 0.0000e+00
    885.000    878.111    17.2629   4.700276     0.5250     0.0274     0.0380      1.100 1.0000e-12    5.39824    7.71463     0.0545     0.0779      2.371    26.4582    26.4216    878.111    17.1115    36.2642 1.4281e-08        1.4 1.3970e-07       0.21 0.0000e+00
    886.000    879.100    17.2631   4.700337     0.5248     0.0334     0.0381      0.951 1.0000e-12    5.39822    7.71460     0.0544     0.0778      2.369    26.4582    26.4216    879.101    17.1116    36.2642 2.4690e-08        2.5 2.4152e-07       0.28 0.0000e+00
    887.000    880.091    17.2631   4.700337     0.5249     0.0259     0.0376      0.729 1.0000e-12    5.39824    7.71462     0.0545     0.0778      2.370    26.4579    26.4213    880.091    17.1114    36.2638 2.2664e-08        2.3 2.2170e-07       0.27 0.0000e+00
    888.000    881.081    17.2628   4.700393     0.5248     0.0359     0.0387      0.723 1.0000e-12    5.39825    7.71464     0.0552     0.0788      2.400    26.4584    26.4217    881.081    17.1109    36.2642 2.3126e-08        2.3 2.2621e-07       0.27 0.0000e+00
    889.000    882.071    17.2629   4.700391     0.5251     0.0339     0.0386      0.510 1.0000e-12    5.39826    7.71466     0.0548     0.0783      2.385    26.4580    26.4213    882.071    17.1108    36.2637 2.0872e-08        2.1 2.0417e-07       0.26 0.0000e+00
    890.000    883.061    17.2631   4.700485     0.5247     0.0325     0.0383      0.818 1.0000e-12    5.39823    7.71461     0.0534     0.0764      2.325    26.4582    26.4214    883.061    17.1109    36.2640 1.4997e-08        1.5 1.4670e-07       0.22 0.0000e+00
    891.000    884.051    17.2629   4.700500     0.5248     0.0306     0.0381      1.066 1.0000e-12    5.39825    7.71464     0.0557     0.0796      2.424    26.4582    26.4214    884.051    17.1105    36.2639 2.0426e-08        2.0 1.9980e-07       0.26 0.0000e+00
    892.000    885.041    17.2630   4.700529     0.5251     0.0288     0.0380      0.757 1.0000e-12    5.39825    7.71463     0.0547     0.0782      2.380    26.4581    26.4212    885.041    17.1104    36.2637 1.9748e-08        2.0 1.9318e-07       0.25 0.0000e+00
    893.000    886.032    17.2630   4.700598     0.5248     0.0346     0.0384      0.746 1.0000e-12    5.39824    7.71463     0.0542     0.0775      2.359    26.4583    26.4214    886.032    17.1102    36.2639 7.0916e-09        0.7 6.9370e-08       0.15 0.0000e+00
    894.000    887.021    17.2631   4.700651     0.5248     0.0457     0.0390      0.944 1.0000e-12    5.39823    7.71461     0.0547     0.0782      2.381    26.4583    26.4214    887.022    17.1102    36.2639 2.0882e-08        2.1 2.0427e-07       0.26 0.0000e+00
    895.000    888.011    17.2632   4.700694     0.5250     0.0399     0.0379      0.889 1.0000e-12    5.39822    7.71460     0.0554     0.0792      2.412    26.4583    26.4213    888.012    17.1101    36.2638 1.3653e-08        1.4 1.3356e-07       0.21 0.0000e+00
    896.000    889.002    17.2632   4.700739     0.5247     0.0341     0.0376      0.964 1.0000e-12    5.39822    7.71460     0.0542     0.0774      2.358    26.4583    26.4213    889.002    17.1099    36.2638 1.0264e-08        1.0 1.0040e-07       0.18 0.0000e+00
    897.000    889.992    17.2632   4.700759     0.5248     0.0259     0.0372      0.563 1.0000e-12    5.39823    7.71461     0.0548     0.0783      2.385    26.4582    26.4212    889.992    17.1098    36.2636 1.8631e-08        1.9 1.8225e-07       0.24 0.0000e+00
    898.000    890.982    17.2632   4.700795     0.5248     0.0377     0.0373      0.446 1.0000e-12    5.39824    7.71462     0.0546     0.0781      2.377    26.4582    26.4211    890.982    17.1096    36.2636 5.9728e-09        0.6 5.8426e-08       0.14 0.0000e+00
    899.000    891.972    17.2634   4.700878     0.5248     0.0344     0.0387      0.888 1.0000e-12    5.39820    7.71457     0.0541     0.0773      2.353    26.4584    26.4212    891.972    17.1096    36.2638 3.4863e-09        0.3 3.4103e-08       0.11 0.0000e+00
    900.000    892.962    17.2634   4.700909     0.5246     0.0320     0.0385      0.959 1.0000e-12    5.39821    7.71458     0.0541     0.0773      2.352    26.4583    26.4211    892.962    17.1094    36.2637 6.6487e-09        0.7 6.5038e-08       0.15 0.0000e+00
    901.000    893.952    17.2634   4.700937     0.5249     0.0422     0.0376      0.547 1.0000e-12    5.39821    7.71459     0.0559     0.0798      2.430    26.4583    26.4210    893.952    17.1093    36.2635 2.8014e-09        0.3 2.7404e-08       0.09 0.0000e+00
    902.000    894.942    17.2635   4.701023     0.5247     0.0272     0.0388      0.692 1.0000e-12    5.39819    7.71456     0.0537     0.0767      2.336    26.4585    26.4212    894.942    17.1092    36.2638 6.6423e-09        0.7 6.4975e-08       0.15 0.0000e+00
    903.000    895.932    17.2638   4.701057     0.5250     0.0359     0.0382      0.642 1.0000e-12    5.39817    7.71453     0.0561     0.0801      2.438    26.4582    26.4209    895.932    17.1093    36.2635 4.8352e-09        0.5 4.7298e-08       0.12 0.0000e+00
    904.000    896.923    17.2639   4.701115     0.5248     0.0356     0.0386      0.870 1.0000e-12    5.39816    7.71451     0.0542     0.0775      2.360    26.4583    26.4209    896.922    17.1092    36.2635 6.6518e-09        0.7 6.5068e-08       0.15 0.0000e+00
