CTD_data/C216_3_3.cnv
* Sea-Bird SBE 25 Data File:
* FileName = C:\CTD_Data\C216_3\C216_3_3.hex
* Software Version Seasave V 7.19
* Temperature SN = 4430
* Conductivity SN = 3138
* System UpLoad Time = Nov 11 2014 00:18:23
** Ship: hermano gines
** Station: cariaco
** Operator: luis medina
** Latitude: 10 30.64 N
** Longitude: 64 39.44 W
# nquan = 24                                
# nvalues = 2626                        
# units = specified
# name 0 = prSM: Pressure, Strain Gauge [db]
# name 1 = depSM: Depth [salt water, m], lat = 10.50
# name 2 = t090C: Temperature [ITS-90, deg C]
# name 3 = c0S/m: Conductivity [S/m]
# name 4 = sbeox0V: Oxygen raw, SBE 43 [V]
# name 5 = flECO-AFL: Fluorescence, WET Labs ECO-AFL/FL [mg/m^3]
# name 6 = bat: Beam Attenuation, Chelsea/Seatech [1/m]
# name 7 = dz/dtM: Descent Rate [m/s]
# name 8 = par: PAR/Irradiance, Biospherical/Licor
# name 9 = oxsatML/L: Oxygen Saturation, Weiss [ml/l]
# name 10 = oxsatMg/L: Oxygen Saturation, Weiss [mg/l]
# name 11 = sbeox0ML/L: Oxygen, SBE 43 [ml/l], WS = 2
# name 12 = sbeox0Mg/L: Oxygen, SBE 43 [mg/l], WS = 2
# name 13 = sbeox0Mm/Kg: Oxygen, SBE 43 [umol/kg], WS = 2
# name 14 = sigma-é00: Density [sigma-theta, kg/m^3]
# name 15 = sigma-t00: Density [sigma-t, kg/m^3 ]
# name 16 = depSM: Depth [salt water, m], lat = 10.5
# name 17 = potemp090C: Potential Temperature [ITS-90, deg C]
# name 18 = sal00: Salinity, Practical [PSU]
# name 19 = E: stability, E [rad^2/m]
# name 20 = E10^-8: stability, E [10^-8 rad^2/m]
# name 21 = N^2: buoyancy frequency, N^2 [rad^2/s^2]
# name 22 = N: buoyancy frequency, N [cycles/h]
# name 23 = flag: flag
# span 0 =      0.000,   1313.000       
# span 1 =     -0.000,   1301.454       
# span 2 =    17.2558,    27.4020       
# span 3 =   4.691990,   5.792875       
# span 4 =     0.5242,     2.6806       
# span 5 =    -0.1568,     0.5691       
# span 6 =     0.0270,     0.1861       
# span 7 =     -1.504,      1.393       
# span 8 = 1.0000e-12, 1.0000e-12       
# span 9 =    4.49775,    5.39896       
# span 10 =    6.42773,    7.71565      
# span 11 =     0.0497,     3.7059      
# span 12 =     0.0710,     5.2961      
# span 13 =      2.161,    161.558      
# span 14 =    23.8232,    26.4615      
# span 15 =    23.8231,    26.4277      
# span 16 =      0.000,   1301.452      
# span 17 =    17.0718,    27.4004      
# span 18 =    36.2555,    36.9411      
# span 19 = -6.865e-07, 7.6025e-05      
# span 20 =      -68.6,     7602.5      
# span 21 = -6.715e-06, 7.4368e-04      
# span 22 =      -1.48,      15.62      
# span 23 = 0.0000e+00, 0.0000e+00      
# interval = decibars: 1                
# start_time = Nov 11 2014 00:18:23 [System UpLoad Time]
# bad_flag = -9.990e-29
*END*
[from data line 423]
    424.000    421.165    17.5063   4.712211     0.5252     0.0117     0.1457      0.693 1.0000e-12    5.37108    7.67580     0.0520     0.0743      2.261    26.4261    26.4084    421.165    17.4339    36.3241 2.6973e-07       27.0 2.6385e-06       0.93 0.0000e+00
    425.000    422.157    17.5018   4.711704     0.5251     0.0128     0.1473      0.872 1.0000e-12    5.37156    7.67650     0.0517     0.0739      2.250    26.4266    26.4089    422.157    17.4292    36.3233 2.8416e-07       28.4 2.7797e-06       0.96 0.0000e+00
    426.000    423.150    17.4984   4.711333     0.5251     0.0148     0.1464      0.857 1.0000e-12    5.37193    7.67703     0.0518     0.0740      2.252    26.4271    26.4093    423.150    17.4256    36.3228 3.0803e-07       30.8 3.0132e-06       0.99 0.0000e+00
    427.000    424.142    17.4973   4.711238     0.5250     0.0058     0.1456      0.523 1.0000e-12    5.37205    7.67720     0.0523     0.0747      2.273    26.4272    26.4094    424.142    17.4244    36.3226 3.0874e-07       30.9 3.0201e-06       1.00 0.0000e+00
    428.000    425.134    17.4965   4.711175     0.5253     0.0164     0.1455      0.734 1.0000e-12    5.37214    7.67733     0.0520     0.0743      2.262    26.4273    26.4095    425.134    17.4234    36.3224 2.9027e-07       29.0 2.8395e-06       0.97 0.0000e+00
    429.000    426.127    17.4924   4.710731     0.5251     0.0249     0.1463      1.183 1.0000e-12    5.37258    7.67795     0.0517     0.0739      2.248    26.4279    26.4100    426.126    17.4191    36.3218 2.6423e-07       26.4 2.5847e-06       0.92 0.0000e+00
    430.000    427.119    17.4919   4.710703     0.5252     0.0233     0.1459      0.353 1.0000e-12    5.37264    7.67804     0.0524     0.0748      2.278    26.4279    26.4100    427.119    17.4185    36.3216 2.4675e-07       24.7 2.4137e-06       0.89 0.0000e+00
    431.000    428.111    17.4885   4.710326     0.5250     0.0224     0.1463      0.742 1.0000e-12    5.37301    7.67856     0.0514     0.0735      2.237    26.4283    26.4104    428.111    17.4149    36.3210 2.3607e-07       23.6 2.3093e-06       0.87 0.0000e+00
    432.000    429.103    17.4873   4.710219     0.5249     0.0184     0.1456      0.844 1.0000e-12    5.37314    7.67875     0.0520     0.0743      2.262    26.4285    26.4105    429.103    17.4135    36.3208 2.1538e-07       21.5 2.1069e-06       0.83 0.0000e+00
    433.000    430.096    17.4864   4.710143     0.5255     0.0183     0.1463      0.676 1.0000e-12    5.37325    7.67890     0.0533     0.0762      2.319    26.4286    26.4105    430.095    17.4125    36.3205 2.0009e-07       20.0 1.9573e-06       0.80 0.0000e+00
    434.000    431.088    17.4849   4.709997     0.5251     0.0139     0.1458      0.811 1.0000e-12    5.37341    7.67914     0.0511     0.0731      2.225    26.4287    26.4107    431.088    17.4108    36.3202 1.7754e-07       17.8 1.7367e-06       0.76 0.0000e+00
    435.000    432.080    17.4831   4.709852     0.5249     0.0106     0.1457      0.493 1.0000e-12    5.37359    7.67940     0.0516     0.0737      2.245    26.4292    26.4111    432.080    17.4088    36.3202 1.7025e-07       17.0 1.6653e-06       0.74 0.0000e+00
    436.000    433.072    17.4827   4.709850     0.5251     0.0223     0.1459      0.928 1.0000e-12    5.37363    7.67946     0.0524     0.0748      2.278    26.4293    26.4111    433.072    17.4083    36.3202 1.6779e-07       16.8 1.6413e-06       0.73 0.0000e+00
    437.000    434.064    17.4827   4.709857     0.5251     0.0128     0.1459      0.177 1.0000e-12    5.37364    7.67947     0.0515     0.0736      2.242    26.4291    26.4109    434.064    17.4081    36.3198 1.8180e-07       18.2 1.7783e-06       0.76 0.0000e+00
    438.000    435.057    17.4818   4.709819     0.5249     0.0190     0.1458      0.815 1.0000e-12    5.37373    7.67960     0.0513     0.0734      2.234    26.4294    26.4112    435.057    17.4070    36.3199 1.9594e-07       19.6 1.9167e-06       0.79 0.0000e+00
    439.000    436.049    17.4797   4.709591     0.5250     0.0228     0.1462      1.142 1.0000e-12    5.37397    7.67994     0.0521     0.0745      2.267    26.4296    26.4113    436.049    17.4047    36.3194 2.0992e-07       21.0 2.0535e-06       0.82 0.0000e+00
    440.000    437.041    17.4783   4.709445     0.5251     0.0146     0.1456      0.259 1.0000e-12    5.37413    7.68016     0.0518     0.0740      2.253    26.4297    26.4114    437.041    17.4032    36.3190 2.2196e-07       22.2 2.1712e-06       0.84 0.0000e+00
    441.000    438.033    17.4754   4.709136     0.5251     0.0124     0.1458      0.742 1.0000e-12    5.37445    7.68062     0.0520     0.0743      2.261    26.4301    26.4117    438.033    17.4001    36.3186 2.3313e-07       23.3 2.2805e-06       0.87 0.0000e+00
    442.000    439.026    17.4725   4.708810     0.5249     0.0176     0.1454      1.129 1.0000e-12    5.37476    7.68107     0.0515     0.0736      2.242    26.4304    26.4120    439.026    17.3970    36.3180 2.7212e-07       27.2 2.6619e-06       0.93 0.0000e+00
    443.000    440.017    17.4703   4.708575     0.5251     0.0117     0.1464      0.420 1.0000e-12    5.37500    7.68141     0.0525     0.0751      2.286    26.4306    26.4121    440.018    17.3947    36.3175 2.8433e-07       28.4 2.7814e-06       0.96 0.0000e+00
    444.000    441.010    17.4683   4.708383     0.5251     0.0166     0.1458      0.527 1.0000e-12    5.37522    7.68172     0.0515     0.0736      2.240    26.4309    26.4124    441.010    17.3925    36.3173 2.9211e-07       29.2 2.8574e-06       0.97 0.0000e+00
    445.000    442.002    17.4669   4.708262     0.5249     0.0188     0.1467      1.162 1.0000e-12    5.37537    7.68193     0.0517     0.0739      2.248    26.4312    26.4126    442.002    17.3909    36.3171 2.8672e-07       28.7 2.8047e-06       0.96 0.0000e+00
    446.000    442.995    17.4656   4.708107     0.5252     0.0249     0.1458      0.732 1.0000e-12    5.37552    7.68216     0.0525     0.0750      2.283    26.4311    26.4125    442.994    17.3895    36.3165 2.6811e-07       26.8 2.6227e-06       0.93 0.0000e+00
    447.000    443.987    17.4602   4.707508     0.5251     0.0110     0.1469      0.495 1.0000e-12    5.37610    7.68298     0.0520     0.0744      2.264    26.4319    26.4133    443.987    17.3839    36.3158 2.3958e-07       24.0 2.3436e-06       0.88 0.0000e+00
    448.000    444.979    17.4578   4.707254     0.5251     0.0053     0.1459      1.109 1.0000e-12    5.37637    7.68336     0.0526     0.0752      2.289    26.4322    26.4135    444.979    17.3814    36.3153 2.2910e-07       22.9 2.2410e-06       0.86 0.0000e+00
    449.000    445.971    17.4565   4.707123     0.5252     0.0266     0.1452      0.181 1.0000e-12    5.37651    7.68357     0.0523     0.0748      2.276    26.4322    26.4136    445.971    17.3799    36.3150 2.0701e-07       20.7 2.0249e-06       0.82 0.0000e+00
    450.000    446.963    17.4560   4.707101     0.5252     0.0268     0.1455      0.731 1.0000e-12    5.37657    7.68365     0.0517     0.0738      2.247    26.4323    26.4136    446.963    17.3792    36.3149 1.8809e-07       18.8 1.8399e-06       0.78 0.0000e+00
    451.000    447.955    17.4548   4.707003     0.5251     0.0185     0.1465      1.147 1.0000e-12    5.37670    7.68383     0.0522     0.0746      2.272    26.4325    26.4138    447.955    17.3779    36.3147 1.6232e-07       16.2 1.5879e-06       0.72 0.0000e+00
    452.000    448.947    17.4538   4.706879     0.5251     0.0134     0.1464      0.652 1.0000e-12    5.37682    7.68401     0.0522     0.0745      2.269    26.4324    26.4136    448.947    17.3767    36.3141 1.1868e-07       11.9 1.1610e-06       0.62 0.0000e+00
    453.000    449.940    17.4525   4.706813     0.5250     0.0226     0.1449      0.768 1.0000e-12    5.37695    7.68419     0.0515     0.0736      2.240    26.4329    26.4141    449.940    17.3752    36.3143 1.1869e-07       11.9 1.1610e-06       0.62 0.0000e+00
    454.000    450.932    17.4520   4.706780     0.5249     0.0228     0.1447      0.536 1.0000e-12    5.37700    7.68428     0.0523     0.0748      2.277    26.4329    26.4140    450.932    17.3745    36.3141 1.1695e-07       11.7 1.1440e-06       0.61 0.0000e+00
    455.000    451.924    17.4518   4.706800     0.5253     0.0253     0.1458      0.721 1.0000e-12    5.37703    7.68431     0.0526     0.0751      2.286    26.4329    26.4140    451.924    17.3742    36.3141 1.2423e-07       12.4 1.2152e-06       0.63 0.0000e+00
    456.000    452.916    17.4511   4.706736     0.5250     0.0178     0.1456      1.019 1.0000e-12    5.37710    7.68442     0.0516     0.0737      2.246    26.4329    26.4140    452.916    17.3733    36.3138 1.2696e-07       12.7 1.2419e-06       0.64 0.0000e+00
    457.000    453.908    17.4497   4.706594     0.5251     0.0123     0.1447      0.608 1.0000e-12    5.37726    7.68465     0.0524     0.0749      2.281    26.4330    26.4140    453.908    17.3717    36.3134 1.6119e-07       16.1 1.5768e-06       0.72 0.0000e+00
    458.000    454.900    17.4481   4.706456     0.5250     0.0244     0.1444      0.742 1.0000e-12    5.37743    7.68489     0.0516     0.0737      2.245    26.4333    26.4143    454.900    17.3700    36.3133 1.6592e-07       16.6 1.6231e-06       0.73 0.0000e+00
    459.000    455.892    17.4478   4.706451     0.5250     0.0171     0.1448      0.814 1.0000e-12    5.37747    7.68494     0.0521     0.0744      2.266    26.4333    26.4143    455.893    17.3695    36.3131 1.8486e-07       18.5 1.8083e-06       0.77 0.0000e+00
    460.000    456.884    17.4471   4.706436     0.5253     0.0282     0.1443      0.365 1.0000e-12    5.37754    7.68504     0.0528     0.0754      2.295    26.4336    26.4145    456.885    17.3686    36.3132 1.9799e-07       19.8 1.9367e-06       0.80 0.0000e+00
    461.000    457.877    17.4436   4.705989     0.5250     0.0214     0.1449      0.908 1.0000e-12    5.37793    7.68561     0.0515     0.0736      2.241    26.4337    26.4145    457.877    17.3650    36.3121 2.0547e-07       20.5 2.0099e-06       0.81 0.0000e+00
    462.000    458.869    17.4404   4.705687     0.5251     0.0209     0.1460      1.094 1.0000e-12    5.37827    7.68608     0.0524     0.0748      2.278    26.4344    26.4152    458.869    17.3616    36.3120 2.0577e-07       20.6 2.0129e-06       0.81 0.0000e+00
    463.000    459.861    17.4396   4.705605     0.5251     0.0224     0.1450      0.559 1.0000e-12    5.37837    7.68623     0.0520     0.0744      2.265    26.4343    26.4151    459.861    17.3606    36.3116 2.0274e-07       20.3 1.9832e-06       0.81 0.0000e+00
    464.000    460.853    17.4390   4.705579     0.5250     0.0233     0.1448      0.464 1.0000e-12    5.37843    7.68632     0.0521     0.0745      2.269    26.4344    26.4152    460.853    17.3599    36.3115 2.1212e-07       21.2 2.0750e-06       0.83 0.0000e+00
    465.000    461.845    17.4384   4.705555     0.5251     0.0163     0.1451      0.918 1.0000e-12    5.37849    7.68641     0.0528     0.0754      2.296    26.4346    26.4153    461.845    17.3591    36.3115 2.1201e-07       21.2 2.0739e-06       0.83 0.0000e+00
    466.000    462.838    17.4371   4.705441     0.5252     0.0260     0.1455      1.070 1.0000e-12    5.37863    7.68661     0.0526     0.0751      2.286    26.4348    26.4154    462.837    17.3576    36.3112 2.0710e-07       20.7 2.0259e-06       0.82 0.0000e+00
    467.000    463.830    17.4354   4.705265     0.5251     0.0260     0.1448      0.733 1.0000e-12    5.37883    7.68688     0.0520     0.0744      2.264    26.4349    26.4156    463.829    17.3558    36.3109 2.0013e-07       20.0 1.9577e-06       0.80 0.0000e+00
    468.000    464.822    17.4321   4.704876     0.5250     0.0197     0.1452      0.740 1.0000e-12    5.37919    7.68740     0.0518     0.0741      2.256    26.4352    26.4157    464.822    17.3523    36.3101 2.1910e-07       21.9 2.1432e-06       0.84 0.0000e+00
    469.000    465.814    17.4292   4.704557     0.5250     0.0202     0.1449      0.683 1.0000e-12    5.37951    7.68787     0.0520     0.0744      2.264    26.4355    26.4160    465.814    17.3492    36.3095 2.1699e-07       21.7 2.1226e-06       0.83 0.0000e+00
    470.000    466.806    17.4270   4.704325     0.5250     0.0122     0.1446      0.712 1.0000e-12    5.37975    7.68820     0.0518     0.0741      2.255    26.4357    26.4162    466.806    17.3469    36.3091 2.0828e-07       20.8 2.0374e-06       0.82 0.0000e+00
    471.000    467.797    17.4257   4.704189     0.5249     0.0274     0.1450      0.757 1.0000e-12    5.37990    7.68841     0.0522     0.0746      2.271    26.4358    26.4162    467.798    17.3454    36.3087 1.9920e-07       19.9 1.9486e-06       0.80 0.0000e+00
    472.000    468.790    17.4233   4.703939     0.5251     0.0196     0.1449      0.890 1.0000e-12    5.38016    7.68879     0.0522     0.0746      2.271    26.4361    26.4165    468.790    17.3428    36.3083 1.8342e-07       18.3 1.7942e-06       0.77 0.0000e+00
    473.000    469.782    17.4224   4.703880     0.5250     0.0176     0.1459      0.760 1.0000e-12    5.38026    7.68893     0.0521     0.0744      2.266    26.4363    26.4167    469.782    17.3418    36.3082 1.5176e-07       15.2 1.4846e-06       0.70 0.0000e+00
    474.000    470.774    17.4219   4.703846     0.5250     0.0203     0.1446      0.712 1.0000e-12    5.38031    7.68901     0.0521     0.0744      2.266    26.4363    26.4166    470.774    17.3411    36.3080 1.2930e-07       12.9 1.2648e-06       0.64 0.0000e+00
    475.000    471.766    17.4212   4.703810     0.5250     0.0203     0.1449      0.776 1.0000e-12    5.38039    7.68912     0.0521     0.0744      2.267    26.4364    26.4167    471.766    17.3402    36.3079 1.4311e-07       14.3 1.3999e-06       0.68 0.0000e+00
    476.000    472.758    17.4209   4.703840     0.5250     0.0209     0.1446      0.655 1.0000e-12    5.38042    7.68915     0.0523     0.0747      2.274    26.4367    26.4169    472.758    17.3397    36.3080 1.5822e-07       15.8 1.5477e-06       0.71 0.0000e+00
    477.000    473.750    17.4206   4.703851     0.5253     0.0313     0.1465      0.845 1.0000e-12    5.38045    7.68920     0.0531     0.0759      2.310    26.4368    26.4170    473.750    17.3393    36.3080 1.6415e-07       16.4 1.6057e-06       0.73 0.0000e+00
    478.000    474.742    17.4204   4.703830     0.5250     0.0228     0.1443      0.886 1.0000e-12    5.38049    7.68925     0.0516     0.0737      2.244    26.4366    26.4167    474.742    17.3389    36.3076 1.6950e-07       17.0 1.6581e-06       0.74 0.0000e+00
    479.000    475.734    17.4187   4.703664     0.5250     0.0271     0.1452      0.748 1.0000e-12    5.38067    7.68951     0.0521     0.0745      2.268    26.4368    26.4169    475.734    17.3370    36.3073 1.8991e-07       19.0 1.8577e-06       0.78 0.0000e+00
    480.000    476.726    17.4130   4.703012     0.5251     0.0262     0.1449      0.652 1.0000e-12    5.38129    7.69040     0.0527     0.0753      2.293    26.4375    26.4176    476.726    17.3312    36.3064 1.8780e-07       18.8 1.8371e-06       0.78 0.0000e+00
    481.000    477.719    17.4121   4.702940     0.5251     0.0208     0.1443      0.783 1.0000e-12    5.38139    7.69054     0.0524     0.0749      2.279    26.4376    26.4176    477.718    17.3301    36.3062 1.8246e-07       18.2 1.7848e-06       0.77 0.0000e+00
    482.000    478.711    17.4112   4.702869     0.5250     0.0211     0.1446      0.836 1.0000e-12    5.38149    7.69069     0.0520     0.0743      2.262    26.4377    26.4177    478.710    17.3290    36.3060 1.8915e-07       18.9 1.8503e-06       0.78 0.0000e+00
    483.000    479.702    17.4105   4.702807     0.5250     0.0151     0.1458      0.342 1.0000e-12    5.38157    7.69080     0.0523     0.0747      2.276    26.4377    26.4177    479.702    17.3282    36.3057 1.9404e-07       19.4 1.8981e-06       0.79 0.0000e+00
