CTD_data/C216_2_4.cnv
* Sea-Bird SBE 25 Data File:
* FileName = C:\CTD_Data\C216\C216_2_4.hex
* Software Version Seasave V 7.19
* Temperature SN = 4430
* Conductivity SN = 3138
* System UpLoad Time = Nov 07 2014 06:17:28
** Ship: hermano gines
** Station: Car 216
** Operator: Luis medina
** Latitude: 10 29.98
** Longitude: 64 39.76
# nquan = 24                                
# nvalues = 1819                        
# units = specified
# name 0 = prSM: Pressure, Strain Gauge [db]
# name 1 = depSM: Depth [salt water, m], lat = 10.50
# name 2 = t090C: Temperature [ITS-90, deg C]
# name 3 = c0S/m: Conductivity [S/m]
# name 4 = sbeox0V: Oxygen raw, SBE 43 [V]
# name 5 = flECO-AFL: Fluorescence, WET Labs ECO-AFL/FL [mg/m^3]
# name 6 = bat: Beam Attenuation, Chelsea/Seatech [1/m]
# name 7 = dz/dtM: Descent Rate [m/s]
# name 8 = par: PAR/Irradiance, Biospherical/Licor
# name 9 = oxsatML/L: Oxygen Saturation, Weiss [ml/l]
# name 10 = oxsatMg/L: Oxygen Saturation, Weiss [mg/l]
# name 11 = sbeox0ML/L: Oxygen, SBE 43 [ml/l], WS = 2
# name 12 = sbeox0Mg/L: Oxygen, SBE 43 [mg/l], WS = 2
# name 13 = sbeox0Mm/Kg: Oxygen, SBE 43 [umol/kg], WS = 2
# name 14 = sigma-é00: Density [sigma-theta, kg/m^3]
# name 15 = sigma-t00: Density [sigma-t, kg/m^3 ]
# name 16 = depSM: Depth [salt water, m], lat = 10.5
# name 17 = potemp090C: Potential Temperature [ITS-90, deg C]
# name 18 = sal00: Salinity, Practical [PSU]
# name 19 = E: stability, E [rad^2/m]
# name 20 = E10^-8: stability, E [10^-8 rad^2/m]
# name 21 = N^2: buoyancy frequency, N^2 [rad^2/s^2]
# name 22 = N: buoyancy frequency, N [cycles/h]
# name 23 = flag: flag
# span 0 =      0.000,    909.000       
# span 1 =      0.001,    901.871       
# span 2 =    17.2612,    27.3593       
# span 3 =   4.694159,   5.786830       
# span 4 =     0.5242,     2.7141       
# span 5 =    -2.2894,    15.8341       
# span 6 =     0.0351,     0.2093       
# span 7 =     -1.456,      1.353       
# span 8 = 1.0000e-12, 1.0000e-12       
# span 9 =    4.50096,    5.39840       
# span 10 =    6.43232,    7.71486      
# span 11 =     0.0489,     3.7540      
# span 12 =     0.0699,     5.3649      
# span 13 =      2.130,    163.759      
# span 14 =    23.7909,    26.4585      
# span 15 =    23.7909,    26.4260      
# span 16 =      0.000,    901.872      
# span 17 =    17.1086,    27.3592      
# span 18 =    36.2633,    36.8906      
# span 19 = -1.346e-07, 7.0716e-05      
# span 20 =      -13.5,     7071.6      
# span 21 = -1.317e-06, 6.9175e-04      
# span 22 =      -0.66,      15.07      
# span 23 = 0.0000e+00, 0.0000e+00      
# interval = decibars: 1                
# start_time = Nov 07 2014 06:17:28 [System UpLoad Time]
# bad_flag = -9.990e-29
*END*
[from data line 484]
    484.000    480.694    17.4065   4.702450     0.5252     0.0332     0.0381      0.747 1.0000e-12    5.38198    7.69139     0.0525     0.0751      2.286    26.4388    26.4187    480.694    17.3240    36.3058 1.0509e-07       10.5 1.0280e-06       0.58 0.0000e+00
    485.000    481.686    17.4063   4.702491     0.5249     0.0119     0.0375      0.931 1.0000e-12    5.38200    7.69141     0.0516     0.0738      2.246    26.4390    26.4189    481.686    17.3236    36.3060 1.4132e-07       14.1 1.3824e-06       0.67 0.0000e+00
    486.000    482.679    17.4061   4.702479     0.5249     0.0096     0.0388      0.840 1.0000e-12    5.38202    7.69145     0.0520     0.0742      2.261    26.4388    26.4187    482.678    17.3233    36.3056 1.6473e-07       16.5 1.6114e-06       0.73 0.0000e+00
    487.000    483.670    17.4037   4.702210     0.5249     0.0125     0.0386      0.926 1.0000e-12    5.38230    7.69184     0.0523     0.0747      2.274    26.4390    26.4188    483.670    17.3207    36.3051 1.8280e-07       18.3 1.7882e-06       0.77 0.0000e+00
    488.000    484.663    17.4010   4.701917     0.5250     0.0097     0.0378      1.026 1.0000e-12    5.38259    7.69226     0.0521     0.0744      2.266    26.4393    26.4191    484.662    17.3178    36.3046 2.0726e-07       20.7 2.0274e-06       0.82 0.0000e+00
    489.000    485.655    17.3996   4.701779     0.5249     0.0069     0.0371      0.657 1.0000e-12    5.38274    7.69248     0.0521     0.0745      2.267    26.4395    26.4192    485.654    17.3163    36.3042 2.1771e-07       21.8 2.1296e-06       0.84 0.0000e+00
    490.000    486.646    17.3971   4.701529     0.5250     0.0244     0.0380      0.686 1.0000e-12    5.38302    7.69287     0.0526     0.0751      2.287    26.4399    26.4196    486.646    17.3136    36.3039 2.2380e-07       22.4 2.1892e-06       0.85 0.0000e+00
    491.000    487.638    17.3960   4.701417     0.5251     0.0267     0.0381      0.967 1.0000e-12    5.38314    7.69305     0.0521     0.0745      2.269    26.4399    26.4196    487.638    17.3123    36.3036 2.3487e-07       23.5 2.2975e-06       0.87 0.0000e+00
    492.000    488.630    17.3928   4.701049     0.5249     0.0194     0.0381      1.141 1.0000e-12    5.38350    7.69356     0.0520     0.0743      2.260    26.4402    26.4198    488.630    17.3090    36.3028 2.1733e-07       21.7 2.1259e-06       0.84 0.0000e+00
    493.000    489.622    17.3909   4.700889     0.5250     0.0125     0.0383      0.760 1.0000e-12    5.38370    7.69384     0.0524     0.0749      2.279    26.4406    26.4202    489.622    17.3069    36.3028 1.9426e-07       19.4 1.9002e-06       0.79 0.0000e+00
    494.000    490.614    17.3899   4.700807     0.5249     0.0245     0.0379      0.814 1.0000e-12    5.38380    7.69400     0.0516     0.0738      2.246    26.4407    26.4203    490.614    17.3057    36.3026 1.8978e-07       19.0 1.8564e-06       0.78 0.0000e+00
    495.000    491.606    17.3889   4.700701     0.5248     0.0074     0.0377      1.008 1.0000e-12    5.38392    7.69416     0.0516     0.0737      2.244    26.4407    26.4202    491.606    17.3046    36.3022 1.7403e-07       17.4 1.7024e-06       0.75 0.0000e+00
    496.000    492.598    17.3878   4.700622     0.5249     0.0086     0.0386      0.858 1.0000e-12    5.38403    7.69432     0.0523     0.0748      2.278    26.4410    26.4204    492.598    17.3033    36.3021 1.6469e-07       16.5 1.6110e-06       0.73 0.0000e+00
    497.000    493.590    17.3863   4.700452     0.5249     0.0172     0.0383      0.886 1.0000e-12    5.38421    7.69458     0.0522     0.0746      2.272    26.4410    26.4204    493.590    17.3016    36.3016 1.4834e-07       14.8 1.4510e-06       0.69 0.0000e+00
    498.000    494.582    17.3848   4.700289     0.5251     0.0179     0.0394      0.869 1.0000e-12    5.38438    7.69482     0.0526     0.0751      2.287    26.4410    26.4204    494.582    17.3000    36.3011 1.3030e-07       13.0 1.2746e-06       0.65 0.0000e+00
    499.000    495.574    17.3832   4.700164     0.5249     0.0187     0.0379      0.921 1.0000e-12    5.38455    7.69506     0.0518     0.0740      2.254    26.4414    26.4208    495.574    17.2982    36.3011 1.3539e-07       13.5 1.3244e-06       0.66 0.0000e+00
    500.000    496.566    17.3827   4.700147     0.5249     0.0209     0.0381      0.766 1.0000e-12    5.38460    7.69513     0.0521     0.0745      2.267    26.4415    26.4208    496.566    17.2975    36.3010 1.3546e-07       13.5 1.3251e-06       0.66 0.0000e+00
    501.000    497.558    17.3826   4.700176     0.5249     0.0198     0.0384      0.827 1.0000e-12    5.38461    7.69515     0.0521     0.0745      2.270    26.4416    26.4208    497.558    17.2973    36.3010 1.3919e-07       13.9 1.3615e-06       0.67 0.0000e+00
    502.000    498.549    17.3811   4.700023     0.5249     0.0183     0.0381      0.974 1.0000e-12    5.38478    7.69539     0.0520     0.0743      2.264    26.4417    26.4209    498.550    17.2956    36.3006 1.3564e-07       13.6 1.3269e-06       0.66 0.0000e+00
    503.000    499.542    17.3804   4.699974     0.5249     0.0175     0.0386      0.583 1.0000e-12    5.38486    7.69550     0.0521     0.0745      2.267    26.4417    26.4209    499.542    17.2947    36.3004 1.1921e-07       11.9 1.1661e-06       0.62 0.0000e+00
    504.000    500.534    17.3802   4.700015     0.5249     0.0019     0.0390      0.923 1.0000e-12    5.38487    7.69552     0.0521     0.0745      2.267    26.4420    26.4211    500.534    17.2944    36.3006 9.8457e-08        9.8 9.6311e-07       0.56 0.0000e+00
    505.000    501.526    17.3791   4.699907     0.5249     0.0168     0.0383      1.268 1.0000e-12    5.38500    7.69570     0.0522     0.0746      2.271    26.4420    26.4211    501.526    17.2931    36.3002 9.8763e-08        9.9 9.6611e-07       0.56 0.0000e+00
    506.000    502.517    17.3772   4.699730     0.5249     0.0237     0.0382      1.023 1.0000e-12    5.38520    7.69600     0.0520     0.0743      2.262    26.4423    26.4214    502.517    17.2910    36.3000 9.9157e-08        9.9 9.6996e-07       0.56 0.0000e+00
    507.000    503.509    17.3772   4.699747     0.5249     0.0186     0.0371      0.679 1.0000e-12    5.38521    7.69601     0.0522     0.0746      2.272    26.4422    26.4212    503.509    17.2909    36.2998 1.0162e-07       10.2 9.9409e-07       0.57 0.0000e+00
    508.000    504.501    17.3770   4.699751     0.5249     0.0149     0.0381      0.764 1.0000e-12    5.38524    7.69604     0.0521     0.0745      2.268    26.4422    26.4211    504.501    17.2905    36.2996 9.6926e-08        9.7 9.4813e-07       0.56 0.0000e+00
    509.000    505.493    17.3758   4.699641     0.5249     0.0200     0.0382      0.900 1.0000e-12    5.38537    7.69623     0.0524     0.0749      2.281    26.4423    26.4212    505.493    17.2891    36.2993 1.0864e-07       10.9 1.0628e-06       0.59 0.0000e+00
    510.000    506.485    17.3736   4.699391     0.5250     0.0184     0.0379      0.947 1.0000e-12    5.38562    7.69659     0.0520     0.0743      2.262    26.4424    26.4213    506.485    17.2867    36.2988 1.3379e-07       13.4 1.3087e-06       0.66 0.0000e+00
    511.000    507.477    17.3727   4.699324     0.5246     0.0227     0.0376      0.821 1.0000e-12    5.38572    7.69673     0.0512     0.0732      2.228    26.4426    26.4214    507.477    17.2857    36.2986 1.4584e-07       14.6 1.4266e-06       0.68 0.0000e+00
    512.000    508.469    17.3721   4.699301     0.5249     0.0240     0.0374      1.006 1.0000e-12    5.38578    7.69682     0.0526     0.0751      2.287    26.4427    26.4215    508.469    17.2849    36.2986 1.6701e-07       16.7 1.6337e-06       0.73 0.0000e+00
    513.000    509.460    17.3700   4.699043     0.5249     0.0266     0.0374      0.922 1.0000e-12    5.38603    7.69717     0.0522     0.0746      2.270    26.4427    26.4215    509.461    17.2826    36.2978 1.7205e-07       17.2 1.6830e-06       0.74 0.0000e+00
    514.000    510.453    17.3669   4.698722     0.5249     0.0296     0.0371      0.743 1.0000e-12    5.38636    7.69764     0.0522     0.0746      2.271    26.4432    26.4219    510.453    17.2794    36.2974 1.6679e-07       16.7 1.6316e-06       0.73 0.0000e+00
    515.000    511.444    17.3658   4.698654     0.5249     0.0218     0.0369      0.816 1.0000e-12    5.38647    7.69780     0.0523     0.0747      2.274    26.4435    26.4222    511.444    17.2781    36.2974 1.6168e-07       16.2 1.5816e-06       0.72 0.0000e+00
    516.000    512.436    17.3656   4.698660     0.5250     0.0306     0.0370      1.018 1.0000e-12    5.38649    7.69784     0.0525     0.0751      2.286    26.4435    26.4221    512.436    17.2777    36.2973 1.5340e-07       15.3 1.5006e-06       0.70 0.0000e+00
    517.000    513.428    17.3654   4.698679     0.5250     0.0321     0.0373      1.117 1.0000e-12    5.38652    7.69788     0.0525     0.0750      2.284    26.4435    26.4222    513.428    17.2774    36.2973 1.4053e-07       14.1 1.3747e-06       0.67 0.0000e+00
    518.000    514.420    17.3651   4.698684     0.5250     0.0132     0.0369      0.770 1.0000e-12    5.38655    7.69792     0.0525     0.0750      2.282    26.4436    26.4222    514.420    17.2769    36.2972 1.4090e-07       14.1 1.3783e-06       0.67 0.0000e+00
    519.000    515.412    17.3647   4.698689     0.5250     0.0166     0.0369      0.647 1.0000e-12    5.38659    7.69797     0.0525     0.0750      2.282    26.4437    26.4223    515.412    17.2763    36.2972 1.3690e-07       13.7 1.3391e-06       0.66 0.0000e+00
    520.000    516.403    17.3622   4.698401     0.5250     0.0251     0.0365      0.848 1.0000e-12    5.38687    7.69838     0.0525     0.0750      2.283    26.4439    26.4224    516.404    17.2737    36.2966 1.4718e-07       14.7 1.4397e-06       0.69 0.0000e+00
    521.000    517.396    17.3610   4.698276     0.5250     0.0179     0.0368      0.824 1.0000e-12    5.38701    7.69858     0.0525     0.0750      2.283    26.4439    26.4224    517.396    17.2723    36.2962 1.6587e-07       16.6 1.6225e-06       0.73 0.0000e+00
    522.000    518.387    17.3593   4.698095     0.5250     0.0170     0.0378      0.937 1.0000e-12    5.38720    7.69884     0.0525     0.0750      2.284    26.4440    26.4225    518.387    17.2704    36.2957 1.8069e-07       18.1 1.7675e-06       0.76 0.0000e+00
    523.000    519.379    17.3567   4.697821     0.5250     0.0107     0.0374      0.986 1.0000e-12    5.38748    7.69925     0.0523     0.0747      2.273    26.4444    26.4228    519.379    17.2677    36.2953 1.6919e-07       16.9 1.6550e-06       0.74 0.0000e+00
    524.000    520.371    17.3547   4.697625     0.5249     0.0250     0.0367      0.839 1.0000e-12    5.38770    7.69956     0.0523     0.0748      2.276    26.4447    26.4230    520.371    17.2655    36.2950 1.6150e-07       16.1 1.5798e-06       0.72 0.0000e+00
    525.000    521.363    17.3531   4.697457     0.5250     0.0240     0.0376      0.727 1.0000e-12    5.38788    7.69982     0.0527     0.0753      2.291    26.4448    26.4231    521.363    17.2637    36.2946 1.5619e-07       15.6 1.5278e-06       0.71 0.0000e+00
    526.000    522.355    17.3517   4.697324     0.5250     0.0180     0.0374      0.897 1.0000e-12    5.38803    7.70004     0.0525     0.0751      2.285    26.4450    26.4232    522.355    17.2622    36.2943 1.4715e-07       14.7 1.4394e-06       0.69 0.0000e+00
    527.000    523.347    17.3513   4.697336     0.5250     0.0249     0.0373      1.083 1.0000e-12    5.38807    7.70009     0.0525     0.0751      2.286    26.4452    26.4234    523.347    17.2616    36.2944 1.2585e-07       12.6 1.2311e-06       0.64 0.0000e+00
    528.000    524.338    17.3519   4.697411     0.5250     0.0322     0.0369      0.787 1.0000e-12    5.38802    7.70002     0.0524     0.0749      2.281    26.4449    26.4230    524.338    17.2620    36.2941 1.0093e-07       10.1 9.8725e-07       0.57 0.0000e+00
    529.000    525.330    17.3505   4.697294     0.5249     0.0167     0.0369      0.454 1.0000e-12    5.38817    7.70023     0.0522     0.0746      2.271    26.4451    26.4233    525.330    17.2605    36.2940 8.9313e-08        8.9 8.7366e-07       0.54 0.0000e+00
    530.000    526.322    17.3498   4.697272     0.5250     0.0223     0.0377      0.900 1.0000e-12    5.38824    7.70033     0.0528     0.0754      2.297    26.4454    26.4235    526.322    17.2596    36.2940 8.4622e-08        8.5 8.2778e-07       0.52 0.0000e+00
    531.000    527.314    17.3493   4.697238     0.5250     0.0267     0.0367      0.857 1.0000e-12    5.38830    7.70041     0.0526     0.0751      2.287    26.4454    26.4234    527.314    17.2589    36.2938 7.4136e-08        7.4 7.2520e-07       0.49 0.0000e+00
    532.000    528.305    17.3492   4.697262     0.5250     0.0194     0.0371      0.836 1.0000e-12    5.38832    7.70044     0.0526     0.0751      2.287    26.4454    26.4234    528.305    17.2586    36.2937 9.7148e-08        9.7 9.5031e-07       0.56 0.0000e+00
    533.000    529.297    17.3489   4.697277     0.5250     0.0122     0.0368      0.875 1.0000e-12    5.38834    7.70048     0.0526     0.0751      2.287    26.4455    26.4235    529.297    17.2582    36.2937 1.1492e-07       11.5 1.1241e-06       0.61 0.0000e+00
    534.000    530.289    17.3485   4.697271     0.5250     0.0243     0.0368      0.781 1.0000e-12    5.38838    7.70054     0.0526     0.0751      2.288    26.4456    26.4235    530.289    17.2576    36.2937 1.1313e-07       11.3 1.1066e-06       0.60 0.0000e+00
    535.000    531.281    17.3476   4.697189     0.5250     0.0223     0.0366      0.831 1.0000e-12    5.38849    7.70069     0.0526     0.0752      2.288    26.4456    26.4235    531.281    17.2565    36.2934 1.1321e-07       11.3 1.1074e-06       0.60 0.0000e+00
    536.000    532.273    17.3463   4.697036     0.5250     0.0268     0.0363      0.594 1.0000e-12    5.38864    7.70090     0.0526     0.0752      2.288    26.4455    26.4234    532.273    17.2551    36.2928 1.1863e-07       11.9 1.1604e-06       0.62 0.0000e+00
    537.000    533.264    17.3430   4.696717     0.5250     0.0233     0.0372      0.890 1.0000e-12    5.38899    7.70140     0.0526     0.0752      2.289    26.4462    26.4241    533.264    17.2516    36.2926 1.1503e-07       11.5 1.1253e-06       0.61 0.0000e+00
    538.000    534.256    17.3427   4.696687     0.5250     0.0181     0.0374      1.062 1.0000e-12    5.38904    7.70147     0.0526     0.0752      2.289    26.4461    26.4238    534.256    17.2511    36.2923 1.0139e-07       10.1 9.9182e-07       0.57 0.0000e+00
    539.000    535.248    17.3422   4.696683     0.5250     0.0237     0.0365      0.645 1.0000e-12    5.38909    7.70154     0.0526     0.0752      2.290    26.4462    26.4240    535.248    17.2505    36.2923 9.4732e-08        9.5 9.2667e-07       0.55 0.0000e+00
    540.000    536.240    17.3422   4.696718     0.5250     0.0272     0.0365      0.739 1.0000e-12    5.38908    7.70154     0.0525     0.0751      2.287    26.4462    26.4239    536.240    17.2503    36.2922 8.5289e-08        8.5 8.3430e-07       0.52 0.0000e+00
    541.000    537.231    17.3420   4.696738     0.5249     0.0262     0.0369      0.962 1.0000e-12    5.38911    7.70158     0.0521     0.0744      2.264    26.4463    26.4240    537.231    17.2499    36.2922 5.9845e-08        6.0 5.8541e-07       0.44 0.0000e+00
    542.000    538.223    17.3413   4.696676     0.5250     0.0237     0.0364      0.942 1.0000e-12    5.38919    7.70170     0.0529     0.0755      2.300    26.4463    26.4239    538.223    17.2490    36.2919 3.0567e-08        3.1 2.9901e-07       0.31 0.0000e+00
