CTD_data/C216_2_1.cnv
* Sea-Bird SBE 25 Data File:
* FileName = C:\CTD_Data\C216\C216_2_1.hex
* Software Version Seasave V 7.19
* Temperature SN = 4430
* Conductivity SN = 3138
* System UpLoad Time = Nov 05 2014 15:38:05
** Ship: Hermano gines
** Station: cariaco 216
** Operator: Luis medina
** Latitude: 10  29.91 N
** Longitude: 64 40.05
** perfil baterias
# nquan = 24                                
# nvalues = 1816                        
# units = specified
# name 0 = prSM: Pressure, Strain Gauge [db]
# name 1 = depSM: Depth [salt water, m], lat = 10.50
# name 2 = t090C: Temperature [ITS-90, deg C]
# name 3 = c0S/m: Conductivity [S/m]
# name 4 = sbeox0V: Oxygen raw, SBE 43 [V]
# name 5 = flECO-AFL: Fluorescence, WET Labs ECO-AFL/FL [mg/m^3]
# name 6 = bat: Beam Attenuation, Chelsea/Seatech [1/m]
# name 7 = dz/dtM: Descent Rate [m/s]
# name 8 = par: PAR/Irradiance, Biospherical/Licor
# name 9 = oxsatML/L: Oxygen Saturation, Weiss [ml/l]
# name 10 = oxsatMg/L: Oxygen Saturation, Weiss [mg/l]
# name 11 = sbeox0ML/L: Oxygen, SBE 43 [ml/l], WS = 2
# name 12 = sbeox0Mg/L: Oxygen, SBE 43 [mg/l], WS = 2
# name 13 = sbeox0Mm/Kg: Oxygen, SBE 43 [umol/kg], WS = 2
# name 14 = sigma-é00: Density [sigma-theta, kg/m^3]
# name 15 = sigma-t00: Density [sigma-t, kg/m^3 ]
# name 16 = depSM: Depth [salt water, m], lat = 10.5
# name 17 = potemp090C: Potential Temperature [ITS-90, deg C]
# name 18 = sal00: Salinity, Practical [PSU]
# name 19 = E: stability, E [rad^2/m]
# name 20 = E10^-8: stability, E [10^-8 rad^2/m]
# name 21 = N^2: buoyancy frequency, N^2 [rad^2/s^2]
# name 22 = N: buoyancy frequency, N [cycles/h]
# name 23 = flag: flag
# span 0 =      0.000,    908.000       
# span 1 =     -0.001,    900.882       
# span 2 =    17.2542,    27.6499       
# span 3 =   4.692383,   5.836064       
# span 4 =     0.5241,     2.6629       
# span 5 =    -0.1192,     1.2371       
# span 6 =     0.0305,     0.4849       
# span 7 =     -1.322,      1.269       
# span 8 = 1.0000e-12, 1.0000e-12       
# span 9 =    4.47803,    5.39915       
# span 10 =    6.39955,    7.71593      
# span 11 =     0.0490,     3.7222      
# span 12 =     0.0701,     5.3195      
# span 13 =      2.134,    162.279      
# span 14 =    23.7932,    26.4587      
# span 15 =    23.7932,    26.4270      
# span 16 =      0.000,    900.882      
# span 17 =    17.1022,    27.6494      
# span 18 =    36.2614,    36.8964      
# span 19 = -1.644e-08, 4.7471e-05      
# span 20 =       -1.6,     4747.1      
# span 21 = -1.608e-07, 4.6436e-04      
# span 22 =      -0.23,      12.35      
# span 23 = 0.0000e+00, 0.0000e+00      
# interval = decibars: 1                
# start_time = Nov 05 2014 15:38:05 [System UpLoad Time]
# bad_flag = -9.990e-29
*END*
[from data line 1268]
    547.000    543.181    17.3321   4.695621     0.5248    -0.1037     0.0331     -0.825 1.0000e-12    5.39024    7.70318     0.0525     0.0750      2.284    26.4465    26.4240    543.182    17.2390    36.2891 1.2519e-07       12.5 1.2246e-06       0.63 0.0000e+00
    546.000    542.190    17.3309   4.695436     0.5246    -0.1004     0.0330     -0.695 1.0000e-12    5.39037    7.70338     0.0514     0.0735      2.239    26.4467    26.4241    542.190    17.2380    36.2889 1.1799e-07       11.8 1.1542e-06       0.62 0.0000e+00
    545.000    541.199    17.3334   4.695731     0.5247    -0.1022     0.0331     -0.580 1.0000e-12    5.39008    7.70297     0.0523     0.0747      2.275    26.4466    26.4241    541.198    17.2407    36.2896 1.0927e-07       10.9 1.0689e-06       0.59 0.0000e+00
    544.000    540.207    17.3333   4.695680     0.5246    -0.1030     0.0330     -0.823 1.0000e-12    5.39009    7.70298     0.0517     0.0738      2.248    26.4466    26.4241    540.207    17.2407    36.2896 1.0940e-07       10.9 1.0701e-06       0.59 0.0000e+00
    543.000    539.215    17.3371   4.696103     0.5247    -0.1043     0.0325     -0.783 1.0000e-12    5.38968    7.70239     0.0525     0.0750      2.283    26.4461    26.4237    539.215    17.2447    36.2903 1.3056e-07       13.1 1.2771e-06       0.65 0.0000e+00
    542.000    538.223    17.3368   4.696001     0.5249    -0.1029     0.0338     -0.623 1.0000e-12    5.38972    7.70245     0.0521     0.0744      2.266    26.4460    26.4236    538.223    17.2446    36.2901 1.4357e-07       14.4 1.4044e-06       0.68 0.0000e+00
    541.000    537.231    17.3368   4.695962     0.5249    -0.1030     0.0330     -0.641 1.0000e-12    5.38971    7.70244     0.0522     0.0746      2.270    26.4460    26.4236    537.231    17.2447    36.2901 1.4190e-07       14.2 1.3881e-06       0.68 0.0000e+00
    540.000    536.239    17.3373   4.696040     0.5246    -0.1030     0.0331     -0.932 1.0000e-12    5.38965    7.70234     0.0514     0.0734      2.234    26.4463    26.4240    536.240    17.2454    36.2907 1.2860e-07       12.9 1.2579e-06       0.64 0.0000e+00
    539.000    535.248    17.3409   4.696369     0.5246    -0.1030     0.0331     -1.036 1.0000e-12    5.38927    7.70181     0.0517     0.0739      2.248    26.4454    26.4231    535.248    17.2492    36.2907 1.1461e-07       11.5 1.1211e-06       0.61 0.0000e+00
    538.000    534.256    17.3413   4.696395     0.5246    -0.0976     0.0332     -1.042 1.0000e-12    5.38922    7.70173     0.0517     0.0738      2.248    26.4454    26.4232    534.256    17.2497    36.2910 9.0665e-08        9.1 8.8688e-07       0.54 0.0000e+00
    537.000    533.264    17.3413   4.696370     0.5246    -0.1021     0.0335     -0.938 1.0000e-12    5.38922    7.70173     0.0518     0.0739      2.252    26.4455    26.4233    533.264    17.2499    36.2911 7.4821e-08        7.5 7.3190e-07       0.49 0.0000e+00
    536.000    532.273    17.3409   4.696285     0.5248    -0.0993     0.0331     -0.423 1.0000e-12    5.38926    7.70178     0.0522     0.0746      2.270    26.4456    26.4234    532.273    17.2497    36.2911 6.1985e-08        6.2 6.0634e-07       0.45 0.0000e+00
    535.000    531.281    17.3411   4.696251     0.5246    -0.1038     0.0327     -0.680 1.0000e-12    5.38924    7.70176     0.0517     0.0739      2.250    26.4454    26.4233    531.281    17.2501    36.2911 4.3836e-08        4.4 4.2880e-07       0.38 0.0000e+00
    534.000    530.289    17.3413   4.696232     0.5249    -0.1030     0.0337     -0.934 1.0000e-12    5.38922    7.70173     0.0522     0.0747      2.273    26.4453    26.4233    530.289    17.2504    36.2911 8.9549e-09        0.9 8.7598e-08       0.17 0.0000e+00
    533.000    529.297    17.3418   4.696265     0.5247    -0.0722     0.0335     -0.800 1.0000e-12    5.38916    7.70165     0.0518     0.0741      2.255    26.4453    26.4233    529.297    17.2511    36.2913 2.3262e-08        2.3 2.2755e-07       0.27 0.0000e+00
    532.000    528.306    17.3415   4.696197     0.5246    -0.0565     0.0320     -0.482 1.0000e-12    5.38919    7.70169     0.0514     0.0734      2.235    26.4454    26.4235    528.305    17.2510    36.2914 2.7347e-08        2.7 2.6751e-07       0.30 0.0000e+00
    531.000    527.314    17.3413   4.696122     0.5246    -0.0425     0.0328     -0.777 1.0000e-12    5.38921    7.70172     0.0516     0.0738      2.246    26.4453    26.4234    527.314    17.2509    36.2913 2.2889e-08        2.3 2.2390e-07       0.27 0.0000e+00
    530.000    526.322    17.3416   4.696136     0.5246    -0.0725     0.0332     -0.858 1.0000e-12    5.38917    7.70167     0.0516     0.0738      2.246    26.4454    26.4235    526.322    17.2514    36.2915 1.3233e-09        0.1 1.2945e-08       0.07 0.0000e+00
    529.000    525.330    17.3418   4.696106     0.5246    -0.1056     0.0335     -0.933 1.0000e-12    5.38916    7.70164     0.0516     0.0738      2.246    26.4453    26.4234    525.330    17.2518    36.2915 2.1323e-09        0.2 2.0858e-08       0.08 0.0000e+00
    528.000    524.338    17.3417   4.696038     0.5246    -0.1066     0.0335     -0.829 1.0000e-12    5.38917    7.70166     0.0516     0.0738      2.245    26.4452    26.4234    524.338    17.2519    36.2913 2.4239e-09        0.2 2.3711e-08       0.09 0.0000e+00
    527.000    523.346    17.3415   4.695982     0.5247    -0.1028     0.0333     -0.639 1.0000e-12    5.38919    7.70169     0.0522     0.0746      2.270    26.4452    26.4235    523.347    17.2518    36.2914 1.9536e-08        2.0 1.9110e-07       0.25 0.0000e+00
    526.000    522.355    17.3412   4.695923     0.5246    -0.1030     0.0326     -0.799 1.0000e-12    5.38922    7.70173     0.0514     0.0734      2.235    26.4454    26.4237    522.355    17.2517    36.2915 2.3983e-08        2.4 2.3460e-07       0.28 0.0000e+00
    525.000    521.363    17.3411   4.695904     0.5246    -0.0977     0.0322     -0.735 1.0000e-12    5.38921    7.70173     0.0516     0.0737      2.245    26.4456    26.4239    521.363    17.2518    36.2919 3.4920e-08        3.5 3.4159e-07       0.33 0.0000e+00
    524.000    520.371    17.3412   4.695825     0.5246    -0.1029     0.0329     -0.832 1.0000e-12    5.38922    7.70173     0.0516     0.0737      2.244    26.4452    26.4236    520.371    17.2520    36.2915 4.6213e-08        4.6 4.5206e-07       0.39 0.0000e+00
    523.000    519.379    17.3413   4.695817     0.5246    -0.1036     0.0326     -0.835 1.0000e-12    5.38920    7.70170     0.0516     0.0737      2.244    26.4453    26.4237    519.379    17.2523    36.2917 5.3039e-08        5.3 5.1883e-07       0.41 0.0000e+00
    522.000    518.387    17.3438   4.696074     0.5246    -0.0978     0.0337     -0.634 1.0000e-12    5.38893    7.70132     0.0516     0.0737      2.244    26.4450    26.4234    518.387    17.2550    36.2921 7.3253e-08        7.3 7.1656e-07       0.49 0.0000e+00
    521.000    517.396    17.3433   4.695982     0.5246    -0.1027     0.0323     -0.842 1.0000e-12    5.38898    7.70139     0.0516     0.0737      2.243    26.4451    26.4236    517.396    17.2547    36.2921 8.8988e-08        8.9 8.7049e-07       0.53 0.0000e+00
    520.000    516.403    17.3443   4.696064     0.5246    -0.1074     0.0335     -0.589 1.0000e-12    5.38887    7.70123     0.0516     0.0737      2.243    26.4449    26.4235    516.404    17.2558    36.2923 9.1769e-08        9.2 8.9769e-07       0.54 0.0000e+00
    519.000    515.412    17.3450   4.696100     0.5246    -0.1057     0.0331     -0.821 1.0000e-12    5.38879    7.70112     0.0517     0.0739      2.249    26.4448    26.4234    515.412    17.2567    36.2924 6.8991e-08        6.9 6.7488e-07       0.47 0.0000e+00
    518.000    514.420    17.3451   4.696093     0.5248    -0.1039     0.0335     -0.999 1.0000e-12    5.38878    7.70110     0.0526     0.0752      2.291    26.4449    26.4235    514.420    17.2570    36.2926 6.5267e-08        6.5 6.3844e-07       0.46 0.0000e+00
    517.000    513.428    17.3469   4.696281     0.5249    -0.0962     0.0330     -0.966 1.0000e-12    5.38857    7.70081     0.0517     0.0738      2.248    26.4447    26.4234    513.428    17.2589    36.2930 5.4687e-08        5.5 5.3495e-07       0.42 0.0000e+00
    516.000    512.436    17.3468   4.696218     0.5247    -0.0894     0.0328     -0.761 1.0000e-12    5.38859    7.70083     0.0516     0.0737      2.243    26.4446    26.4233    512.436    17.2590    36.2929 5.1690e-08        5.2 5.0564e-07       0.41 0.0000e+00
    515.000    511.444    17.3462   4.696103     0.5246    -0.1039     0.0325     -0.484 1.0000e-12    5.38866    7.70093     0.0514     0.0735      2.238    26.4447    26.4234    511.444    17.2586    36.2928 4.9011e-08        4.9 4.7943e-07       0.40 0.0000e+00
    514.000    510.453    17.3460   4.696044     0.5246    -0.1030     0.0335     -0.859 1.0000e-12    5.38867    7.70095     0.0515     0.0736      2.241    26.4447    26.4235    510.453    17.2586    36.2929 4.0013e-08        4.0 3.9141e-07       0.36 0.0000e+00
    513.000    509.461    17.3468   4.696093     0.5246    -0.0947     0.0335     -1.090 1.0000e-12    5.38859    7.70083     0.0515     0.0736      2.241    26.4446    26.4234    509.461    17.2595    36.2930 4.0936e-08        4.1 4.0044e-07       0.36 0.0000e+00
    512.000    508.469    17.3470   4.696073     0.5246    -0.0906     0.0328     -0.650 1.0000e-12    5.38857    7.70080     0.0519     0.0742      2.258    26.4445    26.4234    508.469    17.2599    36.2930 3.9518e-08        4.0 3.8656e-07       0.36 0.0000e+00
    511.000    507.477    17.3468   4.696015     0.5248    -0.0909     0.0337     -0.750 1.0000e-12    5.38858    7.70082     0.0517     0.0739      2.249    26.4445    26.4235    507.477    17.2599    36.2931 5.0790e-08        5.1 4.9683e-07       0.40 0.0000e+00
    510.000    506.485    17.3465   4.695913     0.5246    -0.0807     0.0324     -0.701 1.0000e-12    5.38863    7.70088     0.0514     0.0734      2.234    26.4444    26.4233    506.485    17.2597    36.2928 6.5501e-08        6.6 6.4073e-07       0.46 0.0000e+00
    509.000    505.493    17.3469   4.695959     0.5246    -0.0925     0.0331     -0.843 1.0000e-12    5.38856    7.70080     0.0512     0.0732      2.228    26.4446    26.4236    505.493    17.2603    36.2932 6.6392e-08        6.6 6.4945e-07       0.46 0.0000e+00
    508.000    504.502    17.3479   4.696035     0.5245    -0.0913     0.0330     -0.946 1.0000e-12    5.38846    7.70064     0.0512     0.0732      2.228    26.4444    26.4234    504.501    17.2615    36.2934 8.4263e-08        8.4 8.2426e-07       0.52 0.0000e+00
    507.000    503.509    17.3498   4.696244     0.5246    -0.1027     0.0332     -0.796 1.0000e-12    5.38824    7.70034     0.0516     0.0737      2.245    26.4443    26.4234    503.509    17.2635    36.2939 1.0433e-07       10.4 1.0206e-06       0.58 0.0000e+00
    506.000    502.517    17.3507   4.696305     0.5246    -0.1037     0.0328     -0.676 1.0000e-12    5.38815    7.70020     0.0510     0.0728      2.218    26.4441    26.4232    502.517    17.2646    36.2940 1.0842e-07       10.8 1.0606e-06       0.59 0.0000e+00
    505.000    501.526    17.3503   4.696193     0.5243    -0.1030     0.0320     -0.821 1.0000e-12    5.38820    7.70028     0.0513     0.0733      2.230    26.4440    26.4231    501.526    17.2644    36.2938 1.0943e-07       10.9 1.0704e-06       0.59 0.0000e+00
    504.000    500.534    17.3517   4.696376     0.5247    -0.1030     0.0324     -0.807 1.0000e-12    5.38803    7.70003     0.0517     0.0739      2.251    26.4442    26.4234    500.534    17.2660    36.2945 1.1393e-07       11.4 1.1145e-06       0.60 0.0000e+00
    503.000    499.542    17.3542   4.696601     0.5245    -0.1038     0.0337     -0.898 1.0000e-12    5.38776    7.69965     0.0508     0.0726      2.210    26.4436    26.4228    499.542    17.2686    36.2946 1.1222e-07       11.2 1.0977e-06       0.60 0.0000e+00
    502.000    498.550    17.3541   4.696542     0.5246    -0.1038     0.0323     -0.849 1.0000e-12    5.38777    7.69967     0.0519     0.0742      2.260    26.4435    26.4228    498.550    17.2687    36.2945 1.0473e-07       10.5 1.0244e-06       0.58 0.0000e+00
    501.000    497.558    17.3548   4.696637     0.5246    -0.1030     0.0329     -0.913 1.0000e-12    5.38769    7.69954     0.0513     0.0734      2.234    26.4438    26.4231    497.558    17.2696    36.2951 1.3211e-07       13.2 1.2923e-06       0.65 0.0000e+00
    500.000    496.566    17.3551   4.696612     0.5246     0.0020     0.0329     -0.710 1.0000e-12    5.38766    7.69950     0.0516     0.0738      2.246    26.4436    26.4229    496.566    17.2700    36.2950 1.5623e-07       15.6 1.5282e-06       0.71 0.0000e+00
    499.000    495.574    17.3567   4.696786     0.5247    -0.0181     0.0412     -0.717 1.0000e-12    5.38748    7.69924     0.0515     0.0736      2.240    26.4435    26.4229    495.574    17.2718    36.2955 1.9328e-07       19.3 1.8907e-06       0.79 0.0000e+00
    498.000    494.582    17.3566   4.696697     0.5246    -0.0149     0.0346     -0.783 1.0000e-12    5.38750    7.69927     0.0513     0.0733      2.233    26.4433    26.4227    494.582    17.2719    36.2952 1.7910e-07       17.9 1.7519e-06       0.76 0.0000e+00
    497.000    493.590    17.3600   4.697140     0.5247    -0.0463     0.0338     -0.889 1.0000e-12    5.38711    7.69872     0.0519     0.0742      2.260    26.4433    26.4228    493.590    17.2754    36.2964 2.1900e-07       21.9 2.1422e-06       0.84 0.0000e+00
    496.000    492.598    17.3645   4.697612     0.5246    -0.0009     0.0339     -0.839 1.0000e-12    5.38662    7.69802     0.0512     0.0731      2.226    26.4425    26.4220    492.598    17.2801    36.2968 2.8292e-07       28.3 2.7676e-06       0.95 0.0000e+00
    495.000    491.606    17.3668   4.697888     0.5246     0.0039     0.0335     -0.633 1.0000e-12    5.38637    7.69765     0.0514     0.0734      2.235    26.4425    26.4220    491.606    17.2826    36.2975 3.2343e-07       32.3 3.1638e-06       1.02 0.0000e+00
    494.000    490.614    17.3694   4.698135     0.5246     0.0042     0.0332     -0.726 1.0000e-12    5.38609    7.69725     0.0514     0.0734      2.234    26.4420    26.4215    490.614    17.2853    36.2977 3.0510e-07       30.5 2.9845e-06       0.99 0.0000e+00
    493.000    489.622    17.3662   4.697725     0.5246    -0.0040     0.0331     -0.980 1.0000e-12    5.38643    7.69775     0.0509     0.0727      2.215    26.4425    26.4221    489.622    17.2823    36.2974 2.7427e-07       27.4 2.6829e-06       0.94 0.0000e+00
    492.000    488.630    17.3772   4.699103     0.5244     0.0035     0.0326     -0.967 1.0000e-12    5.38520    7.69600     0.0510     0.0728      2.217    26.4417    26.4213    488.630    17.2934    36.2999 2.9203e-07       29.2 2.8567e-06       0.97 0.0000e+00
    491.000    487.638    17.3820   4.699610     0.5246     0.0104     0.0328     -0.652 1.0000e-12    5.38469    7.69527     0.0518     0.0740      2.252    26.4409    26.4205    487.638    17.2984    36.3004 2.8401e-07       28.4 2.7781e-06       0.95 0.0000e+00
    490.000    486.646    17.3817   4.699474     0.5247     0.0078     0.0342     -0.777 1.0000e-12    5.38474    7.69534     0.0513     0.0734      2.234    26.4405    26.4202    486.646    17.2983    36.2999 2.5766e-07       25.8 2.5204e-06       0.91 0.0000e+00
    489.000    485.654    17.3766   4.698846     0.5246     0.0031     0.0333     -0.935 1.0000e-12    5.38529    7.69612     0.0513     0.0733      2.232    26.4413    26.4211    485.654    17.2934    36.2994 2.4464e-07       24.5 2.3931e-06       0.89 0.0000e+00
    488.000    484.662    17.3825   4.699616     0.5246    -0.0354     0.0338     -0.827 1.0000e-12    5.38462    7.69516     0.0513     0.0733      2.232    26.4412    26.4210    484.662    17.2994    36.3012 2.3929e-07       23.9 2.3408e-06       0.88 0.0000e+00
