CTD_data/C216_2_2.cnv
* Sea-Bird SBE 25 Data File:
* FileName = C:\CTD_Data\C216\C216_2_2.hex
* Software Version Seasave V 7.19
* Temperature SN = 4430
* Conductivity SN = 3138
* System UpLoad Time = Nov 06 2014 07:12:20
** Ship: hermano gines
** Station: C216
** Operator: Luis Medina
** Latitude: 10 30.09
** Longitude: 64 40.20
** segundo perfil
# nquan = 24                                
# nvalues = 1850                        
# units = specified
# name 0 = prSM: Pressure, Strain Gauge [db]
# name 1 = depSM: Depth [salt water, m], lat = 10.50
# name 2 = t090C: Temperature [ITS-90, deg C]
# name 3 = c0S/m: Conductivity [S/m]
# name 4 = sbeox0V: Oxygen raw, SBE 43 [V]
# name 5 = flECO-AFL: Fluorescence, WET Labs ECO-AFL/FL [mg/m^3]
# name 6 = bat: Beam Attenuation, Chelsea/Seatech [1/m]
# name 7 = dz/dtM: Descent Rate [m/s]
# name 8 = par: PAR/Irradiance, Biospherical/Licor
# name 9 = oxsatML/L: Oxygen Saturation, Weiss [ml/l]
# name 10 = oxsatMg/L: Oxygen Saturation, Weiss [mg/l]
# name 11 = sbeox0ML/L: Oxygen, SBE 43 [ml/l], WS = 2
# name 12 = sbeox0Mg/L: Oxygen, SBE 43 [mg/l], WS = 2
# name 13 = sbeox0Mm/Kg: Oxygen, SBE 43 [umol/kg], WS = 2
# name 14 = sigma-é00: Density [sigma-theta, kg/m^3]
# name 15 = sigma-t00: Density [sigma-t, kg/m^3 ]
# name 16 = depSM: Depth [salt water, m], lat = 10.5
# name 17 = potemp090C: Potential Temperature [ITS-90, deg C]
# name 18 = sal00: Salinity, Practical [PSU]
# name 19 = E: stability, E [rad^2/m]
# name 20 = E10^-8: stability, E [10^-8 rad^2/m]
# name 21 = N^2: buoyancy frequency, N^2 [rad^2/s^2]
# name 22 = N: buoyancy frequency, N [cycles/h]
# name 23 = flag: flag
# span 0 =      0.000,    925.000       
# span 1 =     -0.000,    917.711       
# span 2 =    17.2546,    26.9663       
# span 3 =   4.692966,   5.747702       
# span 4 =     0.5240,     2.6244       
# span 5 =    -0.1041,    41.5214       
# span 6 =     0.0203,     1.3559       
# span 7 =     -1.368,      4.217       
# span 8 = 1.0000e-12, 1.0000e-12       
# span 9 =    4.52931,    5.39908       
# span 10 =    6.47283,    7.71583      
# span 11 =     0.0490,     3.7245      
# span 12 =     0.0701,     5.3227      
# span 13 =      2.133,    162.379      
# span 14 =    23.9747,    26.4585      
# span 15 =    23.9746,    26.4266      
# span 16 =      0.000,    917.712      
# span 17 =    17.1038,    26.9661      
# span 18 =    36.2617,    36.8916      
# span 19 = -4.530e-08, 5.1271e-05      
# span 20 =       -4.5,     5127.1      
# span 21 = -4.431e-07, 5.0154e-04      
# span 22 =      -0.38,      12.83      
# span 23 = 0.0000e+00, 0.0000e+00      
# interval = decibars: 1                
# start_time = Nov 06 2014 07:12:20 [System UpLoad Time]
# bad_flag = -9.990e-29
*END*
[from data line 1268]
    581.000    576.897    17.3110   4.694371     0.5246    -0.0423     0.0277     -0.730 1.0000e-12    5.39259    7.70655     0.0518     0.0740      2.252    26.4493    26.4253    576.897    17.2121    36.2842 4.1777e-08        4.2 4.0867e-07       0.37 0.0000e+00
    580.000    575.906    17.3106   4.694275     0.5246    -0.0614     0.0268     -0.766 1.0000e-12    5.39264    7.70662     0.0522     0.0746      2.272    26.4493    26.4253    575.906    17.2119    36.2841 5.2223e-08        5.2 5.1085e-07       0.41 0.0000e+00
    579.000    574.914    17.3103   4.694218     0.5247    -0.0326     0.0274     -0.650 1.0000e-12    5.39266    7.70665     0.0520     0.0743      2.262    26.4494    26.4255    574.914    17.2118    36.2842 7.3680e-08        7.4 7.2074e-07       0.49 0.0000e+00
    578.000    573.922    17.3119   4.694370     0.5247    -0.0188     0.0271     -0.622 1.0000e-12    5.39249    7.70641     0.0531     0.0758      2.308    26.4492    26.4254    573.923    17.2136    36.2845 7.7122e-08        7.7 7.5441e-07       0.50 0.0000e+00
    577.000    572.931    17.3122   4.694388     0.5249    -0.0062     0.0277     -0.866 1.0000e-12    5.39245    7.70635     0.0526     0.0751      2.288    26.4493    26.4255    572.931    17.2140    36.2848 8.3728e-08        8.4 8.1903e-07       0.52 0.0000e+00
    576.000    571.939    17.3151   4.694698     0.5247     0.0058     0.0275     -0.982 1.0000e-12    5.39213    7.70589     0.0516     0.0737      2.245    26.4489    26.4251    571.939    17.2171    36.2852 7.1727e-08        7.2 7.0164e-07       0.48 0.0000e+00
    575.000    570.948    17.3146   4.694582     0.5246    -0.0786     0.0287     -0.858 1.0000e-12    5.39219    7.70598     0.0519     0.0742      2.260    26.4488    26.4251    570.948    17.2168    36.2850 7.5322e-08        7.5 7.3681e-07       0.49 0.0000e+00
    574.000    569.956    17.3150   4.694574     0.5246    -0.0745     0.0272     -0.812 1.0000e-12    5.39215    7.70592     0.0519     0.0742      2.260    26.4487    26.4250    569.956    17.2173    36.2850 8.3966e-08        8.4 8.2136e-07       0.52 0.0000e+00
    573.000    568.965    17.3148   4.694527     0.5246     0.0086     0.0287     -0.741 1.0000e-12    5.39216    7.70594     0.0519     0.0742      2.260    26.4488    26.4252    568.965    17.2173    36.2852 7.4377e-08        7.4 7.2756e-07       0.49 0.0000e+00
    572.000    567.973    17.3150   4.694511     0.5247     0.0188     0.0270     -0.769 1.0000e-12    5.39214    7.70591     0.0529     0.0756      2.301    26.4487    26.4252    567.973    17.2177    36.2852 8.0097e-08        8.0 7.8351e-07       0.51 0.0000e+00
    571.000    566.981    17.3152   4.694531     0.5250     0.0248     0.0269     -0.556 1.0000e-12    5.39211    7.70586     0.0526     0.0751      2.287    26.4489    26.4254    566.982    17.2180    36.2856 8.0822e-08        8.1 7.9061e-07       0.51 0.0000e+00
    570.000    565.990    17.3173   4.694739     0.5246     0.0331     0.0275     -0.768 1.0000e-12    5.39188    7.70553     0.0513     0.0734      2.234    26.4486    26.4251    565.990    17.2203    36.2859 1.0252e-07       10.3 1.0029e-06       0.57 0.0000e+00
    569.000    564.998    17.3187   4.694865     0.5247     0.0250     0.0275     -0.902 1.0000e-12    5.39172    7.70531     0.0523     0.0747      2.275    26.4484    26.4250    564.998    17.2219    36.2861 1.1616e-07       11.6 1.1363e-06       0.61 0.0000e+00
    568.000    564.007    17.3188   4.694853     0.5246     0.0174     0.0274     -0.500 1.0000e-12    5.39171    7.70529     0.0518     0.0740      2.253    26.4485    26.4251    564.007    17.2222    36.2863 1.2869e-07       12.9 1.2588e-06       0.64 0.0000e+00
    567.000    563.015    17.3216   4.695168     0.5248     0.0330     0.0276     -0.880 1.0000e-12    5.39140    7.70485     0.0524     0.0749      2.279    26.4483    26.4249    563.015    17.2251    36.2869 1.3210e-07       13.2 1.2922e-06       0.65 0.0000e+00
    566.000    562.023    17.3245   4.695502     0.5246     0.0277     0.0296     -1.055 1.0000e-12    5.39107    7.70438     0.0518     0.0740      2.254    26.4480    26.4247    562.023    17.2282    36.2876 1.2796e-07       12.8 1.2518e-06       0.64 0.0000e+00
    565.000    561.032    17.3239   4.695355     0.5247     0.0244     0.0314     -0.661 1.0000e-12    5.39115    7.70449     0.0522     0.0746      2.273    26.4479    26.4246    561.032    17.2277    36.2872 1.0098e-07       10.1 9.8780e-07       0.57 0.0000e+00
    564.000    560.040    17.3245   4.695405     0.5246     0.0243     0.0272     -0.800 1.0000e-12    5.39108    7.70439     0.0517     0.0738      2.247    26.4479    26.4246    560.040    17.2285    36.2875 9.3653e-08        9.4 9.1612e-07       0.55 0.0000e+00
    563.000    559.049    17.3259   4.695560     0.5246     0.0342     0.0272     -0.739 1.0000e-12    5.39092    7.70416     0.0522     0.0745      2.270    26.4479    26.4246    559.049    17.2301    36.2880 9.2209e-08        9.2 9.0199e-07       0.54 0.0000e+00
    562.000    558.057    17.3261   4.695523     0.5249     0.0184     0.0282     -0.835 1.0000e-12    5.39090    7.70413     0.0525     0.0751      2.285    26.4477    26.4245    558.057    17.2305    36.2879 7.8481e-08        7.8 7.6770e-07       0.50 0.0000e+00
    561.000    557.065    17.3261   4.695490     0.5249     0.0102     0.0267     -0.704 1.0000e-12    5.39089    7.70413     0.0530     0.0758      2.306    26.4477    26.4246    557.065    17.2306    36.2880 7.6616e-08        7.7 7.4946e-07       0.50 0.0000e+00
    560.000    556.074    17.3267   4.695547     0.5247     0.0276     0.0274     -0.572 1.0000e-12    5.39082    7.70403     0.0513     0.0734      2.234    26.4478    26.4247    556.074    17.2314    36.2883 7.1491e-08        7.1 6.9933e-07       0.48 0.0000e+00
    559.000    555.082    17.3280   4.695646     0.5247     0.0183     0.0291     -0.936 1.0000e-12    5.39069    7.70383     0.0517     0.0739      2.251    26.4475    26.4244    555.082    17.2329    36.2884 7.3369e-08        7.3 7.1769e-07       0.49 0.0000e+00
    558.000    554.090    17.3285   4.695662     0.5246     0.0179     0.0282     -0.875 1.0000e-12    5.39063    7.70375     0.0521     0.0745      2.268    26.4474    26.4244    554.090    17.2335    36.2885 7.3030e-08        7.3 7.1438e-07       0.48 0.0000e+00
    557.000    553.098    17.3282   4.695580     0.5246     0.0306     0.0274     -0.781 1.0000e-12    5.39066    7.70380     0.0516     0.0738      2.246    26.4474    26.4244    553.099    17.2334    36.2884 6.2872e-08        6.3 6.1501e-07       0.45 0.0000e+00
    556.000    552.107    17.3287   4.695588     0.5246     0.0303     0.0280     -0.970 1.0000e-12    5.39062    7.70373     0.0522     0.0746      2.270    26.4472    26.4243    552.107    17.2341    36.2884 5.8966e-08        5.9 5.7681e-07       0.44 0.0000e+00
    555.000    551.115    17.3283   4.695518     0.5248     0.0295     0.0275     -0.520 1.0000e-12    5.39065    7.70377     0.0524     0.0749      2.281    26.4474    26.4245    551.115    17.2339    36.2885 4.8811e-08        4.9 4.7747e-07       0.40 0.0000e+00
    554.000    550.124    17.3287   4.695524     0.5250     0.0331     0.0277     -0.707 1.0000e-12    5.39061    7.70371     0.0532     0.0761      2.316    26.4473    26.4244    550.124    17.2344    36.2886 3.3150e-08        3.3 3.2427e-07       0.33 0.0000e+00
    553.000    549.132    17.3299   4.695641     0.5248     0.0290     0.0275     -1.071 1.0000e-12    5.39047    7.70352     0.0516     0.0737      2.244    26.4472    26.4244    549.132    17.2358    36.2889 3.8896e-08        3.9 3.8048e-07       0.35 0.0000e+00
    552.000    548.141    17.3297   4.695581     0.5246     0.0328     0.0273     -0.614 1.0000e-12    5.39049    7.70355     0.0517     0.0738      2.248    26.4472    26.4245    548.140    17.2358    36.2890 5.3067e-08        5.3 5.1910e-07       0.41 0.0000e+00
    551.000    547.149    17.3295   4.695511     0.5246     0.0329     0.0280     -0.826 1.0000e-12    5.39051    7.70358     0.0520     0.0744      2.264    26.4472    26.4245    547.149    17.2357    36.2889 8.3607e-08        8.4 8.1784e-07       0.52 0.0000e+00
    550.000    546.157    17.3309   4.695662     0.5247     0.0273     0.0276     -0.684 1.0000e-12    5.39035    7.70335     0.0518     0.0740      2.252    26.4472    26.4245    546.157    17.2373    36.2894 1.0481e-07       10.5 1.0253e-06       0.58 0.0000e+00
    549.000    545.165    17.3315   4.695710     0.5247     0.0297     0.0278     -0.782 1.0000e-12    5.39028    7.70326     0.0523     0.0747      2.275    26.4472    26.4245    545.165    17.2381    36.2896 1.2110e-07       12.1 1.1846e-06       0.62 0.0000e+00
    548.000    544.173    17.3327   4.695804     0.5246     0.0278     0.0275     -0.860 1.0000e-12    5.39015    7.70307     0.0518     0.0740      2.253    26.4469    26.4243    544.173    17.2394    36.2897 1.3198e-07       13.2 1.2910e-06       0.65 0.0000e+00
    547.000    543.182    17.3352   4.696088     0.5246     0.0261     0.0275     -0.606 1.0000e-12    5.38988    7.70267     0.0521     0.0744      2.265    26.4468    26.4242    543.182    17.2421    36.2903 1.3797e-07       13.8 1.3497e-06       0.67 0.0000e+00
    546.000    542.190    17.3366   4.696172     0.5249     0.0297     0.0276     -0.957 1.0000e-12    5.38974    7.70247     0.0527     0.0753      2.294    26.4463    26.4237    542.190    17.2437    36.2902 1.4411e-07       14.4 1.4097e-06       0.68 0.0000e+00
    545.000    541.198    17.3391   4.696507     0.5247     0.0229     0.0286     -0.864 1.0000e-12    5.38944    7.70205     0.0514     0.0734      2.234    26.4464    26.4239    541.198    17.2463    36.2913 1.4151e-07       14.2 1.3843e-06       0.67 0.0000e+00
    544.000    540.207    17.3389   4.696408     0.5246     0.0208     0.0274     -0.748 1.0000e-12    5.38947    7.70210     0.0520     0.0743      2.262    26.4462    26.4238    540.207    17.2463    36.2910 1.2885e-07       12.9 1.2604e-06       0.64 0.0000e+00
    543.000    539.215    17.3392   4.696407     0.5247     0.0288     0.0276     -0.708 1.0000e-12    5.38943    7.70204     0.0517     0.0740      2.252    26.4462    26.4238    539.215    17.2468    36.2911 1.0629e-07       10.6 1.0397e-06       0.58 0.0000e+00
    542.000    538.223    17.3393   4.696386     0.5246     0.0289     0.0282     -0.379 1.0000e-12    5.38942    7.70202     0.0517     0.0739      2.249    26.4462    26.4238    538.223    17.2471    36.2912 8.8289e-08        8.8 8.6365e-07       0.53 0.0000e+00
    541.000    537.231    17.3407   4.696506     0.5246     0.0334     0.0279     -0.990 1.0000e-12    5.38927    7.70181     0.0517     0.0739      2.249    26.4460    26.4236    537.231    17.2486    36.2913 6.6927e-08        6.7 6.5468e-07       0.46 0.0000e+00
    540.000    536.240    17.3415   4.696569     0.5247     0.0286     0.0279     -0.959 1.0000e-12    5.38918    7.70168     0.0523     0.0747      2.274    26.4459    26.4236    536.240    17.2496    36.2916 7.4433e-08        7.4 7.2810e-07       0.49 0.0000e+00
    539.000    535.248    17.3415   4.696526     0.5248     0.0396     0.0280     -0.437 1.0000e-12    5.38918    7.70168     0.0519     0.0742      2.258    26.4458    26.4236    535.248    17.2498    36.2916 6.3677e-08        6.4 6.2289e-07       0.45 0.0000e+00
    538.000    534.256    17.3414   4.696479     0.5248     0.0285     0.0273     -0.968 1.0000e-12    5.38919    7.70170     0.0524     0.0749      2.280    26.4459    26.4237    534.256    17.2498    36.2916 5.5736e-08        5.6 5.4521e-07       0.42 0.0000e+00
    537.000    533.264    17.3418   4.696482     0.5248     0.0198     0.0270     -1.057 1.0000e-12    5.38915    7.70163     0.0519     0.0742      2.258    26.4458    26.4236    533.264    17.2504    36.2917 4.9707e-08        5.0 4.8623e-07       0.40 0.0000e+00
    536.000    532.272    17.3416   4.696427     0.5246     0.0134     0.0268     -0.493 1.0000e-12    5.38916    7.70165     0.0516     0.0738      2.246    26.4458    26.4237    532.273    17.2504    36.2918 5.9127e-08        5.9 5.7838e-07       0.44 0.0000e+00
    535.000    531.281    17.3419   4.696392     0.5248     0.0324     0.0276     -0.853 1.0000e-12    5.38914    7.70162     0.0530     0.0757      2.305    26.4456    26.4235    531.281    17.2509    36.2916 7.2383e-08        7.2 7.0806e-07       0.48 0.0000e+00
    534.000    530.289    17.3418   4.696359     0.5249     0.0311     0.0279     -0.754 1.0000e-12    5.38915    7.70163     0.0521     0.0744      2.267    26.4457    26.4237    530.289    17.2509    36.2917 1.0388e-07       10.4 1.0162e-06       0.58 0.0000e+00
    533.000    529.297    17.3421   4.696366     0.5244     0.0126     0.0270     -0.297 1.0000e-12    5.38910    7.70157     0.0511     0.0731      2.225    26.4457    26.4237    529.297    17.2514    36.2919 1.1216e-07       11.2 1.0971e-06       0.60 0.0000e+00
    532.000    528.305    17.3442   4.696602     0.5246     0.0124     0.0276     -0.809 1.0000e-12    5.38887    7.70123     0.0518     0.0740      2.253    26.4456    26.4236    528.305    17.2537    36.2925 1.2155e-07       12.2 1.1890e-06       0.62 0.0000e+00
    531.000    527.314    17.3472   4.696919     0.5246     0.0274     0.0288     -1.035 1.0000e-12    5.38854    7.70077     0.0519     0.0742      2.260    26.4452    26.4233    527.314    17.2568    36.2929 1.2853e-07       12.9 1.2573e-06       0.64 0.0000e+00
    530.000    526.322    17.3483   4.697038     0.5247     0.0209     0.0288     -0.876 1.0000e-12    5.38842    7.70059     0.0516     0.0738      2.246    26.4452    26.4233    526.322    17.2581    36.2934 1.3829e-07       13.8 1.3527e-06       0.67 0.0000e+00
    529.000    525.330    17.3494   4.697073     0.5246     0.0240     0.0283     -0.861 1.0000e-12    5.38831    7.70044     0.0516     0.0737      2.245    26.4447    26.4228    525.330    17.2594    36.2931 1.4325e-07       14.3 1.4013e-06       0.68 0.0000e+00
    528.000    524.338    17.3492   4.697063     0.5247     0.0216     0.0271     -0.783 1.0000e-12    5.38832    7.70045     0.0520     0.0743      2.263    26.4450    26.4232    524.338    17.2593    36.2935 1.3015e-07       13.0 1.2731e-06       0.65 0.0000e+00
    527.000    523.347    17.3498   4.697078     0.5247     0.0269     0.0300     -0.569 1.0000e-12    5.38825    7.70036     0.0522     0.0746      2.271    26.4448    26.4231    523.347    17.2601    36.2935 1.1065e-07       11.1 1.0824e-06       0.60 0.0000e+00
    526.000    522.355    17.3506   4.697141     0.5247     0.0224     0.0282     -0.828 1.0000e-12    5.38817    7.70023     0.0518     0.0740      2.252    26.4448    26.4230    522.355    17.2611    36.2937 9.1147e-08        9.1 8.9160e-07       0.54 0.0000e+00
    525.000    521.363    17.3523   4.697287     0.5248     0.0276     0.0271     -0.766 1.0000e-12    5.38799    7.69998     0.0518     0.0741      2.255    26.4444    26.4227    521.363    17.2629    36.2938 7.5556e-08        7.6 7.3909e-07       0.49 0.0000e+00
    524.000    520.371    17.3520   4.697221     0.5246    -0.0042     0.0278     -0.403 1.0000e-12    5.38802    7.70001     0.0516     0.0737      2.243    26.4445    26.4229    520.371    17.2628    36.2939 6.3915e-08        6.4 6.2522e-07       0.45 0.0000e+00
    523.000    519.380    17.3527   4.697289     0.5248    -0.0612     0.0278     -0.981 1.0000e-12    5.38793    7.69989     0.0522     0.0746      2.270    26.4446    26.4229    519.379    17.2637    36.2943 8.7116e-08        8.7 8.5217e-07       0.53 0.0000e+00
    522.000    518.388    17.3537   4.697370     0.5246    -0.0986     0.0278     -0.969 1.0000e-12    5.38782    7.69973     0.0514     0.0735      2.237    26.4444    26.4229    518.387    17.2648    36.2945 7.7608e-08        7.8 7.5916e-07       0.50 0.0000e+00
