CTD_data/C216_2_4.cnv
* Sea-Bird SBE 25 Data File:
* FileName = C:\CTD_Data\C216\C216_2_4.hex
* Software Version Seasave V 7.19
* Temperature SN = 4430
* Conductivity SN = 3138
* System UpLoad Time = Nov 07 2014 06:17:28
** Ship: hermano gines
** Station: Car 216
** Operator: Luis medina
** Latitude: 10 29.98
** Longitude: 64 39.76
# nquan = 24                                
# nvalues = 1819                        
# units = specified
# name 0 = prSM: Pressure, Strain Gauge [db]
# name 1 = depSM: Depth [salt water, m], lat = 10.50
# name 2 = t090C: Temperature [ITS-90, deg C]
# name 3 = c0S/m: Conductivity [S/m]
# name 4 = sbeox0V: Oxygen raw, SBE 43 [V]
# name 5 = flECO-AFL: Fluorescence, WET Labs ECO-AFL/FL [mg/m^3]
# name 6 = bat: Beam Attenuation, Chelsea/Seatech [1/m]
# name 7 = dz/dtM: Descent Rate [m/s]
# name 8 = par: PAR/Irradiance, Biospherical/Licor
# name 9 = oxsatML/L: Oxygen Saturation, Weiss [ml/l]
# name 10 = oxsatMg/L: Oxygen Saturation, Weiss [mg/l]
# name 11 = sbeox0ML/L: Oxygen, SBE 43 [ml/l], WS = 2
# name 12 = sbeox0Mg/L: Oxygen, SBE 43 [mg/l], WS = 2
# name 13 = sbeox0Mm/Kg: Oxygen, SBE 43 [umol/kg], WS = 2
# name 14 = sigma-é00: Density [sigma-theta, kg/m^3]
# name 15 = sigma-t00: Density [sigma-t, kg/m^3 ]
# name 16 = depSM: Depth [salt water, m], lat = 10.5
# name 17 = potemp090C: Potential Temperature [ITS-90, deg C]
# name 18 = sal00: Salinity, Practical [PSU]
# name 19 = E: stability, E [rad^2/m]
# name 20 = E10^-8: stability, E [10^-8 rad^2/m]
# name 21 = N^2: buoyancy frequency, N^2 [rad^2/s^2]
# name 22 = N: buoyancy frequency, N [cycles/h]
# name 23 = flag: flag
# span 0 =      0.000,    909.000       
# span 1 =      0.001,    901.871       
# span 2 =    17.2612,    27.3593       
# span 3 =   4.694159,   5.786830       
# span 4 =     0.5242,     2.7141       
# span 5 =    -2.2894,    15.8341       
# span 6 =     0.0351,     0.2093       
# span 7 =     -1.456,      1.353       
# span 8 = 1.0000e-12, 1.0000e-12       
# span 9 =    4.50096,    5.39840       
# span 10 =    6.43232,    7.71486      
# span 11 =     0.0489,     3.7540      
# span 12 =     0.0699,     5.3649      
# span 13 =      2.130,    163.759      
# span 14 =    23.7909,    26.4585      
# span 15 =    23.7909,    26.4260      
# span 16 =      0.000,    901.872      
# span 17 =    17.1086,    27.3592      
# span 18 =    36.2633,    36.8906      
# span 19 = -1.346e-07, 7.0716e-05      
# span 20 =      -13.5,     7071.6      
# span 21 = -1.317e-06, 6.9175e-04      
# span 22 =      -0.66,      15.07      
# span 23 = 0.0000e+00, 0.0000e+00      
# interval = decibars: 1                
# start_time = Nov 07 2014 06:17:28 [System UpLoad Time]
# bad_flag = -9.990e-29
*END*
[from data line 785]
    785.000    779.075    17.2628   4.696397     0.5250     0.0378     0.0391      0.872 1.0000e-12    5.39813    7.71446     0.0537     0.0767      2.335    26.4569    26.4245    779.076    17.1289    36.2679 1.8261e-08        1.8 1.7863e-07       0.24 0.0000e+00
    786.000    780.066    17.2627   4.696412     0.5247     0.0280     0.0383      0.703 1.0000e-12    5.39815    7.71450     0.0534     0.0763      2.324    26.4568    26.4244    780.066    17.1286    36.2677 1.2589e-08        1.3 1.2314e-07       0.20 0.0000e+00
    787.000    781.057    17.2626   4.696438     0.5247     0.0334     0.0374      0.990 1.0000e-12    5.39816    7.71451     0.0543     0.0776      2.364    26.4569    26.4244    781.057    17.1283    36.2677 2.7943e-08        2.8 2.7334e-07       0.30 0.0000e+00
    788.000    782.047    17.2625   4.696455     0.5251     0.0303     0.0369      0.810 1.0000e-12    5.39818    7.71453     0.0547     0.0781      2.378    26.4568    26.4243    782.047    17.1280    36.2676 1.9797e-08        2.0 1.9365e-07       0.25 0.0000e+00
    789.000    783.038    17.2625   4.696509     0.5248     0.0304     0.0371      0.635 1.0000e-12    5.39817    7.71452     0.0544     0.0777      2.365    26.4569    26.4244    783.038    17.1279    36.2676 2.3447e-08        2.3 2.2936e-07       0.27 0.0000e+00
    790.000    784.028    17.2624   4.696530     0.5250     0.0289     0.0368      0.825 1.0000e-12    5.39819    7.71455     0.0536     0.0766      2.332    26.4569    26.4244    784.028    17.1276    36.2675 2.6441e-08        2.6 2.5865e-07       0.29 0.0000e+00
    791.000    785.019    17.2623   4.696537     0.5245     0.0344     0.0379      0.974 1.0000e-12    5.39820    7.71458     0.0526     0.0751      2.287    26.4568    26.4242    785.019    17.1273    36.2673 2.6714e-08        2.7 2.6132e-07       0.29 0.0000e+00
    792.000    786.010    17.2620   4.696584     0.5248     0.0283     0.0373      1.038 1.0000e-12    5.39822    7.71460     0.0542     0.0775      2.360    26.4572    26.4245    786.010    17.1268    36.2676 2.3361e-08        2.3 2.2852e-07       0.27 0.0000e+00
    793.000    787.000    17.2621   4.696605     0.5249     0.0230     0.0375      0.831 1.0000e-12    5.39823    7.71460     0.0542     0.0774      2.357    26.4570    26.4243    787.000    17.1268    36.2673 1.6608e-08        1.7 1.6246e-07       0.23 0.0000e+00
    794.000    787.991    17.2622   4.696663     0.5247     0.0183     0.0375      0.712 1.0000e-12    5.39821    7.71458     0.0538     0.0768      2.340    26.4570    26.4243    787.991    17.1267    36.2674 1.6412e-08        1.6 1.6055e-07       0.23 0.0000e+00
    795.000    788.981    17.2624   4.696745     0.5249     0.0280     0.0368      0.728 1.0000e-12    5.39819    7.71455     0.0542     0.0775      2.359    26.4571    26.4243    788.981    17.1267    36.2675 1.4855e-08        1.5 1.4531e-07       0.22 0.0000e+00
    796.000    789.972    17.2627   4.696799     0.5249     0.0310     0.0372      0.912 1.0000e-12    5.39816    7.71451     0.0544     0.0778      2.368    26.4570    26.4241    789.972    17.1268    36.2674 1.4414e-08        1.4 1.4100e-07       0.22 0.0000e+00
    797.000    790.962    17.2627   4.696849     0.5251     0.0305     0.0370      1.085 1.0000e-12    5.39816    7.71450     0.0550     0.0786      2.393    26.4571    26.4242    790.962    17.1267    36.2674 5.8369e-09        0.6 5.7097e-08       0.14 0.0000e+00
    798.000    791.953    17.2627   4.696864     0.5248     0.0376     0.0366      0.851 1.0000e-12    5.39817    7.71452     0.0527     0.0754      2.294    26.4569    26.4240    791.953    17.1265    36.2672 1.2837e-08        1.3 1.2557e-07       0.20 0.0000e+00
    799.000    792.943    17.2628   4.696946     0.5246     0.0309     0.0372      0.726 1.0000e-12    5.39815    7.71449     0.0542     0.0775      2.359    26.4571    26.4242    792.943    17.1264    36.2674 7.6199e-09        0.8 7.4538e-08       0.16 0.0000e+00
    800.000    793.934    17.2628   4.696976     0.5251     0.0268     0.0371      0.980 1.0000e-12    5.39815    7.71450     0.0557     0.0796      2.422    26.4571    26.4241    793.934    17.1262    36.2673 2.6379e-09        0.3 2.5804e-08       0.09 0.0000e+00
    801.000    794.925    17.2627   4.697008     0.5251     0.0315     0.0377      0.749 1.0000e-12    5.39816    7.71451     0.0537     0.0767      2.334    26.4571    26.4241    794.924    17.1260    36.2673 3.7656e-09        0.4 3.6836e-08       0.11 0.0000e+00
    802.000    795.915    17.2630   4.697083     0.5248     0.0280     0.0373      0.842 1.0000e-12    5.39813    7.71447     0.0538     0.0768      2.339    26.4571    26.4240    795.915    17.1261    36.2673 6.2559e-09        0.6 6.1196e-08       0.14 0.0000e+00
    803.000    796.905    17.2629   4.697105     0.5249     0.0351     0.0368      0.970 1.0000e-12    5.39814    7.71448     0.0548     0.0784      2.386    26.4571    26.4240    796.905    17.1258    36.2672 3.5461e-09        0.4 3.4688e-08       0.11 0.0000e+00
    804.000    797.896    17.2629   4.697128     0.5249     0.0357     0.0377      0.880 1.0000e-12    5.39815    7.71450     0.0540     0.0771      2.348    26.4570    26.4239    797.896    17.1257    36.2671 2.6467e-09        0.3 2.5890e-08       0.09 0.0000e+00
    805.000    798.886    17.2631   4.697183     0.5251     0.0283     0.0369      0.413 1.0000e-12    5.39813    7.71447     0.0554     0.0792      2.410    26.4570    26.4237    798.886    17.1257    36.2670 1.3735e-08        1.4 1.3436e-07       0.21 0.0000e+00
    806.000    799.877    17.2631   4.697233     0.5250     0.0391     0.0373      0.837 1.0000e-12    5.39813    7.71447     0.0545     0.0779      2.371    26.4570    26.4238    799.877    17.1255    36.2670 1.6225e-08        1.6 1.5872e-07       0.23 0.0000e+00
    807.000    800.868    17.2630   4.697274     0.5251     0.0311     0.0381      0.994 1.0000e-12    5.39814    7.71448     0.0547     0.0782      2.380    26.4572    26.4239    800.867    17.1252    36.2671 2.0738e-08        2.1 2.0286e-07       0.26 0.0000e+00
    808.000    801.858    17.2631   4.697302     0.5248     0.0268     0.0368      0.552 1.0000e-12    5.39813    7.71447     0.0532     0.0760      2.314    26.4570    26.4237    801.858    17.1252    36.2669 2.1419e-08        2.1 2.0952e-07       0.26 0.0000e+00
    809.000    802.848    17.2632   4.697378     0.5247     0.0321     0.0367      0.762 1.0000e-12    5.39812    7.71445     0.0545     0.0779      2.372    26.4572    26.4238    802.848    17.1251    36.2671 1.9606e-08        2.0 1.9178e-07       0.25 0.0000e+00
    810.000    803.839    17.2632   4.697437     0.5251     0.0258     0.0374      0.928 1.0000e-12    5.39811    7.71444     0.0551     0.0787      2.396    26.4573    26.4239    803.839    17.1249    36.2672 2.5477e-08        2.5 2.4921e-07       0.29 0.0000e+00
    811.000    804.829    17.2632   4.697460     0.5250     0.0265     0.0371      0.883 1.0000e-12    5.39812    7.71445     0.0543     0.0777      2.365    26.4572    26.4238    804.829    17.1247    36.2670 2.0497e-08        2.0 2.0050e-07       0.26 0.0000e+00
    812.000    805.820    17.2631   4.697474     0.5247     0.0365     0.0382      0.835 1.0000e-12    5.39813    7.71447     0.0540     0.0772      2.349    26.4572    26.4237    805.820    17.1245    36.2669 1.8229e-08        1.8 1.7832e-07       0.24 0.0000e+00
    813.000    806.810    17.2631   4.697506     0.5250     0.0317     0.0372      0.950 1.0000e-12    5.39814    7.71448     0.0546     0.0779      2.373    26.4571    26.4236    806.810    17.1243    36.2668 2.7228e-08        2.7 2.6635e-07       0.30 0.0000e+00
    814.000    807.801    17.2631   4.697536     0.5249     0.0334     0.0370      0.883 1.0000e-12    5.39814    7.71449     0.0537     0.0768      2.337    26.4571    26.4235    807.801    17.1241    36.2667 2.5848e-08        2.6 2.5284e-07       0.29 0.0000e+00
    815.000    808.792    17.2630   4.697595     0.5248     0.0256     0.0376      0.551 1.0000e-12    5.39814    7.71449     0.0549     0.0784      2.387    26.4573    26.4237    808.791    17.1238    36.2669 2.9226e-08        2.9 2.8589e-07       0.31 0.0000e+00
    816.000    809.781    17.2629   4.697605     0.5251     0.0330     0.0375      0.810 1.0000e-12    5.39816    7.71451     0.0551     0.0788      2.398    26.4573    26.4236    809.781    17.1236    36.2667 3.6241e-08        3.6 3.5451e-07       0.34 0.0000e+00
    817.000    810.772    17.2628   4.697638     0.5252     0.0424     0.0372      0.713 1.0000e-12    5.39817    7.71453     0.0550     0.0785      2.392    26.4573    26.4236    810.772    17.1233    36.2667 3.8062e-08        3.8 3.7232e-07       0.35 0.0000e+00
    818.000    811.762    17.2618   4.697550     0.5250     0.0386     0.0376      0.710 1.0000e-12    5.39828    7.71468     0.0541     0.0773      2.354    26.4574    26.4237    811.762    17.1221    36.2665 3.6479e-08        3.6 3.5684e-07       0.34 0.0000e+00
    819.000    812.752    17.2620   4.697614     0.5250     0.0336     0.0377      0.673 1.0000e-12    5.39827    7.71466     0.0543     0.0776      2.362    26.4574    26.4236    812.753    17.1221    36.2665 2.7900e-08        2.8 2.7292e-07       0.30 0.0000e+00
    820.000    813.743    17.2619   4.697640     0.5245     0.0340     0.0378      0.887 1.0000e-12    5.39827    7.71467     0.0533     0.0762      2.319    26.4574    26.4236    813.743    17.1219    36.2664 1.7068e-08        1.7 1.6696e-07       0.23 0.0000e+00
    821.000    814.733    17.2621   4.697698     0.5250     0.0274     0.0368      0.800 1.0000e-12    5.39826    7.71465     0.0555     0.0794      2.416    26.4574    26.4235    814.734    17.1219    36.2664 1.1201e-08        1.1 1.0957e-07       0.19 0.0000e+00
    822.000    815.724    17.2621   4.697740     0.5249     0.0273     0.0371      0.845 1.0000e-12    5.39825    7.71464     0.0538     0.0769      2.342    26.4574    26.4235    815.724    17.1217    36.2664 2.4005e-09        0.2 2.3482e-08       0.09 0.0000e+00
    823.000    816.715    17.2617   4.697727     0.5248     0.0282     0.0369      0.828 1.0000e-12    5.39830    7.71471     0.0535     0.0764      2.327    26.4575    26.4235    816.714    17.1212    36.2662 -5.939e-11       -0.0 -5.810e-10      -0.01 0.0000e+00
    824.000    817.705    17.2618   4.697766     0.5247     0.0255     0.0372      0.774 1.0000e-12    5.39829    7.71470     0.0545     0.0778      2.370    26.4574    26.4234    817.705    17.1211    36.2661 1.9742e-09        0.2 1.9312e-08       0.08 0.0000e+00
    825.000    818.695    17.2618   4.697809     0.5251     0.0331     0.0380      0.934 1.0000e-12    5.39830    7.71471     0.0556     0.0795      2.419    26.4574    26.4234    818.695    17.1209    36.2661 9.8935e-09        1.0 9.6779e-08       0.18 0.0000e+00
    826.000    819.686    17.2614   4.697782     0.5248     0.0375     0.0372      1.077 1.0000e-12    5.39835    7.71478     0.0539     0.0769      2.342    26.4574    26.4233    819.686    17.1203    36.2658 9.9012e-09        1.0 9.6854e-08       0.18 0.0000e+00
    827.000    820.677    17.2614   4.697815     0.5249     0.0311     0.0375      0.654 1.0000e-12    5.39835    7.71478     0.0545     0.0779      2.371    26.4574    26.4232    820.676    17.1202    36.2658 1.4432e-08        1.4 1.4117e-07       0.22 0.0000e+00
    828.000    821.667    17.2615   4.697879     0.5250     0.0336     0.0378      0.864 1.0000e-12    5.39834    7.71476     0.0549     0.0785      2.390    26.4574    26.4233    821.666    17.1201    36.2659 1.7161e-08        1.7 1.6787e-07       0.23 0.0000e+00
    829.000    822.657    17.2615   4.697915     0.5250     0.0355     0.0379      1.001 1.0000e-12    5.39833    7.71476     0.0548     0.0783      2.386    26.4574    26.4232    822.657    17.1199    36.2658 2.1913e-08        2.2 2.1435e-07       0.27 0.0000e+00
    830.000    823.647    17.2614   4.697959     0.5247     0.0349     0.0379      0.817 1.0000e-12    5.39835    7.71478     0.0534     0.0763      2.324    26.4576    26.4233    823.647    17.1196    36.2659 2.3056e-08        2.3 2.2553e-07       0.27 0.0000e+00
    831.000    824.638    17.2615   4.697992     0.5250     0.0220     0.0382      0.694 1.0000e-12    5.39834    7.71476     0.0561     0.0802      2.440    26.4575    26.4232    824.638    17.1196    36.2657 2.9854e-08        3.0 2.9204e-07       0.31 0.0000e+00
    832.000    825.628    17.2612   4.698007     0.5253     0.0365     0.0375      0.770 1.0000e-12    5.39837    7.71481     0.0555     0.0793      2.416    26.4576    26.4233    825.628    17.1191    36.2657 2.3530e-08        2.4 2.3017e-07       0.27 0.0000e+00
    833.000    826.618    17.2613   4.698045     0.5252     0.0304     0.0365      0.524 1.0000e-12    5.39837    7.71480     0.0545     0.0780      2.373    26.4575    26.4231    826.618    17.1190    36.2656 2.3768e-08        2.4 2.3250e-07       0.28 0.0000e+00
    834.000    827.608    17.2612   4.698076     0.5250     0.0241     0.0382      0.715 1.0000e-12    5.39838    7.71482     0.0541     0.0773      2.352    26.4576    26.4231    827.609    17.1187    36.2656 1.6556e-08        1.7 1.6195e-07       0.23 0.0000e+00
    835.000    828.599    17.2613   4.698131     0.5247     0.0278     0.0379      1.113 1.0000e-12    5.39836    7.71480     0.0534     0.0763      2.325    26.4576    26.4231    828.599    17.1187    36.2656 5.7225e-09        0.6 5.5978e-08       0.14 0.0000e+00
    836.000    829.589    17.2613   4.698186     0.5249     0.0289     0.0378      0.975 1.0000e-12    5.39836    7.71480     0.0549     0.0785      2.389    26.4577    26.4232    829.589    17.1185    36.2657 3.0326e-09        0.3 2.9665e-08       0.10 0.0000e+00
    837.000    830.579    17.2614   4.698219     0.5250     0.0256     0.0372      0.744 1.0000e-12    5.39836    7.71479     0.0548     0.0783      2.386    26.4576    26.4231    830.580    17.1184    36.2655 -1.097e-08       -1.1 -1.073e-07      -0.19 0.0000e+00
    838.000    831.570    17.2616   4.698296     0.5249     0.0299     0.0371      0.712 1.0000e-12    5.39833    7.71475     0.0545     0.0779      2.371    26.4577    26.4231    831.570    17.1184    36.2657 -1.164e-08       -1.2 -1.139e-07      -0.19 0.0000e+00
    839.000    832.560    17.2620   4.698364     0.5250     0.0289     0.0372      0.870 1.0000e-12    5.39829    7.71470     0.0546     0.0781      2.377    26.4575    26.4229    832.560    17.1187    36.2655 -1.322e-08       -1.3 -1.294e-07      -0.21 0.0000e+00
    840.000    833.551    17.2620   4.698391     0.5250     0.0332     0.0378      1.147 1.0000e-12    5.39830    7.71471     0.0546     0.0780      2.374    26.4575    26.4228    833.551    17.1185    36.2654 -8.713e-09       -0.9 -8.523e-08      -0.17 0.0000e+00
    841.000    834.541    17.2624   4.698484     0.5251     0.0400     0.0377      0.217 1.0000e-12    5.39826    7.71465     0.0547     0.0782      2.379    26.4575    26.4227    834.541    17.1187    36.2655 -7.593e-09       -0.8 -7.428e-08      -0.16 0.0000e+00
    842.000    835.531    17.2624   4.698514     0.5245     0.0364     0.0378      0.749 1.0000e-12    5.39826    7.71465     0.0536     0.0765      2.331    26.4574    26.4227    835.531    17.1185    36.2653 7.7659e-09        0.8 7.5966e-08       0.16 0.0000e+00
    843.000    836.522    17.2623   4.698557     0.5251     0.0362     0.0372      1.304 1.0000e-12    5.39826    7.71465     0.0561     0.0802      2.442    26.4576    26.4228    836.522    17.1183    36.2654 9.7894e-09        1.0 9.5761e-08       0.18 0.0000e+00
    844.000    837.512    17.2620   4.698555     0.5250     0.0382     0.0373      1.189 1.0000e-12    5.39830    7.71471     0.0547     0.0782      2.380    26.4576    26.4227    837.512    17.1178    36.2653 2.1314e-08        2.1 2.0849e-07       0.26 0.0000e+00
