CTD_data/C216_2_1.cnv
* Sea-Bird SBE 25 Data File:
* FileName = C:\CTD_Data\C216\C216_2_1.hex
* Software Version Seasave V 7.19
* Temperature SN = 4430
* Conductivity SN = 3138
* System UpLoad Time = Nov 05 2014 15:38:05
** Ship: Hermano gines
** Station: cariaco 216
** Operator: Luis medina
** Latitude: 10  29.91 N
** Longitude: 64 40.05
** perfil baterias
# nquan = 24                                
# nvalues = 1816                        
# units = specified
# name 0 = prSM: Pressure, Strain Gauge [db]
# name 1 = depSM: Depth [salt water, m], lat = 10.50
# name 2 = t090C: Temperature [ITS-90, deg C]
# name 3 = c0S/m: Conductivity [S/m]
# name 4 = sbeox0V: Oxygen raw, SBE 43 [V]
# name 5 = flECO-AFL: Fluorescence, WET Labs ECO-AFL/FL [mg/m^3]
# name 6 = bat: Beam Attenuation, Chelsea/Seatech [1/m]
# name 7 = dz/dtM: Descent Rate [m/s]
# name 8 = par: PAR/Irradiance, Biospherical/Licor
# name 9 = oxsatML/L: Oxygen Saturation, Weiss [ml/l]
# name 10 = oxsatMg/L: Oxygen Saturation, Weiss [mg/l]
# name 11 = sbeox0ML/L: Oxygen, SBE 43 [ml/l], WS = 2
# name 12 = sbeox0Mg/L: Oxygen, SBE 43 [mg/l], WS = 2
# name 13 = sbeox0Mm/Kg: Oxygen, SBE 43 [umol/kg], WS = 2
# name 14 = sigma-é00: Density [sigma-theta, kg/m^3]
# name 15 = sigma-t00: Density [sigma-t, kg/m^3 ]
# name 16 = depSM: Depth [salt water, m], lat = 10.5
# name 17 = potemp090C: Potential Temperature [ITS-90, deg C]
# name 18 = sal00: Salinity, Practical [PSU]
# name 19 = E: stability, E [rad^2/m]
# name 20 = E10^-8: stability, E [10^-8 rad^2/m]
# name 21 = N^2: buoyancy frequency, N^2 [rad^2/s^2]
# name 22 = N: buoyancy frequency, N [cycles/h]
# name 23 = flag: flag
# span 0 =      0.000,    908.000       
# span 1 =     -0.001,    900.882       
# span 2 =    17.2542,    27.6499       
# span 3 =   4.692383,   5.836064       
# span 4 =     0.5241,     2.6629       
# span 5 =    -0.1192,     1.2371       
# span 6 =     0.0305,     0.4849       
# span 7 =     -1.322,      1.269       
# span 8 = 1.0000e-12, 1.0000e-12       
# span 9 =    4.47803,    5.39915       
# span 10 =    6.39955,    7.71593      
# span 11 =     0.0490,     3.7222      
# span 12 =     0.0701,     5.3195      
# span 13 =      2.134,    162.279      
# span 14 =    23.7932,    26.4587      
# span 15 =    23.7932,    26.4270      
# span 16 =      0.000,    900.882      
# span 17 =    17.1022,    27.6494      
# span 18 =    36.2614,    36.8964      
# span 19 = -1.644e-08, 4.7471e-05      
# span 20 =       -1.6,     4747.1      
# span 21 = -1.608e-07, 4.6436e-04      
# span 22 =      -0.23,      12.35      
# span 23 = 0.0000e+00, 0.0000e+00      
# interval = decibars: 1                
# start_time = Nov 05 2014 15:38:05 [System UpLoad Time]
# bad_flag = -9.990e-29
*END*
[from data line 1027]
    788.000    782.047    17.2564   4.695594     0.5244     0.0304     0.0333     -0.761 1.0000e-12    5.39888    7.71554     0.0526     0.0752      2.291    26.4567    26.4243    782.047    17.1220    36.2655 8.9723e-10        0.1 8.7768e-09       0.05 0.0000e+00
    787.000    781.057    17.2560   4.695533     0.5244     0.0352     0.0332     -0.733 1.0000e-12    5.39891    7.71558     0.0529     0.0756      2.303    26.4569    26.4245    781.057    17.1217    36.2657 4.0639e-09        0.4 3.9753e-08       0.11 0.0000e+00
    786.000    780.066    17.2564   4.695538     0.5244     0.0362     0.0335     -0.679 1.0000e-12    5.39887    7.71552     0.0529     0.0756      2.303    26.4569    26.4245    780.066    17.1223    36.2658 1.1443e-09        0.1 1.1193e-08       0.06 0.0000e+00
    785.000    779.076    17.2564   4.695477     0.5244     0.0236     0.0335     -0.833 1.0000e-12    5.39887    7.71553     0.0529     0.0756      2.302    26.4567    26.4243    779.076    17.1225    36.2656 1.0847e-08        1.1 1.0611e-07       0.19 0.0000e+00
    784.000    778.085    17.2563   4.695464     0.5247     0.0150     0.0334     -0.702 1.0000e-12    5.39887    7.71552     0.0544     0.0777      2.366    26.4569    26.4246    778.085    17.1226    36.2660 8.5631e-09        0.9 8.3765e-08       0.17 0.0000e+00
    783.000    777.094    17.2562   4.695398     0.5245     0.0055     0.0339     -0.426 1.0000e-12    5.39889    7.71555     0.0527     0.0753      2.291    26.4568    26.4246    777.094    17.1226    36.2659 -4.888e-10       -0.0 -4.782e-09      -0.04 0.0000e+00
    782.000    776.104    17.2564   4.695386     0.5244     0.0267     0.0344     -0.580 1.0000e-12    5.39886    7.71552     0.0527     0.0752      2.290    26.4568    26.4246    776.104    17.1230    36.2660 8.9550e-09        0.9 8.7598e-08       0.17 0.0000e+00
    781.000    775.113    17.2560   4.695319     0.5245     0.0274     0.0344     -0.665 1.0000e-12    5.39890    7.71556     0.0533     0.0762      2.320    26.4570    26.4248    775.113    17.1228    36.2661 9.3884e-09        0.9 9.1838e-08       0.17 0.0000e+00
    780.000    774.123    17.2565   4.695307     0.5244     0.0245     0.0339     -0.632 1.0000e-12    5.39885    7.71550     0.0526     0.0752      2.289    26.4567    26.4245    774.123    17.1235    36.2659 1.2280e-08        1.2 1.2013e-07       0.20 0.0000e+00
    779.000    773.132    17.2565   4.695298     0.5243     0.0309     0.0342     -0.746 1.0000e-12    5.39884    7.71548     0.0525     0.0750      2.283    26.4569    26.4248    773.132    17.1236    36.2662 1.8130e-08        1.8 1.7735e-07       0.24 0.0000e+00
    778.000    772.141    17.2566   4.695272     0.5243     0.0339     0.0341     -0.502 1.0000e-12    5.39883    7.71547     0.0526     0.0752      2.291    26.4569    26.4248    772.141    17.1239    36.2663 1.7650e-08        1.8 1.7266e-07       0.24 0.0000e+00
    777.000    771.151    17.2571   4.695289     0.5245     0.0322     0.0338     -0.680 1.0000e-12    5.39877    7.71539     0.0535     0.0765      2.328    26.4568    26.4247    771.151    17.1246    36.2664 2.9422e-08        2.9 2.8780e-07       0.31 0.0000e+00
    776.000    770.160    17.2571   4.695248     0.5245     0.0317     0.0340     -0.378 1.0000e-12    5.39878    7.71539     0.0531     0.0759      2.311    26.4567    26.4247    770.160    17.1247    36.2664 3.0106e-08        3.0 2.9449e-07       0.31 0.0000e+00
    775.000    769.170    17.2573   4.695236     0.5245     0.0298     0.0344     -0.613 1.0000e-12    5.39875    7.71535     0.0532     0.0760      2.313    26.4567    26.4248    769.169    17.1251    36.2665 2.1325e-08        2.1 2.0860e-07       0.26 0.0000e+00
    774.000    768.179    17.2572   4.695203     0.5245     0.0279     0.0334     -0.440 1.0000e-12    5.39876    7.71536     0.0529     0.0756      2.301    26.4568    26.4249    768.179    17.1252    36.2667 3.0833e-08        3.1 3.0161e-07       0.31 0.0000e+00
    773.000    767.188    17.2574   4.695172     0.5245     0.0299     0.0348     -0.567 1.0000e-12    5.39874    7.71534     0.0531     0.0759      2.311    26.4567    26.4248    767.188    17.1256    36.2666 2.6789e-08        2.7 2.6205e-07       0.29 0.0000e+00
    772.000    766.197    17.2572   4.695081     0.5244     0.0356     0.0343     -0.608 1.0000e-12    5.39877    7.71538     0.0526     0.0752      2.291    26.4565    26.4247    766.197    17.1255    36.2663 2.5443e-08        2.5 2.4889e-07       0.29 0.0000e+00
    771.000    765.207    17.2572   4.695071     0.5244     0.0311     0.0344     -0.620 1.0000e-12    5.39876    7.71537     0.0528     0.0755      2.298    26.4567    26.4249    765.207    17.1257    36.2666 2.0924e-08        2.1 2.0468e-07       0.26 0.0000e+00
    770.000    764.216    17.2573   4.695051     0.5244     0.0270     0.0333     -0.383 1.0000e-12    5.39874    7.71534     0.0524     0.0749      2.281    26.4567    26.4250    764.216    17.1260    36.2667 2.0249e-08        2.0 1.9808e-07       0.25 0.0000e+00
    769.000    763.225    17.2575   4.695028     0.5242     0.0363     0.0338     -0.698 1.0000e-12    5.39872    7.71531     0.0527     0.0753      2.292    26.4566    26.4249    763.226    17.1264    36.2667 1.6176e-08        1.6 1.5823e-07       0.23 0.0000e+00
    768.000    762.235    17.2574   4.694982     0.5245     0.0304     0.0337     -0.677 1.0000e-12    5.39873    7.71533     0.0533     0.0761      2.317    26.4566    26.4250    762.235    17.1264    36.2668 2.3845e-09        0.2 2.3326e-08       0.09 0.0000e+00
    767.000    761.244    17.2577   4.694967     0.5244     0.0347     0.0332     -0.455 1.0000e-12    5.39870    7.71528     0.0526     0.0752      2.290    26.4565    26.4249    761.244    17.1269    36.2668 6.6635e-09        0.7 6.5183e-08       0.15 0.0000e+00
    766.000    760.253    17.2574   4.694906     0.5244     0.0277     0.0335     -0.573 1.0000e-12    5.39872    7.71532     0.0529     0.0756      2.303    26.4566    26.4251    760.254    17.1268    36.2669 1.6385e-08        1.6 1.6028e-07       0.23 0.0000e+00
    765.000    759.263    17.2575   4.694871     0.5246     0.0329     0.0336     -0.620 1.0000e-12    5.39872    7.71530     0.0536     0.0765      2.330    26.4565    26.4250    759.263    17.1271    36.2669 2.0466e-08        2.0 2.0020e-07       0.26 0.0000e+00
    764.000    758.272    17.2574   4.694836     0.5245     0.0350     0.0340     -0.563 1.0000e-12    5.39872    7.71531     0.0531     0.0759      2.310    26.4567    26.4252    758.272    17.1271    36.2670 3.4944e-08        3.5 3.4182e-07       0.33 0.0000e+00
    763.000    757.282    17.2574   4.694795     0.5246     0.0356     0.0337     -0.471 1.0000e-12    5.39872    7.71532     0.0529     0.0756      2.302    26.4566    26.4252    757.281    17.1273    36.2671 3.8791e-08        3.9 3.7945e-07       0.35 0.0000e+00
    762.000    756.291    17.2576   4.694758     0.5245     0.0313     0.0333     -0.727 1.0000e-12    5.39871    7.71529     0.0530     0.0758      2.308    26.4564    26.4250    756.291    17.1277    36.2669 3.3590e-08        3.4 3.2858e-07       0.33 0.0000e+00
    761.000    755.300    17.2577   4.694741     0.5246     0.0296     0.0341     -0.870 1.0000e-12    5.39869    7.71526     0.0536     0.0766      2.331    26.4565    26.4251    755.300    17.1279    36.2671 2.9059e-08        2.9 2.8425e-07       0.31 0.0000e+00
    760.000    754.310    17.2576   4.694683     0.5244     0.0335     0.0335     -0.352 1.0000e-12    5.39870    7.71529     0.0525     0.0750      2.283    26.4564    26.4251    754.309    17.1280    36.2670 2.0455e-08        2.0 2.0009e-07       0.26 0.0000e+00
    759.000    753.319    17.2577   4.694608     0.5246     0.0335     0.0333     -0.530 1.0000e-12    5.39871    7.71529     0.0531     0.0759      2.310    26.4561    26.4248    753.319    17.1283    36.2667 2.0459e-08        2.0 2.0013e-07       0.26 0.0000e+00
    758.000    752.328    17.2575   4.694585     0.5246     0.0372     0.0337     -1.000 1.0000e-12    5.39871    7.71530     0.0533     0.0761      2.317    26.4564    26.4251    752.328    17.1283    36.2670 1.5933e-08        1.6 1.5585e-07       0.23 0.0000e+00
    757.000    751.337    17.2576   4.694567     0.5244     0.0397     0.0344     -1.168 1.0000e-12    5.39870    7.71528     0.0522     0.0746      2.273    26.4564    26.4252    751.337    17.1285    36.2672 -3.386e-10       -0.0 -3.313e-09      -0.03 0.0000e+00
    756.000    750.346    17.2574   4.694522     0.5243     0.0347     0.0339     -0.457 1.0000e-12    5.39871    7.71530     0.0528     0.0755      2.298    26.4565    26.4254    750.346    17.1285    36.2673 -6.672e-09       -0.7 -6.527e-08      -0.15 0.0000e+00
    755.000    749.356    17.2577   4.694519     0.5248     0.0332     0.0341     -0.539 1.0000e-12    5.39868    7.71525     0.0545     0.0779      2.372    26.4565    26.4254    749.356    17.1290    36.2674 -1.029e-08       -1.0 -1.006e-07      -0.18 0.0000e+00
    754.000    748.365    17.2575   4.694435     0.5244     0.0399     0.0342     -0.853 1.0000e-12    5.39871    7.71529     0.0518     0.0740      2.253    26.4563    26.4253    748.365    17.1290    36.2672 -9.387e-09       -0.9 -9.183e-08      -0.17 0.0000e+00
    753.000    747.374    17.2577   4.694427     0.5244     0.0288     0.0339     -0.819 1.0000e-12    5.39868    7.71526     0.0527     0.0753      2.291    26.4564    26.4253    747.374    17.1293    36.2673 7.5484e-09        0.8 7.3838e-08       0.16 0.0000e+00
    752.000    746.384    17.2575   4.694383     0.5244     0.0251     0.0334     -0.490 1.0000e-12    5.39870    7.71528     0.0528     0.0754      2.297    26.4565    26.4255    746.384    17.1293    36.2675 1.3433e-08        1.3 1.3140e-07       0.21 0.0000e+00
    751.000    745.393    17.2575   4.694354     0.5245     0.0248     0.0332     -0.588 1.0000e-12    5.39869    7.71527     0.0538     0.0768      2.339    26.4565    26.4256    745.393    17.1295    36.2676 2.1085e-08        2.1 2.0625e-07       0.26 0.0000e+00
    750.000    744.402    17.2573   4.694266     0.5246     0.0263     0.0336     -0.880 1.0000e-12    5.39872    7.71531     0.0528     0.0755      2.298    26.4564    26.4255    744.402    17.1295    36.2674 2.1739e-08        2.2 2.1265e-07       0.26 0.0000e+00
    749.000    743.411    17.2575   4.694247     0.5246    -0.0021     0.0343     -0.560 1.0000e-12    5.39870    7.71528     0.0535     0.0765      2.328    26.4563    26.4255    743.411    17.1298    36.2675 2.2557e-08        2.3 2.2065e-07       0.27 0.0000e+00
    748.000    742.421    17.2577   4.694237     0.5245    -0.0703     0.0345     -0.669 1.0000e-12    5.39867    7.71524     0.0522     0.0746      2.272    26.4563    26.4255    742.421    17.1302    36.2676 3.0422e-08        3.0 2.9758e-07       0.31 0.0000e+00
    747.000    741.430    17.2575   4.694175     0.5243     0.0120     0.0338     -0.516 1.0000e-12    5.39869    7.71527     0.0526     0.0751      2.287    26.4563    26.4256    741.430    17.1302    36.2676 3.3748e-08        3.4 3.3012e-07       0.33 0.0000e+00
    746.000    740.439    17.2579   4.694173     0.5244     0.0027     0.0331     -0.638 1.0000e-12    5.39866    7.71522     0.0529     0.0755      2.299    26.4562    26.4255    740.439    17.1307    36.2676 3.9748e-08        4.0 3.8882e-07       0.36 0.0000e+00
    745.000    739.448    17.2580   4.694152     0.5246     0.0282     0.0336     -0.654 1.0000e-12    5.39864    7.71520     0.0533     0.0762      2.319    26.4562    26.4255    739.448    17.1310    36.2677 4.0107e-08        4.0 3.9233e-07       0.36 0.0000e+00
    744.000    738.457    17.2585   4.694181     0.5245     0.0242     0.0337     -0.678 1.0000e-12    5.39858    7.71511     0.0530     0.0757      2.306    26.4562    26.4256    738.457    17.1317    36.2679 3.1473e-08        3.1 3.0787e-07       0.32 0.0000e+00
    743.000    737.467    17.2585   4.694144     0.5246     0.0264     0.0336     -0.849 1.0000e-12    5.39858    7.71511     0.0532     0.0761      2.316    26.4562    26.4256    737.467    17.1319    36.2679 3.3225e-08        3.3 3.2501e-07       0.33 0.0000e+00
    742.000    736.475    17.2586   4.694128     0.5245     0.0252     0.0340     -0.417 1.0000e-12    5.39856    7.71508     0.0524     0.0748      2.279    26.4562    26.4257    736.476    17.1321    36.2681 3.2079e-08        3.2 3.1379e-07       0.32 0.0000e+00
    741.000    735.485    17.2595   4.694185     0.5244     0.0272     0.0333     -0.724 1.0000e-12    5.39847    7.71495     0.0526     0.0752      2.290    26.4560    26.4255    735.485    17.1332    36.2681 3.1403e-08        3.1 3.0719e-07       0.32 0.0000e+00
    740.000    734.494    17.2597   4.694167     0.5244     0.0264     0.0337     -0.816 1.0000e-12    5.39844    7.71492     0.0526     0.0752      2.289    26.4560    26.4255    734.494    17.1336    36.2682 3.3924e-08        3.4 3.3185e-07       0.33 0.0000e+00
    739.000    733.504    17.2597   4.694167     0.5245     0.0237     0.0339     -0.296 1.0000e-12    5.39843    7.71490     0.0529     0.0757      2.303    26.4562    26.4258    733.503    17.1338    36.2686 3.8515e-08        3.9 3.7675e-07       0.35 0.0000e+00
    738.000    732.513    17.2602   4.694165     0.5244     0.0253     0.0335     -0.605 1.0000e-12    5.39838    7.71483     0.0523     0.0748      2.276    26.4560    26.4256    732.513    17.1344    36.2685 3.9690e-08        4.0 3.8825e-07       0.36 0.0000e+00
    737.000    731.522    17.2600   4.694103     0.5243     0.0336     0.0339     -0.677 1.0000e-12    5.39841    7.71486     0.0523     0.0747      2.273    26.4560    26.4257    731.522    17.1344    36.2685 4.6911e-08        4.7 4.5889e-07       0.39 0.0000e+00
    736.000    730.531    17.2605   4.694121     0.5245     0.0290     0.0336     -0.699 1.0000e-12    5.39835    7.71479     0.0532     0.0760      2.314    26.4559    26.4256    730.531    17.1351    36.2686 4.5560e-08        4.6 4.4567e-07       0.38 0.0000e+00
    735.000    729.540    17.2603   4.694060     0.5244     0.0283     0.0336     -0.500 1.0000e-12    5.39837    7.71481     0.0520     0.0744      2.265    26.4559    26.4257    729.540    17.1350    36.2686 4.6916e-08        4.7 4.5893e-07       0.39 0.0000e+00
    734.000    728.549    17.2603   4.694005     0.5243     0.0256     0.0335     -0.647 1.0000e-12    5.39837    7.71481     0.0526     0.0752      2.288    26.4558    26.4256    728.549    17.1352    36.2685 4.8962e-08        4.9 4.7895e-07       0.40 0.0000e+00
    733.000    727.559    17.2604   4.693988     0.5244     0.0288     0.0337     -0.987 1.0000e-12    5.39836    7.71479     0.0526     0.0751      2.287    26.4559    26.4257    727.559    17.1355    36.2686 4.1073e-08        4.1 4.0178e-07       0.36 0.0000e+00
    732.000    726.568    17.2615   4.694081     0.5244     0.0347     0.0340     -0.730 1.0000e-12    5.39824    7.71463     0.0526     0.0751      2.287    26.4557    26.4256    726.568    17.1368    36.2688 3.5451e-08        3.5 3.4678e-07       0.34 0.0000e+00
    731.000    725.577    17.2617   4.694068     0.5244     0.0277     0.0332     -0.507 1.0000e-12    5.39821    7.71458     0.0526     0.0751      2.287    26.4557    26.4256    725.577    17.1371    36.2689 3.1849e-08        3.2 3.1155e-07       0.32 0.0000e+00
    730.000    724.586    17.2613   4.693996     0.5245     0.0201     0.0330     -0.857 1.0000e-12    5.39825    7.71464     0.0535     0.0765      2.328    26.4558    26.4258    724.586    17.1369    36.2690 2.4403e-08        2.4 2.3871e-07       0.28 0.0000e+00
