CTD_data/C216_2_4.cnv
* Sea-Bird SBE 25 Data File:
* FileName = C:\CTD_Data\C216\C216_2_4.hex
* Software Version Seasave V 7.19
* Temperature SN = 4430
* Conductivity SN = 3138
* System UpLoad Time = Nov 07 2014 06:17:28
** Ship: hermano gines
** Station: Car 216
** Operator: Luis medina
** Latitude: 10 29.98
** Longitude: 64 39.76
# nquan = 24                                
# nvalues = 1819                        
# units = specified
# name 0 = prSM: Pressure, Strain Gauge [db]
# name 1 = depSM: Depth [salt water, m], lat = 10.50
# name 2 = t090C: Temperature [ITS-90, deg C]
# name 3 = c0S/m: Conductivity [S/m]
# name 4 = sbeox0V: Oxygen raw, SBE 43 [V]
# name 5 = flECO-AFL: Fluorescence, WET Labs ECO-AFL/FL [mg/m^3]
# name 6 = bat: Beam Attenuation, Chelsea/Seatech [1/m]
# name 7 = dz/dtM: Descent Rate [m/s]
# name 8 = par: PAR/Irradiance, Biospherical/Licor
# name 9 = oxsatML/L: Oxygen Saturation, Weiss [ml/l]
# name 10 = oxsatMg/L: Oxygen Saturation, Weiss [mg/l]
# name 11 = sbeox0ML/L: Oxygen, SBE 43 [ml/l], WS = 2
# name 12 = sbeox0Mg/L: Oxygen, SBE 43 [mg/l], WS = 2
# name 13 = sbeox0Mm/Kg: Oxygen, SBE 43 [umol/kg], WS = 2
# name 14 = sigma-é00: Density [sigma-theta, kg/m^3]
# name 15 = sigma-t00: Density [sigma-t, kg/m^3 ]
# name 16 = depSM: Depth [salt water, m], lat = 10.5
# name 17 = potemp090C: Potential Temperature [ITS-90, deg C]
# name 18 = sal00: Salinity, Practical [PSU]
# name 19 = E: stability, E [rad^2/m]
# name 20 = E10^-8: stability, E [10^-8 rad^2/m]
# name 21 = N^2: buoyancy frequency, N^2 [rad^2/s^2]
# name 22 = N: buoyancy frequency, N [cycles/h]
# name 23 = flag: flag
# span 0 =      0.000,    909.000       
# span 1 =      0.001,    901.871       
# span 2 =    17.2612,    27.3593       
# span 3 =   4.694159,   5.786830       
# span 4 =     0.5242,     2.7141       
# span 5 =    -2.2894,    15.8341       
# span 6 =     0.0351,     0.2093       
# span 7 =     -1.456,      1.353       
# span 8 = 1.0000e-12, 1.0000e-12       
# span 9 =    4.50096,    5.39840       
# span 10 =    6.43232,    7.71486      
# span 11 =     0.0489,     3.7540      
# span 12 =     0.0699,     5.3649      
# span 13 =      2.130,    163.759      
# span 14 =    23.7909,    26.4585      
# span 15 =    23.7909,    26.4260      
# span 16 =      0.000,    901.872      
# span 17 =    17.1086,    27.3592      
# span 18 =    36.2633,    36.8906      
# span 19 = -1.346e-07, 7.0716e-05      
# span 20 =      -13.5,     7071.6      
# span 21 = -1.317e-06, 6.9175e-04      
# span 22 =      -0.66,      15.07      
# span 23 = 0.0000e+00, 0.0000e+00      
# interval = decibars: 1                
# start_time = Nov 07 2014 06:17:28 [System UpLoad Time]
# bad_flag = -9.990e-29
*END*
[from data line 1510]
    308.000    306.026    17.7473   4.736932     0.5245     0.0038     0.0381     -1.169 1.0000e-12    5.34495    7.63846     0.0490     0.0700      2.132    26.3951    26.3821    306.026    17.6943    36.3669 3.9380e-07       39.4 3.8521e-06       1.12 0.0000e+00
    307.000    305.033    17.7502   4.737257     0.5245    -0.0067     0.0397     -1.106 1.0000e-12    5.34463    7.63801     0.0495     0.0708      2.154    26.3948    26.3818    305.033    17.6974    36.3675 3.3523e-07       33.5 3.2792e-06       1.04 0.0000e+00
    306.000    304.040    17.7504   4.737185     0.5247     0.0019     0.0393     -1.048 1.0000e-12    5.34462    7.63800     0.0506     0.0723      2.200    26.3944    26.3814    304.040    17.6978    36.3671 2.8669e-07       28.7 2.8044e-06       0.96 0.0000e+00
    305.000    303.048    17.7498   4.737108     0.5248     0.0067     0.0389     -1.028 1.0000e-12    5.34468    7.63807     0.0501     0.0716      2.180    26.3947    26.3818    303.048    17.6973    36.3673 2.3829e-07       23.8 2.3310e-06       0.87 0.0000e+00
    304.000    302.055    17.7537   4.737562     0.5247    -0.0079     0.0383     -0.963 1.0000e-12    5.34425    7.63747     0.0492     0.0703      2.141    26.3943    26.3815    302.055    17.7014    36.3682 2.1109e-07       21.1 2.0649e-06       0.82 0.0000e+00
    303.000    301.062    17.7551   4.737693     0.5247     0.0043     0.0396     -1.017 1.0000e-12    5.34410    7.63725     0.0503     0.0719      2.189    26.3942    26.3813    301.062    17.7030    36.3684 1.9381e-07       19.4 1.8958e-06       0.79 0.0000e+00
    302.000    300.069    17.7563   4.737771     0.5247    -0.0004     0.0391     -1.172 1.0000e-12    5.34398    7.63707     0.0503     0.0719      2.190    26.3938    26.3810    300.069    17.7043    36.3684 1.8073e-07       18.1 1.7679e-06       0.76 0.0000e+00
    301.000    299.076    17.7583   4.737980     0.5252    -0.0054     0.0388     -1.199 1.0000e-12    5.34376    7.63676     0.0510     0.0728      2.218    26.3936    26.3808    299.076    17.7065    36.3688 1.5437e-07       15.4 1.5100e-06       0.70 0.0000e+00
    300.000    298.083    17.7587   4.738005     0.5247    -0.0035     0.0391     -1.231 1.0000e-12    5.34371    7.63669     0.0492     0.0703      2.140    26.3936    26.3809    298.083    17.7071    36.3690 1.6676e-07       16.7 1.6313e-06       0.73 0.0000e+00
    299.000    297.090    17.7596   4.738042     0.5248    -0.0078     0.0388     -1.198 1.0000e-12    5.34362    7.63657     0.0501     0.0716      2.180    26.3933    26.3806    297.090    17.7081    36.3689 1.7892e-07       17.9 1.7502e-06       0.76 0.0000e+00
    298.000    296.097    17.7600   4.738056     0.5246     0.0008     0.0400     -1.005 1.0000e-12    5.34358    7.63651     0.0497     0.0710      2.163    26.3933    26.3806    296.097    17.7087    36.3691 1.9680e-07       19.7 1.9251e-06       0.79 0.0000e+00
    297.000    295.105    17.7603   4.738039     0.5247     0.0005     0.0387     -0.781 1.0000e-12    5.34355    7.63646     0.0492     0.0703      2.140    26.3931    26.3805    295.104    17.7092    36.3691 2.1742e-07       21.7 2.1268e-06       0.84 0.0000e+00
    296.000    294.111    17.7600   4.737997     0.5245     0.0029     0.0398     -0.860 1.0000e-12    5.34357    7.63649     0.0496     0.0709      2.158    26.3934    26.3808    294.112    17.7091    36.3694 2.2668e-07       22.7 2.2174e-06       0.85 0.0000e+00
    295.000    293.118    17.7644   4.738481     0.5247     0.0007     0.0394     -1.164 1.0000e-12    5.34310    7.63582     0.0496     0.0709      2.159    26.3927    26.3802    293.119    17.7136    36.3700 2.2416e-07       22.4 2.1928e-06       0.85 0.0000e+00
    294.000    292.126    17.7693   4.739039     0.5245     0.0006     0.0392     -1.301 1.0000e-12    5.34257    7.63507     0.0493     0.0704      2.142    26.3921    26.3796    292.126    17.7187    36.3708 2.2344e-07       22.3 2.1857e-06       0.85 0.0000e+00
    293.000    291.133    17.7705   4.739125     0.5245     0.0067     0.0395     -1.278 1.0000e-12    5.34244    7.63489     0.0496     0.0709      2.159    26.3918    26.3794    291.133    17.7201    36.3709 2.2282e-07       22.3 2.1796e-06       0.85 0.0000e+00
    292.000    290.140    17.7709   4.739108     0.5247     0.0038     0.0400     -1.146 1.0000e-12    5.34241    7.63484     0.0497     0.0711      2.164    26.3916    26.3792    290.140    17.7206    36.3707 1.9633e-07       19.6 1.9206e-06       0.79 0.0000e+00
    291.000    289.147    17.7702   4.738984     0.5245    -0.0057     0.0400     -1.114 1.0000e-12    5.34248    7.63494     0.0489     0.0700      2.130    26.3917    26.3793    289.147    17.7201    36.3707 1.9294e-07       19.3 1.8874e-06       0.79 0.0000e+00
    290.000    288.154    17.7705   4.739003     0.5245     0.0082     0.0404     -1.087 1.0000e-12    5.34244    7.63489     0.0496     0.0709      2.159    26.3918    26.3795    288.154    17.7206    36.3710 1.7781e-07       17.8 1.7393e-06       0.76 0.0000e+00
    289.000    287.161    17.7714   4.739038     0.5247     0.0059     0.0407     -0.822 1.0000e-12    5.34236    7.63476     0.0495     0.0707      2.153    26.3914    26.3791    287.161    17.7217    36.3708 2.1614e-07       21.6 2.1143e-06       0.83 0.0000e+00
    288.000    286.168    17.7711   4.738940     0.5245     0.0094     0.0396     -0.957 1.0000e-12    5.34239    7.63482     0.0496     0.0709      2.158    26.3913    26.3791    286.168    17.7215    36.3707 1.7532e-07       17.5 1.7150e-06       0.75 0.0000e+00
    287.000    285.175    17.7742   4.739371     0.5247     0.0042     0.0394     -1.178 1.0000e-12    5.34203    7.63429     0.0498     0.0712      2.167    26.3915    26.3793    285.175    17.7248    36.3720 2.7991e-07       28.0 2.7381e-06       0.95 0.0000e+00
    286.000    284.182    17.7782   4.739791     0.5247     0.0033     0.0389     -1.136 1.0000e-12    5.34161    7.63370     0.0498     0.0711      2.164    26.3908    26.3787    284.182    17.7290    36.3724 3.4379e-07       34.4 3.3630e-06       1.05 0.0000e+00
    285.000    283.189    17.7820   4.740210     0.5246    -0.0053     0.0394     -0.924 1.0000e-12    5.34120    7.63311     0.0495     0.0707      2.152    26.3903    26.3782    283.189    17.7329    36.3730 4.0961e-07       41.0 4.0068e-06       1.15 0.0000e+00
    284.000    282.196    17.7850   4.740434     0.5247     0.0017     0.0397     -0.859 1.0000e-12    5.34091    7.63269     0.0494     0.0706      2.149    26.3892    26.3772    282.196    17.7361    36.3727 4.2365e-07       42.4 4.1442e-06       1.17 0.0000e+00
    283.000    281.203    17.7817   4.740220     0.5245     0.0058     0.0400     -1.105 1.0000e-12    5.34120    7.63311     0.0494     0.0706      2.149    26.3912    26.3791    281.203    17.7330    36.3741 4.5500e-07       45.5 4.4509e-06       1.21 0.0000e+00
    282.000    280.210    17.7987   4.742103     0.5247    -0.0133     0.0403     -1.246 1.0000e-12    5.33942    7.63056     0.0504     0.0721      2.195    26.3880    26.3760    280.210    17.7501    36.3756 4.9449e-07       49.4 4.8371e-06       1.26 0.0000e+00
    281.000    279.218    17.7957   4.741714     0.5249     0.0094     0.0435     -0.827 1.0000e-12    5.33973    7.63101     0.0501     0.0715      2.178    26.3885    26.3766    279.217    17.7473    36.3753 5.0460e-07       50.5 4.9361e-06       1.27 0.0000e+00
    280.000    278.224    17.8010   4.742304     0.5248     0.0006     0.0436     -0.661 1.0000e-12    5.33917    7.63021     0.0493     0.0705      2.147    26.3877    26.3758    278.224    17.7528    36.3760 4.4313e-07       44.3 4.3348e-06       1.19 0.0000e+00
    279.000    277.231    17.7985   4.741944     0.5246    -0.0021     0.0436     -0.986 1.0000e-12    5.33944    7.63059     0.0502     0.0718      2.186    26.3879    26.3761    277.231    17.7504    36.3755 4.3116e-07       43.1 4.2176e-06       1.18 0.0000e+00
    278.000    276.239    17.8078   4.743118     0.5251    -0.0013     0.0442     -1.076 1.0000e-12    5.33842    7.62913     0.0502     0.0717      2.182    26.3873    26.3754    276.238    17.7599    36.3777 4.5609e-07       45.6 4.4615e-06       1.21 0.0000e+00
    277.000    275.246    17.8122   4.743549     0.5247     0.0003     0.0455     -0.704 1.0000e-12    5.33796    7.62848     0.0494     0.0707      2.151    26.3863    26.3745    275.245    17.7645    36.3779 3.5730e-07       35.7 3.4951e-06       1.07 0.0000e+00
    276.000    274.252    17.8123   4.743437     0.5247     0.0053     0.0460     -0.799 1.0000e-12    5.33797    7.62850     0.0499     0.0713      2.171    26.3857    26.3740    274.252    17.7647    36.3772 4.0381e-07       40.4 3.9501e-06       1.14 0.0000e+00
    275.000    273.260    17.8070   4.742836     0.5248    -0.0003     0.0459     -0.802 1.0000e-12    5.33852    7.62928     0.0496     0.0709      2.159    26.3869    26.3752    273.259    17.7596    36.3772 3.8343e-07       38.3 3.7507e-06       1.11 0.0000e+00
    274.000    272.266    17.8180   4.744169     0.5246    -0.0012     0.0463     -0.704 1.0000e-12    5.33733    7.62758     0.0491     0.0702      2.137    26.3857    26.3741    272.266    17.7708    36.3792 3.3717e-07       33.7 3.2982e-06       1.04 0.0000e+00
    273.000    271.273    17.8182   4.744072     0.5246    -0.0004     0.0463     -0.938 1.0000e-12    5.33733    7.62758     0.0496     0.0708      2.157    26.3852    26.3735    271.273    17.7711    36.3786 3.2889e-07       32.9 3.2172e-06       1.03 0.0000e+00
    272.000    270.280    17.8238   4.744785     0.5248     0.0032     0.0457     -0.799 1.0000e-12    5.33671    7.62669     0.0502     0.0717      2.183    26.3849    26.3733    270.280    17.7769    36.3801 3.1263e-07       31.3 3.0582e-06       1.00 0.0000e+00
    271.000    269.287    17.8276   4.745162     0.5249     0.0029     0.0475     -0.700 1.0000e-12    5.33631    7.62612     0.0495     0.0707      2.155    26.3841    26.3726    269.287    17.7809    36.3804 3.1113e-07       31.1 3.0434e-06       1.00 0.0000e+00
    270.000    268.294    17.8233   4.744541     0.5246     0.0036     0.0466     -0.859 1.0000e-12    5.33679    7.62680     0.0498     0.0712      2.167    26.3843    26.3728    268.294    17.7767    36.3792 3.3206e-07       33.2 3.2482e-06       1.03 0.0000e+00
    269.000    267.301    17.8249   4.744831     0.5250    -0.0004     0.0471     -0.673 1.0000e-12    5.33658    7.62650     0.0501     0.0716      2.179    26.3849    26.3735    267.301    17.7785    36.3807 2.7011e-07       27.0 2.6422e-06       0.93 0.0000e+00
    268.000    266.308    17.8326   4.745630     0.5250    -0.0009     0.0494     -0.547 1.0000e-12    5.33578    7.62537     0.0502     0.0717      2.184    26.3833    26.3719    266.308    17.7864    36.3811 2.4933e-07       24.9 2.4390e-06       0.89 0.0000e+00
    267.000    265.315    17.8331   4.745678     0.5247    -0.0004     0.0497     -0.736 1.0000e-12    5.33572    7.62528     0.0496     0.0709      2.160    26.3834    26.3720    265.315    17.7871    36.3814 2.2590e-07       22.6 2.2098e-06       0.85 0.0000e+00
    266.000    264.321    17.8339   4.745753     0.5247    -0.0011     0.0484     -0.650 1.0000e-12    5.33563    7.62515     0.0496     0.0708      2.157    26.3834    26.3721    264.322    17.7880    36.3818 2.2459e-07       22.5 2.1969e-06       0.85 0.0000e+00
    265.000    263.329    17.8358   4.745937     0.5248     0.0089     0.0490     -0.686 1.0000e-12    5.33543    7.62486     0.0498     0.0711      2.165    26.3831    26.3718    263.329    17.7901    36.3820 2.3950e-07       23.9 2.3428e-06       0.88 0.0000e+00
    264.000    262.336    17.8365   4.745960     0.5247    -0.0022     0.0491     -0.522 1.0000e-12    5.33536    7.62476     0.0495     0.0708      2.156    26.3829    26.3716    262.336    17.7910    36.3820 2.3377e-07       23.4 2.2867e-06       0.87 0.0000e+00
    263.000    261.343    17.8382   4.746125     0.5250    -0.0028     0.0494     -0.780 1.0000e-12    5.33518    7.62450     0.0502     0.0717      2.182    26.3826    26.3714    261.343    17.7928    36.3823 2.0955e-07       21.0 2.0498e-06       0.82 0.0000e+00
    262.000    260.350    17.8392   4.746243     0.5246     0.0012     0.0520     -0.603 1.0000e-12    5.33506    7.62433     0.0490     0.0699      2.130    26.3827    26.3716    260.350    17.7940    36.3828 2.2995e-07       23.0 2.2494e-06       0.86 0.0000e+00
    261.000    259.356    17.8422   4.746535     0.5246    -0.0035     0.0594     -0.575 1.0000e-12    5.33474    7.62389     0.0496     0.0708      2.156    26.3821    26.3710    259.357    17.7972    36.3830 2.4304e-07       24.3 2.3774e-06       0.88 0.0000e+00
    260.000    258.364    17.8418   4.746434     0.5248    -0.0018     0.0617     -0.741 1.0000e-12    5.33479    7.62395     0.0496     0.0709      2.158    26.3821    26.3710    258.364    17.7970    36.3829 2.4503e-07       24.5 2.3969e-06       0.89 0.0000e+00
    259.000    257.371    17.8463   4.747016     0.5247     0.0028     0.0609     -0.679 1.0000e-12    5.33428    7.62323     0.0496     0.0709      2.159    26.3820    26.3709    257.371    17.8016    36.3843 2.4203e-07       24.2 2.3675e-06       0.88 0.0000e+00
    258.000    256.378    17.8497   4.747322     0.5247     0.0000     0.0623     -0.548 1.0000e-12    5.33394    7.62273     0.0494     0.0705      2.147    26.3811    26.3701    256.378    17.8052    36.3843 2.3864e-07       23.9 2.3344e-06       0.88 0.0000e+00
    257.000    255.384    17.8493   4.747262     0.5249    -0.0045     0.0623     -0.579 1.0000e-12    5.33398    7.62278     0.0501     0.0715      2.178    26.3813    26.3703    255.384    17.8050    36.3845 2.1769e-07       21.8 2.1294e-06       0.84 0.0000e+00
    256.000    254.391    17.8498   4.747246     0.5248     0.0038     0.0615     -0.663 1.0000e-12    5.33393    7.62272     0.0494     0.0706      2.150    26.3810    26.3701    254.391    17.8056    36.3843 1.7806e-07       17.8 1.7418e-06       0.76 0.0000e+00
    255.000    253.398    17.8521   4.747491     0.5246    -0.0050     0.0614     -0.703 1.0000e-12    5.33368    7.62237     0.0492     0.0703      2.140    26.3807    26.3698    253.398    17.8081    36.3847 2.0255e-07       20.3 1.9813e-06       0.81 0.0000e+00
    254.000    252.405    17.8535   4.747647     0.5248    -0.0004     0.0614     -0.561 1.0000e-12    5.33352    7.62213     0.0498     0.0712      2.169    26.3807    26.3699    252.405    17.8097    36.3852 2.6650e-07       26.7 2.6069e-06       0.93 0.0000e+00
    253.000    251.412    17.8533   4.747551     0.5249    -0.0019     0.0614     -0.448 1.0000e-12    5.33355    7.62218     0.0503     0.0719      2.187    26.3805    26.3697    251.412    17.8096    36.3849 2.9213e-07       29.2 2.8577e-06       0.97 0.0000e+00
    252.000    250.419    17.8539   4.747621     0.5250    -0.0022     0.0628     -0.422 1.0000e-12    5.33347    7.62207     0.0493     0.0705      2.146    26.3807    26.3699    250.419    17.8104    36.3854 3.4016e-07       34.0 3.3275e-06       1.05 0.0000e+00
    251.000    249.426    17.8538   4.747557     0.5248    -0.0038     0.0613     -0.705 1.0000e-12    5.33349    7.62209     0.0500     0.0714      2.173    26.3806    26.3699    249.426    17.8105    36.3853 3.6660e-07       36.7 3.5861e-06       1.09 0.0000e+00
    250.000    248.432    17.8663   4.749122     0.5250     0.0036     0.0633     -0.615 1.0000e-12    5.33213    7.62014     0.0499     0.0714      2.174    26.3795    26.3688    248.433    17.8231    36.3880 3.9537e-07       39.5 3.8675e-06       1.13 0.0000e+00
