CTD_data/C216_3_2.cnv
* Sea-Bird SBE 25 Data File:
* FileName = C:\CTD_Data\C216_3\C216_3_2.hex
* Software Version Seasave V 7.19
* Temperature SN = 4430
* Conductivity SN = 3138
* System UpLoad Time = Nov 10 2014 19:38:21
** Ship: hermano gines
** Station: cariaco
** Operator: Luis medina
** Latitude: 10 30.195 N
** Longitude: 64 40.14 W
# nquan = 24                                
# nvalues = 531                         
# units = specified
# name 0 = prSM: Pressure, Strain Gauge [db]
# name 1 = depSM: Depth [salt water, m], lat = 10.50
# name 2 = t090C: Temperature [ITS-90, deg C]
# name 3 = c0S/m: Conductivity [S/m]
# name 4 = sbeox0V: Oxygen raw, SBE 43 [V]
# name 5 = flECO-AFL: Fluorescence, WET Labs ECO-AFL/FL [mg/m^3]
# name 6 = bat: Beam Attenuation, Chelsea/Seatech [1/m]
# name 7 = dz/dtM: Descent Rate [m/s]
# name 8 = par: PAR/Irradiance, Biospherical/Licor
# name 9 = oxsatML/L: Oxygen Saturation, Weiss [ml/l]
# name 10 = oxsatMg/L: Oxygen Saturation, Weiss [mg/l]
# name 11 = sbeox0ML/L: Oxygen, SBE 43 [ml/l], WS = 2
# name 12 = sbeox0Mg/L: Oxygen, SBE 43 [mg/l], WS = 2
# name 13 = sbeox0Mm/Kg: Oxygen, SBE 43 [umol/kg], WS = 2
# name 14 = sigma-é00: Density [sigma-theta, kg/m^3]
# name 15 = sigma-t00: Density [sigma-t, kg/m^3 ]
# name 16 = depSM: Depth [salt water, m], lat = 10.5
# name 17 = potemp090C: Potential Temperature [ITS-90, deg C]
# name 18 = sal00: Salinity, Practical [PSU]
# name 19 = E: stability, E [rad^2/m]
# name 20 = E10^-8: stability, E [10^-8 rad^2/m]
# name 21 = N^2: buoyancy frequency, N^2 [rad^2/s^2]
# name 22 = N: buoyancy frequency, N [cycles/h]
# name 23 = flag: flag
# span 0 =      1.000,    303.000       
# span 1 =      0.994,    301.061       
# span 2 =    17.7110,    27.6286       
# span 3 =   4.732283,   5.812653       
# span 4 =     0.5244,     2.6848       
# span 5 =    -0.0324,     0.4786       
# span 6 =     0.0710,     0.2710       
# span 7 =     -4.011,      1.237       
# span 8 = 1.0000e-12, 1.0000e-12       
# span 9 =    4.48169,    5.34885       
# span 10 =    6.40477,    7.64404      
# span 11 =     0.0491,     3.6790      
# span 12 =     0.0702,     5.2577      
# span 13 =      2.137,    160.384      
# span 14 =    23.7377,    26.3999      
# span 15 =    23.7373,    26.3871      
# span 16 =      0.994,    301.062      
# span 17 =    17.6590,    27.6274      
# span 18 =    36.3611,    37.1017      
# span 19 = 7.3947e-08, 7.6915e-05      
# span 20 =        7.4,     7691.5      
# span 21 = 7.2335e-07, 7.5238e-04      
# span 22 =       0.49,      15.72      
# span 23 = 0.0000e+00, 0.0000e+00      
# interval = decibars: 1                
# start_time = Nov 10 2014 19:38:21 [System UpLoad Time]
# bad_flag = -9.990e-29
*END*
[from data line 182]
    183.000    181.882    18.3259   4.802625     0.9005    -0.0138     0.0886      0.606 1.0000e-12    5.28337    7.55046     0.8519     1.2174     37.069    26.3196    26.3115    181.882    18.2938    36.4630 1.9337e-06      193.4 1.8916e-05       2.49 0.0000e+00
    184.000    182.876    18.3158   4.801457     0.8885    -0.0039     0.0923      0.802 1.0000e-12    5.28442    7.55196     0.8234     1.1766     35.828    26.3211    26.3130    182.876    18.2835    36.4616 1.6884e-06      168.8 1.6516e-05       2.33 0.0000e+00
    185.000    183.869    18.3078   4.800439     0.8754    -0.0209     0.0896      0.570 1.0000e-12    5.28528    7.55319     0.8010     1.1447     34.857    26.3217    26.3135    183.869    18.2754    36.4596 1.5625e-06      156.2 1.5284e-05       2.24 0.0000e+00
    186.000    184.863    18.2902   4.798426     0.8701    -0.0076     0.0904      0.879 1.0000e-12    5.28711    7.55580     0.7970     1.1390     34.681    26.3247    26.3165    184.862    18.2576    36.4577 1.5344e-06      153.4 1.5010e-05       2.22 0.0000e+00
    187.000    185.856    18.2849   4.797885     0.8661    -0.0052     0.0974      1.067 1.0000e-12    5.28765    7.55658     0.7893     1.1279     34.344    26.3258    26.3176    185.856    18.2521    36.4574 1.6067e-06      160.7 1.5717e-05       2.27 0.0000e+00
    188.000    186.849    18.2831   4.797683     0.8543    -0.0100     0.0977      0.341 1.0000e-12    5.28784    7.55686     0.7493     1.0707     32.603    26.3259    26.3177    186.849    18.2502    36.4569 1.6892e-06      168.9 1.6523e-05       2.33 0.0000e+00
    189.000    187.843    18.2774   4.797037     0.8428    -0.0065     0.0872      0.627 1.0000e-12    5.28844    7.55771     0.7245     1.0354     31.527    26.3268    26.3184    187.843    18.2443    36.4561 1.7743e-06      177.4 1.7356e-05       2.39 0.0000e+00
    190.000    188.836    18.2486   4.793515     0.8349    -0.0153     0.0978      1.184 1.0000e-12    5.29148    7.56206     0.7105     1.0153     30.915    26.3303    26.3220    188.836    18.2154    36.4512 1.8050e-06      180.5 1.7657e-05       2.41 0.0000e+00
    191.000    189.830    18.2298   4.791341     0.8178    -0.0174     0.0963      0.417 1.0000e-12    5.29344    7.56486     0.6599     0.9431     28.716    26.3333    26.3250    189.830    18.1964    36.4490 1.7489e-06      174.9 1.7108e-05       2.37 0.0000e+00
    192.000    190.823    18.2224   4.790583     0.8010    -0.0056     0.0940      0.731 1.0000e-12    5.29419    7.56593     0.6251     0.8934     27.202    26.3350    26.3266    190.823    18.1888    36.4487 1.7255e-06      172.5 1.6878e-05       2.35 0.0000e+00
    193.000    191.817    18.2032   4.788074     0.7887    -0.0150     0.1002      0.958 1.0000e-12    5.29627    7.56890     0.6075     0.8682     26.434    26.3362    26.3278    191.816    18.1695    36.4439 1.6165e-06      161.6 1.5813e-05       2.28 0.0000e+00
    194.000    192.810    18.1921   4.786868     0.7780    -0.0114     0.0948      0.644 1.0000e-12    5.29741    7.57054     0.5881     0.8405     25.591    26.3384    26.3299    192.810    18.1582    36.4431 1.4440e-06      144.4 1.4125e-05       2.15 0.0000e+00
    195.000    193.803    18.1844   4.785923     0.7685    -0.0158     0.1015      0.811 1.0000e-12    5.29824    7.57171     0.5696     0.8140     24.784    26.3391    26.3306    193.803    18.1504    36.4415 1.2129e-06      121.3 1.1865e-05       1.97 0.0000e+00
    196.000    194.797    18.1776   4.785152     0.7606    -0.0076     0.0983      0.681 1.0000e-12    5.29895    7.57273     0.5552     0.7934     24.158    26.3402    26.3316    194.797    18.1434    36.4406 1.0722e-06      107.2 1.0489e-05       1.86 0.0000e+00
    197.000    195.790    18.1729   4.784649     0.7524    -0.0071     0.1013      0.816 1.0000e-12    5.29944    7.57343     0.5301     0.7576     23.067    26.3410    26.3324    195.790    18.1385    36.4401 1.1199e-06      112.0 1.0955e-05       1.90 0.0000e+00
    198.000    196.783    18.1690   4.784136     0.7386    -0.0108     0.0965      0.608 1.0000e-12    5.29988    7.57406     0.4968     0.7099     21.617    26.3410    26.3324    196.783    18.1345    36.4388 1.1679e-06      116.8 1.1424e-05       1.94 0.0000e+00
    199.000    197.777    18.1606   4.783221     0.7308    -0.0077     0.0897      0.824 1.0000e-12    5.30074    7.57529     0.4815     0.6881     20.952    26.3426    26.3339    197.777    18.1259    36.4380 1.1642e-06      116.4 1.1388e-05       1.93 0.0000e+00
    200.000    198.770    18.1515   4.782112     0.7138    -0.0110     0.1017      0.816 1.0000e-12    5.30172    7.57668     0.4305     0.6153     18.733    26.3435    26.3348    198.770    18.1166    36.4363 1.2617e-06      126.2 1.2342e-05       2.01 0.0000e+00
    201.000    199.763    18.1353   4.780028     0.6906    -0.0076     0.0952      0.387 1.0000e-12    5.30347    7.57919     0.3874     0.5536     16.857    26.3447    26.3360    199.763    18.1003    36.4324 1.3417e-06      134.2 1.3124e-05       2.08 0.0000e+00
    202.000    200.757    18.1155   4.777764     0.6822    -0.0129     0.1030      0.989 1.0000e-12    5.30553    7.58214     0.3739     0.5343     16.268    26.3480    26.3393    200.757    18.0803    36.4303 1.4367e-06      143.7 1.4054e-05       2.15 0.0000e+00
    203.000    201.750    18.1096   4.777111     0.6678    -0.0156     0.1009      0.728 1.0000e-12    5.30615    7.58302     0.3341     0.4774     14.537    26.3490    26.3402    201.750    18.0743    36.4296 1.4598e-06      146.0 1.4279e-05       2.17 0.0000e+00
    204.000    202.744    18.1040   4.776395     0.6514    -0.0150     0.0954      0.660 1.0000e-12    5.30677    7.58390     0.3012     0.4304     13.106    26.3493    26.3404    202.744    18.0685    36.4280 1.3562e-06      135.6 1.3267e-05       2.09 0.0000e+00
    205.000    203.737    18.0855   4.774141     0.6410    -0.0057     0.1009      0.885 1.0000e-12    5.30873    7.58671     0.2840     0.4059     12.360    26.3514    26.3426    203.737    18.0498    36.4248 1.2069e-06      120.7 1.1806e-05       1.97 0.0000e+00
    206.000    204.730    18.0760   4.773034     0.6300    -0.0040     0.0999      0.680 1.0000e-12    5.30974    7.58815     0.2670     0.3816     11.620    26.3528    26.3438    204.730    18.0402    36.4234 1.0118e-06      101.2 9.8976e-06       1.80 0.0000e+00
    207.000    205.724    18.0655   4.771859     0.6237     0.0011     0.0942      0.607 1.0000e-12    5.31084    7.58972     0.2610     0.3730     11.355    26.3546    26.3456    205.724    18.0295    36.4223 8.2340e-07       82.3 8.0545e-06       1.63 0.0000e+00
    208.000    206.717    18.0635   4.771661     0.6212    -0.0091     0.0937      0.799 1.0000e-12    5.31105    7.59002     0.2583     0.3691     11.238    26.3549    26.3459    206.717    18.0273    36.4220 7.7726e-07       77.7 7.6032e-06       1.58 0.0000e+00
    209.000    207.710    18.0629   4.771614     0.6190     0.0005     0.0956      0.857 1.0000e-12    5.31111    7.59011     0.2519     0.3601     10.963    26.3549    26.3458    207.710    18.0266    36.4217 7.4531e-07       74.5 7.2907e-06       1.55 0.0000e+00
    210.000    208.704    18.0627   4.771615     0.6148    -0.0084     0.0980      0.701 1.0000e-12    5.31115    7.59016     0.2414     0.3450     10.505    26.3548    26.3457    208.704    18.0262    36.4215 6.7402e-07       67.4 6.5932e-06       1.47 0.0000e+00
    211.000    209.697    18.0586   4.771103     0.6105    -0.0028     0.0918      0.525 1.0000e-12    5.31159    7.59079     0.2282     0.3261      9.929    26.3550    26.3459    209.697    18.0219    36.4204 6.4799e-07       64.8 6.3387e-06       1.44 0.0000e+00
    212.000    210.690    18.0513   4.770268     0.6053    -0.0077     0.0908      0.942 1.0000e-12    5.31236    7.59190     0.2145     0.3065      9.334    26.3561    26.3469    210.690    18.0145    36.4194 6.4072e-07       64.1 6.2676e-06       1.43 0.0000e+00
    213.000    211.684    18.0419   4.769191     0.5995    -0.0077     0.0985      0.955 1.0000e-12    5.31335    7.59331     0.2017     0.2883      8.779    26.3575    26.3483    211.684    18.0049    36.4181 6.8137e-07       68.1 6.6652e-06       1.48 0.0000e+00
    214.000    212.677    18.0339   4.768247     0.5931    -0.0008     0.0949      0.627 1.0000e-12    5.31420    7.59453     0.1909     0.2728      8.306    26.3585    26.3493    212.677    17.9967    36.4168 6.9911e-07       69.9 6.8387e-06       1.50 0.0000e+00
    215.000    213.670    18.0285   4.767642     0.5869    -0.0134     0.0957      0.559 1.0000e-12    5.31478    7.59535     0.1771     0.2532      7.708    26.3593    26.3500    213.670    17.9912    36.4160 7.0858e-07       70.9 6.9313e-06       1.51 0.0000e+00
    216.000    214.663    18.0257   4.767338     0.5813    -0.0033     0.0858      0.504 1.0000e-12    5.31508    7.59578     0.1651     0.2359      7.183    26.3597    26.3503    214.663    17.9882    36.4155 6.7744e-07       67.7 6.6267e-06       1.47 0.0000e+00
    217.000    215.657    18.0222   4.766943     0.5779     0.0003     0.0926      1.057 1.0000e-12    5.31545    7.59631     0.1581     0.2260      6.881    26.3601    26.3507    215.657    17.9845    36.4149 6.1913e-07       61.9 6.0563e-06       1.41 0.0000e+00
    218.000    216.650    18.0185   4.766512     0.5732    -0.0082     0.0987      0.844 1.0000e-12    5.31585    7.59688     0.1461     0.2088      6.358    26.3604    26.3510    216.650    17.9807    36.4141 5.8226e-07       58.2 5.6957e-06       1.37 0.0000e+00
    219.000    217.643    18.0150   4.766108     0.5667    -0.0077     0.0937      0.557 1.0000e-12    5.31622    7.59741     0.1328     0.1898      5.779    26.3608    26.3513    217.643    17.9770    36.4133 6.0522e-07       60.5 5.9203e-06       1.39 0.0000e+00
    220.000    218.636    18.0076   4.765248     0.5632    -0.0077     0.0976      0.779 1.0000e-12    5.31701    7.59854     0.1294     0.1849      5.631    26.3618    26.3523    218.637    17.9694    36.4122 6.5195e-07       65.2 6.3774e-06       1.45 0.0000e+00
    221.000    219.630    18.0024   4.764645     0.5609     0.0020     0.1016      0.584 1.0000e-12    5.31757    7.59934     0.1267     0.1811      5.514    26.3624    26.3529    219.630    17.9641    36.4112 7.8275e-07       78.3 7.6569e-06       1.59 0.0000e+00
    222.000    220.623    17.9975   4.764082     0.5595     0.0071     0.0975      0.601 1.0000e-12    5.31809    7.60008     0.1255     0.1793      5.460    26.3630    26.3534    220.623    17.9590    36.4104 8.7749e-07       87.7 8.5836e-06       1.68 0.0000e+00
    223.000    221.617    17.9900   4.763179     0.5601    -0.0085     0.0984      0.918 1.0000e-12    5.31890    7.60124     0.1305     0.1865      5.678    26.3638    26.3542    221.616    17.9513    36.4089 9.3750e-07       93.7 9.1706e-06       1.74 0.0000e+00
    224.000    222.610    17.9835   4.762478     0.5605    -0.0161     0.1050      0.745 1.0000e-12    5.31958    7.60221     0.1266     0.1809      5.509    26.3650    26.3553    222.610    17.9447    36.4083 1.1046e-06      110.5 1.0805e-05       1.88 0.0000e+00
    225.000    223.603    17.9717   4.760961     0.5573    -0.0164     0.0981      0.423 1.0000e-12    5.32087    7.60405     0.1152     0.1647      5.014    26.3657    26.3560    223.603    17.9327    36.4054 1.2057e-06      120.6 1.1794e-05       1.97 0.0000e+00
    226.000    224.596    17.9595   4.759637     0.5545    -0.0057     0.0944      0.819 1.0000e-12    5.32213    7.60586     0.1058     0.1512      4.603    26.3681    26.3584    224.596    17.9204    36.4045 1.2860e-06      128.6 1.2580e-05       2.03 0.0000e+00
    227.000    225.589    17.9538   4.758948     0.5471    -0.0033     0.1059      0.863 1.0000e-12    5.32275    7.60674     0.0816     0.1166      3.549    26.3686    26.3589    225.589    17.9145    36.4033 1.3445e-06      134.5 1.3152e-05       2.08 0.0000e+00
    228.000    226.583    17.9413   4.757289     0.5358     0.0007     0.1001      0.316 1.0000e-12    5.32413    7.60871     0.0607     0.0867      2.639    26.3691    26.3593    226.583    17.9018    36.3998 1.3303e-06      133.0 1.3013e-05       2.07 0.0000e+00
    229.000    227.576    17.9177   4.754557     0.5328     0.0042     0.1046      0.900 1.0000e-12    5.32661    7.61227     0.0600     0.0857      2.609    26.3728    26.3630    227.576    17.8781    36.3970 1.2336e-06      123.4 1.2067e-05       1.99 0.0000e+00
    230.000    228.569    17.9127   4.753988     0.5306    -0.0036     0.1132      0.921 1.0000e-12    5.32715    7.61303     0.0588     0.0840      2.557    26.3735    26.3636    228.569    17.8729    36.3962 1.1098e-06      111.0 1.0856e-05       1.89 0.0000e+00
    231.000    229.562    17.9048   4.753039     0.5291    -0.0073     0.1118      0.308 1.0000e-12    5.32800    7.61424     0.0575     0.0822      2.503    26.3743    26.3644    229.562    17.8649    36.3947 9.2927e-07       92.9 9.0902e-06       1.73 0.0000e+00
    232.000    230.556    17.8976   4.752265     0.5287    -0.0119     0.1019      0.733 1.0000e-12    5.32875    7.61531     0.0570     0.0815      2.482    26.3757    26.3657    230.556    17.8575    36.3941 7.8839e-07       78.8 7.7121e-06       1.59 0.0000e+00
    233.000    231.549    17.8950   4.751991     0.5283    -0.0081     0.1109      1.107 1.0000e-12    5.32903    7.61571     0.0570     0.0815      2.480    26.3760    26.3660    231.549    17.8547    36.3936 6.1760e-07       61.8 6.0414e-06       1.41 0.0000e+00
    234.000    232.542    17.8938   4.751841     0.5283     0.0046     0.1095      0.264 1.0000e-12    5.32917    7.61592     0.0570     0.0814      2.480    26.3759    26.3659    232.542    17.8534    36.3930 4.3564e-07       43.6 4.2614e-06       1.18 0.0000e+00
    235.000    233.535    17.8932   4.751849     0.5280     0.0015     0.1073      0.762 1.0000e-12    5.32922    7.61599     0.0562     0.0803      2.446    26.3763    26.3662    233.535    17.8526    36.3933 3.7189e-07       37.2 3.6378e-06       1.09 0.0000e+00
    236.000    234.528    17.8911   4.751609     0.5279    -0.0016     0.1115      1.001 1.0000e-12    5.32946    7.61633     0.0561     0.0801      2.440    26.3764    26.3663    234.528    17.8503    36.3927 3.9435e-07       39.4 3.8575e-06       1.13 0.0000e+00
    237.000    235.521    17.8887   4.751343     0.5276    -0.0067     0.1110      0.449 1.0000e-12    5.32972    7.61670     0.0546     0.0781      2.377    26.3766    26.3665    235.522    17.8478    36.3921 4.7516e-07       47.5 4.6480e-06       1.24 0.0000e+00
    238.000    236.515    17.8857   4.751015     0.5271    -0.0132     0.0996      0.609 1.0000e-12    5.33004    7.61716     0.0554     0.0792      2.411    26.3770    26.3668    236.515    17.8446    36.3916 5.7309e-07       57.3 5.6060e-06       1.36 0.0000e+00
    239.000    237.508    17.8812   4.750544     0.5277    -0.0064     0.1057      1.112 1.0000e-12    5.33051    7.61783     0.0563     0.0805      2.450    26.3778    26.3676    237.508    17.8399    36.3912 6.4496e-07       64.5 6.3090e-06       1.44 0.0000e+00
    240.000    238.501    17.8792   4.750278     0.5275    -0.0043     0.1044      0.266 1.0000e-12    5.33074    7.61817     0.0557     0.0796      2.422    26.3777    26.3674    238.501    17.8378    36.3903 6.8678e-07       68.7 6.7181e-06       1.49 0.0000e+00
    241.000    239.494    17.8630   4.748342     0.5273    -0.0086     0.1023      0.679 1.0000e-12    5.33248    7.62064     0.0545     0.0779      2.371    26.3797    26.3694    239.494    17.8214    36.3877 7.0541e-07       70.5 6.9004e-06       1.51 0.0000e+00
