CTD_data/C216_3_2.cnv
* Sea-Bird SBE 25 Data File:
* FileName = C:\CTD_Data\C216_3\C216_3_2.hex
* Software Version Seasave V 7.19
* Temperature SN = 4430
* Conductivity SN = 3138
* System UpLoad Time = Nov 10 2014 19:38:21
** Ship: hermano gines
** Station: cariaco
** Operator: Luis medina
** Latitude: 10 30.195 N
** Longitude: 64 40.14 W
# nquan = 24                                
# nvalues = 531                         
# units = specified
# name 0 = prSM: Pressure, Strain Gauge [db]
# name 1 = depSM: Depth [salt water, m], lat = 10.50
# name 2 = t090C: Temperature [ITS-90, deg C]
# name 3 = c0S/m: Conductivity [S/m]
# name 4 = sbeox0V: Oxygen raw, SBE 43 [V]
# name 5 = flECO-AFL: Fluorescence, WET Labs ECO-AFL/FL [mg/m^3]
# name 6 = bat: Beam Attenuation, Chelsea/Seatech [1/m]
# name 7 = dz/dtM: Descent Rate [m/s]
# name 8 = par: PAR/Irradiance, Biospherical/Licor
# name 9 = oxsatML/L: Oxygen Saturation, Weiss [ml/l]
# name 10 = oxsatMg/L: Oxygen Saturation, Weiss [mg/l]
# name 11 = sbeox0ML/L: Oxygen, SBE 43 [ml/l], WS = 2
# name 12 = sbeox0Mg/L: Oxygen, SBE 43 [mg/l], WS = 2
# name 13 = sbeox0Mm/Kg: Oxygen, SBE 43 [umol/kg], WS = 2
# name 14 = sigma-é00: Density [sigma-theta, kg/m^3]
# name 15 = sigma-t00: Density [sigma-t, kg/m^3 ]
# name 16 = depSM: Depth [salt water, m], lat = 10.5
# name 17 = potemp090C: Potential Temperature [ITS-90, deg C]
# name 18 = sal00: Salinity, Practical [PSU]
# name 19 = E: stability, E [rad^2/m]
# name 20 = E10^-8: stability, E [10^-8 rad^2/m]
# name 21 = N^2: buoyancy frequency, N^2 [rad^2/s^2]
# name 22 = N: buoyancy frequency, N [cycles/h]
# name 23 = flag: flag
# span 0 =      1.000,    303.000       
# span 1 =      0.994,    301.061       
# span 2 =    17.7110,    27.6286       
# span 3 =   4.732283,   5.812653       
# span 4 =     0.5244,     2.6848       
# span 5 =    -0.0324,     0.4786       
# span 6 =     0.0710,     0.2710       
# span 7 =     -4.011,      1.237       
# span 8 = 1.0000e-12, 1.0000e-12       
# span 9 =    4.48169,    5.34885       
# span 10 =    6.40477,    7.64404      
# span 11 =     0.0491,     3.6790      
# span 12 =     0.0702,     5.2577      
# span 13 =      2.137,    160.384      
# span 14 =    23.7377,    26.3999      
# span 15 =    23.7373,    26.3871      
# span 16 =      0.994,    301.062      
# span 17 =    17.6590,    27.6274      
# span 18 =    36.3611,    37.1017      
# span 19 = 7.3947e-08, 7.6915e-05      
# span 20 =        7.4,     7691.5      
# span 21 = 7.2335e-07, 7.5238e-04      
# span 22 =       0.49,      15.72      
# span 23 = 0.0000e+00, 0.0000e+00      
# interval = decibars: 1                
# start_time = Nov 10 2014 19:38:21 [System UpLoad Time]
# bad_flag = -9.990e-29
*END*
[from data line 121]
    122.000    121.272    20.9764   5.117459     1.7411    -0.0150     0.0824      0.597 1.0000e-12    5.02080    7.17522     2.4915     3.5607    108.467    25.8627    25.8562    121.273    20.9529    36.7800 1.2919e-05     1291.9 1.2637e-04       6.44 0.0000e+00
    123.000    122.266    20.9280   5.111319     1.7229    -0.0150     0.0748      0.529 1.0000e-12    5.02545    7.18188     2.4560     3.5098    106.917    25.8697    25.8632    122.266    20.9043    36.7717 1.2543e-05     1254.3 1.2270e-04       6.35 0.0000e+00
    124.000    123.260    20.8166   5.098840     1.7091    -0.0143     0.0801      1.071 1.0000e-12    5.03578    7.19663     2.4351     3.4801    106.009    25.8961    25.8896    123.260    20.7928    36.7665 1.2838e-05     1283.8 1.2559e-04       6.42 0.0000e+00
    125.000    124.253    20.7783   5.094251     1.6896    -0.0101     0.0790      0.537 1.0000e-12    5.03941    7.20182     2.4045     3.4363    104.673    25.9032    25.8967    124.254    20.7544    36.7619 1.3054e-05     1305.4 1.2769e-04       6.47 0.0000e+00
    126.000    125.247    20.7178   5.087029     1.6784    -0.0161     0.0748      0.695 1.0000e-12    5.04517    7.21004     2.3854     3.4090    103.842    25.9146    25.9080    125.248    20.6937    36.7552 1.2964e-05     1296.4 1.2681e-04       6.45 0.0000e+00
    127.000    126.241    20.6337   5.077184     1.6653    -0.0141     0.0826      0.908 1.0000e-12    5.05312    7.22142     2.3702     3.3873    103.178    25.9316    25.9250    126.241    20.6095    36.7476 1.2751e-05     1275.1 1.2473e-04       6.40 0.0000e+00
    128.000    127.235    20.5900   5.071891     1.6561    -0.0159     0.0736      0.415 1.0000e-12    5.05732    7.22741     2.3618     3.3753    102.812    25.9392    25.9326    127.235    20.5656    36.7419 1.2358e-05     1235.8 1.2088e-04       6.30 0.0000e+00
    129.000    128.229    20.5170   5.063447     1.6532    -0.0220     0.0763      1.008 1.0000e-12    5.06423    7.23730     2.3633     3.3774    102.876    25.9545    25.9478    128.229    20.4925    36.7360 1.1633e-05     1163.3 1.1379e-04       6.11 0.0000e+00
    130.000    129.223    20.4400   5.054569     1.6495    -0.0126     0.0831      0.879 1.0000e-12    5.07154    7.24774     2.3672     3.3830    103.045    25.9706    25.9640    129.222    20.4154    36.7299 1.1598e-05     1159.8 1.1345e-04       6.10 0.0000e+00
    131.000    130.217    20.3961   5.049600     1.6529    -0.0227     0.0761      0.383 1.0000e-12    5.07571    7.25369     2.3836     3.4064    103.754    25.9803    25.9736    130.216    20.3713    36.7270 1.1186e-05     1118.6 1.0942e-04       5.99 0.0000e+00
    132.000    131.210    20.3590   5.045311     1.6530    -0.0196     0.0773      0.905 1.0000e-12    5.07925    7.25875     2.3794     3.4004    103.572    25.9879    25.9812    131.210    20.3341    36.7238 1.0740e-05     1074.0 1.0506e-04       5.87 0.0000e+00
    133.000    132.204    20.3082   5.039414     1.6511    -0.0191     0.0807      1.040 1.0000e-12    5.08411    7.26570     2.3755     3.3948    103.400    25.9981    25.9914    132.204    20.2831    36.7192 1.0313e-05     1031.3 1.0088e-04       5.75 0.0000e+00
    134.000    133.197    20.2446   5.031784     1.6473    -0.0175     0.0808      0.810 1.0000e-12    5.09027    7.27451     2.3672     3.3829    103.038    26.0094    26.0026    133.197    20.2194    36.7116 9.8599e-06      986.0 9.6450e-05       5.63 0.0000e+00
    135.000    134.191    20.1878   5.025214     1.6374    -0.0291     0.0793      0.662 1.0000e-12    5.09572    7.28229     2.3426     3.3478    101.968    26.0209    26.0141    134.191    20.1625    36.7067 9.3090e-06      930.9 9.1061e-05       5.47 0.0000e+00
    136.000    135.184    20.1369   5.018988     1.6291    -0.0282     0.0795      0.751 1.0000e-12    5.10071    7.28942     2.3348     3.3366    101.625    26.0291    26.0223    135.185    20.1114    36.6995 8.7070e-06      870.7 8.5172e-05       5.29 0.0000e+00
    137.000    136.178    20.0884   5.013541     1.6240    -0.0264     0.0795      0.800 1.0000e-12    5.10534    7.29604     2.3374     3.3403    101.737    26.0398    26.0330    136.178    20.0628    36.6966 7.8513e-06      785.1 7.6802e-05       5.02 0.0000e+00
    138.000    137.171    20.0421   5.007497     1.6274    -0.0063     0.0763      0.658 1.0000e-12    5.10999    7.30269     2.3593     3.3716    102.691    26.0447    26.0379    137.172    20.0163    36.6868 7.3690e-06      736.9 7.2084e-05       4.86 0.0000e+00
    139.000    138.166    19.9884   5.001648     1.6313    -0.0210     0.0716      0.837 1.0000e-12    5.11509    7.30997     2.3679     3.3839    103.064    26.0577    26.0508    138.166    19.9625    36.6851 7.6511e-06      765.1 7.4843e-05       4.96 0.0000e+00
    140.000    139.159    19.9737   5.000028     1.6314    -0.0211     0.0771      1.143 1.0000e-12    5.11650    7.31199     2.3574     3.3690    102.608    26.0610    26.0540    139.159    19.9476    36.6841 9.4549e-06      945.5 9.2488e-05       5.51 0.0000e+00
    141.000    140.153    19.9688   4.999450     1.5995    -0.0184     0.0754      0.226 1.0000e-12    5.11699    7.31269     2.2232     3.1772     96.765    26.0617    26.0547    140.153    19.9425    36.6833 1.1061e-05     1106.1 1.0820e-04       5.96 0.0000e+00
    142.000    141.147    19.9541   4.997468     1.5605    -0.0150     0.0710      0.736 1.0000e-12    5.11849    7.31484     2.1266     3.0391     92.561    26.0626    26.0556    141.147    19.9277    36.6794 1.1918e-05     1191.8 1.1658e-04       6.19 0.0000e+00
    143.000    142.141    19.8276   4.981299     1.5197    -0.0250     0.0783      1.101 1.0000e-12    5.13118    7.33296     2.0490     2.9282     89.183    26.0782    26.0712    142.140    19.8011    36.6559 1.2658e-05     1265.8 1.2382e-04       6.38 0.0000e+00
    144.000    143.134    19.6561   4.959709     1.4652    -0.0219     0.0810      0.436 1.0000e-12    5.14836    7.35752     1.9826     2.8334     86.292    26.1011    26.0941    143.134    19.6296    36.6265 1.2864e-05     1286.4 1.2584e-04       6.43 0.0000e+00
    145.000    144.127    19.4658   4.938303     1.4510    -0.0130     0.0808      0.707 1.0000e-12    5.16692    7.38405     1.9858     2.8380     86.428    26.1421    26.1351    144.128    19.4393    36.6149 1.3015e-05     1301.5 1.2731e-04       6.46 0.0000e+00
    146.000    145.121    19.4283   4.934158     1.4422    -0.0148     0.0898      1.122 1.0000e-12    5.17059    7.38929     1.9770     2.8253     86.043    26.1504    26.1434    145.121    19.4016    36.6129 1.2606e-05     1260.6 1.2331e-04       6.36 0.0000e+00
    147.000    146.115    19.4158   4.932274     1.4306    -0.0192     0.0923      0.492 1.0000e-12    5.17195    7.39123     1.9616     2.8032     85.370    26.1497    26.1427    146.115    19.3890    36.6077 1.1429e-05     1142.9 1.1180e-04       6.06 0.0000e+00
    148.000    147.108    19.3684   4.926745     1.4247    -0.0240     0.0854      0.647 1.0000e-12    5.17665    7.39796     1.9506     2.7875     84.891    26.1584    26.1514    147.108    19.3414    36.6028 9.4717e-06      947.2 9.2652e-05       5.52 0.0000e+00
    149.000    148.102    19.3341   4.922697     1.4182    -0.0248     0.0847      0.946 1.0000e-12    5.18009    7.40286     1.9344     2.7645     84.187    26.1643    26.1572    148.102    19.3070    36.5988 7.3284e-06      732.8 7.1687e-05       4.85 0.0000e+00
    150.000    149.096    19.2920   4.917713     1.4073    -0.0151     0.0846      0.839 1.0000e-12    5.18430    7.40889     1.9078     2.7264     83.028    26.1714    26.1643    149.096    19.2647    36.5937 5.6420e-06      564.2 5.5191e-05       4.26 0.0000e+00
    151.000    150.089    19.2543   4.913278     1.3942    -0.0324     0.0837      0.620 1.0000e-12    5.18808    7.41429     1.8858     2.6950     82.071    26.1779    26.1708    150.089    19.2269    36.5894 5.4525e-06      545.3 5.3337e-05       4.18 0.0000e+00
    152.000    151.082    19.2195   4.909111     1.3859    -0.0152     0.0814      0.784 1.0000e-12    5.19160    7.41931     1.8729     2.6766     81.509    26.1834    26.1763    151.083    19.1919    36.5848 5.6134e-06      561.3 5.4911e-05       4.25 0.0000e+00
    153.000    152.076    19.1895   4.905720     1.3769    -0.0210     0.0838      0.830 1.0000e-12    5.19458    7.42357     1.8509     2.6451     80.550    26.1894    26.1822    152.076    19.1618    36.5824 5.4126e-06      541.3 5.2946e-05       4.17 0.0000e+00
    154.000    153.070    19.1681   4.903029     1.3629    -0.0254     0.0809      0.554 1.0000e-12    5.19678    7.42672     1.8184     2.5987     79.139    26.1919    26.1846    153.070    19.1402    36.5783 5.1916e-06      519.2 5.0784e-05       4.08 0.0000e+00
    155.000    154.064    19.1353   4.899147     1.3524    -0.0154     0.0834      0.921 1.0000e-12    5.20008    7.43144     1.7994     2.5715     78.310    26.1973    26.1900    154.064    19.1073    36.5742 4.9877e-06      498.8 4.8790e-05       4.00 0.0000e+00
    156.000    155.058    19.1088   4.895840     1.3427    -0.0200     0.0834      0.837 1.0000e-12    5.20281    7.43534     1.7826     2.5475     77.577    26.2005    26.1932    155.057    19.0806    36.5694 4.8340e-06      483.4 4.7287e-05       3.94 0.0000e+00
    157.000    156.051    19.0551   4.889575     1.3318    -0.0199     0.0897      0.840 1.0000e-12    5.20821    7.44306     1.7613     2.5171     76.653    26.2101    26.2028    156.051    19.0268    36.5637 4.8349e-06      483.5 4.7295e-05       3.94 0.0000e+00
    158.000    157.044    19.0270   4.886263     1.3171    -0.0161     0.0855      0.586 1.0000e-12    5.21106    7.44712     1.7240     2.4639     75.030    26.2147    26.2074    157.044    18.9985    36.5603 4.8389e-06      483.9 4.7335e-05       3.94 0.0000e+00
    159.000    158.038    19.0122   4.884499     1.2984    -0.0166     0.0812      0.673 1.0000e-12    5.21257    7.44929     1.6626     2.3760     72.353    26.2169    26.2095    158.038    18.9836    36.5581 4.9034e-06      490.3 4.7966e-05       3.97 0.0000e+00
    160.000    159.032    18.9843   4.881273     1.2750    -0.0294     0.0828      0.930 1.0000e-12    5.21538    7.45330     1.6144     2.3071     70.255    26.2219    26.2145    159.031    18.9555    36.5552 4.7899e-06      479.0 4.6854e-05       3.92 0.0000e+00
    161.000    160.025    18.9521   4.877289     1.2549    -0.0225     0.0857      0.893 1.0000e-12    5.21870    7.45804     1.5849     2.2650     68.974    26.2260    26.2186    160.025    18.9232    36.5497 4.5517e-06      455.2 4.4525e-05       3.82 0.0000e+00
    162.000    161.018    18.9064   4.871728     1.2387    -0.0192     0.0856      0.626 1.0000e-12    5.22339    7.46475     1.5602     2.2297     67.898    26.2325    26.2250    161.019    18.8774    36.5428 4.0652e-06      406.5 3.9766e-05       3.61 0.0000e+00
    163.000    162.012    18.8757   4.867996     1.2292    -0.0092     0.0906      1.052 1.0000e-12    5.22654    7.46925     1.5452     2.2083     67.246    26.2368    26.2293    162.012    18.8465    36.5381 3.7715e-06      377.2 3.6893e-05       3.48 0.0000e+00
    164.000    163.005    18.8479   4.864781     1.2187    -0.0108     0.0901      0.779 1.0000e-12    5.22936    7.47329     1.5355     2.1944     66.822    26.2417    26.2342    163.006    18.8186    36.5351 3.6347e-06      363.5 3.5554e-05       3.42 0.0000e+00
    165.000    163.999    18.8323   4.863123     1.2134    -0.0227     0.0884      0.654 1.0000e-12    5.23091    7.47550     1.5284     2.1843     66.515    26.2453    26.2377    163.999    18.8028    36.5345 3.5622e-06      356.2 3.4846e-05       3.38 0.0000e+00
    166.000    164.993    18.8241   4.862199     1.2101    -0.0208     0.0932      1.021 1.0000e-12    5.23175    7.47669     1.5210     2.1736     66.190    26.2467    26.2391    164.993    18.7944    36.5336 3.6538e-06      365.4 3.5741e-05       3.43 0.0000e+00
    167.000    165.986    18.8187   4.861536     1.2012    -0.0111     0.0940      0.782 1.0000e-12    5.23232    7.47751     1.4906     2.1302     64.868    26.2472    26.2395    165.986    18.7889    36.5324 3.7137e-06      371.4 3.6327e-05       3.45 0.0000e+00
    168.000    166.980    18.8011   4.859369     1.1881    -0.0128     0.0916      0.718 1.0000e-12    5.23415    7.48012     1.4587     2.0846     63.480    26.2493    26.2417    166.980    18.7711    36.5293 4.2070e-06      420.7 4.1153e-05       3.68 0.0000e+00
    169.000    167.974    18.7591   4.854247     1.1752    -0.0099     0.0897      0.827 1.0000e-12    5.23848    7.48631     1.4310     2.0450     62.271    26.2551    26.2474    167.973    18.7290    36.5227 4.8080e-06      480.8 4.7032e-05       3.93 0.0000e+00
    170.000    168.967    18.7225   4.850087     1.1596    -0.0187     0.0889      0.731 1.0000e-12    5.24219    7.49161     1.3903     1.9869     60.504    26.2620    26.2543    168.967    18.6922    36.5195 5.3189e-06      531.9 5.2030e-05       4.13 0.0000e+00
    171.000    169.960    18.6749   4.844296     1.1383    -0.0178     0.0922      0.875 1.0000e-12    5.24711    7.49865     1.3246     1.8930     57.643    26.2686    26.2609    169.960    18.6445    36.5123 5.7594e-06      575.9 5.6338e-05       4.30 0.0000e+00
    172.000    170.954    18.6452   4.840641     1.1013    -0.0180     0.0848      0.614 1.0000e-12    5.25021    7.50307     1.2394     1.7712     53.934    26.2723    26.2646    170.954    18.6147    36.5072 6.0288e-06      602.9 5.8974e-05       4.40 0.0000e+00
    173.000    171.948    18.5645   4.830800     1.0789    -0.0120     0.0856      0.866 1.0000e-12    5.25859    7.51505     1.2084     1.7269     52.585    26.2834    26.2756    171.947    18.5339    36.4948 5.9669e-06      596.7 5.8368e-05       4.38 0.0000e+00
    174.000    172.941    18.5219   4.825864     1.0555    -0.0150     0.0861      0.811 1.0000e-12    5.26296    7.52130     1.1626     1.6615     50.591    26.2907    26.2829    172.941    18.4911    36.4903 5.5999e-06      560.0 5.4778e-05       4.24 0.0000e+00
    175.000    173.934    18.4968   4.822759     1.0283    -0.0150     0.0833      0.614 1.0000e-12    5.26560    7.52506     1.1002     1.5722     47.874    26.2937    26.2858    173.934    18.4659    36.4858 5.1237e-06      512.4 5.0120e-05       4.06 0.0000e+00
    176.000    174.928    18.4697   4.819624     1.0069    -0.0150     0.0818      0.726 1.0000e-12    5.26839    7.52906     1.0624     1.5183     46.231    26.2983    26.2904    174.928    18.4386    36.4828 4.6866e-06      468.7 4.5845e-05       3.88 0.0000e+00
    177.000    175.921    18.4342   4.815369     0.9916    -0.0150     0.0872      0.991 1.0000e-12    5.27209    7.53434     1.0347     1.4787     45.026    26.3034    26.2955    175.921    18.4030    36.4777 4.2261e-06      422.6 4.1340e-05       3.68 0.0000e+00
    178.000    176.914    18.4153   4.813236     0.9715    -0.0104     0.0863      0.653 1.0000e-12    5.27402    7.53711     0.9922     1.4180     43.176    26.3068    26.2989    176.915    18.3840    36.4759 3.5685e-06      356.9 3.4908e-05       3.39 0.0000e+00
    179.000    177.908    18.3958   4.810881     0.9538    -0.0174     0.0852      0.685 1.0000e-12    5.27607    7.54003     0.9539     1.3632     41.508    26.3094    26.3014    177.908    18.3643    36.4728 3.1515e-06      315.1 3.0828e-05       3.18 0.0000e+00
    180.000    178.902    18.3760   4.808512     0.9399    -0.0022     0.0875      0.906 1.0000e-12    5.27814    7.54299     0.9290     1.3276     40.426    26.3121    26.3041    178.902    18.3444    36.4698 2.8167e-06      281.7 2.7553e-05       3.01 0.0000e+00
    181.000    179.895    18.3538   4.805994     0.9290    -0.0202     0.0911      0.981 1.0000e-12    5.28042    7.54625     0.9102     1.3007     39.605    26.3161    26.3081    179.895    18.3220    36.4677 2.4982e-06      249.8 2.4438e-05       2.83 0.0000e+00
