CTD_data/C216_2_2.cnv
* Sea-Bird SBE 25 Data File:
* FileName = C:\CTD_Data\C216\C216_2_2.hex
* Software Version Seasave V 7.19
* Temperature SN = 4430
* Conductivity SN = 3138
* System UpLoad Time = Nov 06 2014 07:12:20
** Ship: hermano gines
** Station: C216
** Operator: Luis Medina
** Latitude: 10 30.09
** Longitude: 64 40.20
** segundo perfil
# nquan = 24                                
# nvalues = 1850                        
# units = specified
# name 0 = prSM: Pressure, Strain Gauge [db]
# name 1 = depSM: Depth [salt water, m], lat = 10.50
# name 2 = t090C: Temperature [ITS-90, deg C]
# name 3 = c0S/m: Conductivity [S/m]
# name 4 = sbeox0V: Oxygen raw, SBE 43 [V]
# name 5 = flECO-AFL: Fluorescence, WET Labs ECO-AFL/FL [mg/m^3]
# name 6 = bat: Beam Attenuation, Chelsea/Seatech [1/m]
# name 7 = dz/dtM: Descent Rate [m/s]
# name 8 = par: PAR/Irradiance, Biospherical/Licor
# name 9 = oxsatML/L: Oxygen Saturation, Weiss [ml/l]
# name 10 = oxsatMg/L: Oxygen Saturation, Weiss [mg/l]
# name 11 = sbeox0ML/L: Oxygen, SBE 43 [ml/l], WS = 2
# name 12 = sbeox0Mg/L: Oxygen, SBE 43 [mg/l], WS = 2
# name 13 = sbeox0Mm/Kg: Oxygen, SBE 43 [umol/kg], WS = 2
# name 14 = sigma-é00: Density [sigma-theta, kg/m^3]
# name 15 = sigma-t00: Density [sigma-t, kg/m^3 ]
# name 16 = depSM: Depth [salt water, m], lat = 10.5
# name 17 = potemp090C: Potential Temperature [ITS-90, deg C]
# name 18 = sal00: Salinity, Practical [PSU]
# name 19 = E: stability, E [rad^2/m]
# name 20 = E10^-8: stability, E [10^-8 rad^2/m]
# name 21 = N^2: buoyancy frequency, N^2 [rad^2/s^2]
# name 22 = N: buoyancy frequency, N [cycles/h]
# name 23 = flag: flag
# span 0 =      0.000,    925.000       
# span 1 =     -0.000,    917.711       
# span 2 =    17.2546,    26.9663       
# span 3 =   4.692966,   5.747702       
# span 4 =     0.5240,     2.6244       
# span 5 =    -0.1041,    41.5214       
# span 6 =     0.0203,     1.3559       
# span 7 =     -1.368,      4.217       
# span 8 = 1.0000e-12, 1.0000e-12       
# span 9 =    4.52931,    5.39908       
# span 10 =    6.47283,    7.71583      
# span 11 =     0.0490,     3.7245      
# span 12 =     0.0701,     5.3227      
# span 13 =      2.133,    162.379      
# span 14 =    23.9747,    26.4585      
# span 15 =    23.9746,    26.4266      
# span 16 =      0.000,    917.712      
# span 17 =    17.1038,    26.9661      
# span 18 =    36.2617,    36.8916      
# span 19 = -4.530e-08, 5.1271e-05      
# span 20 =       -4.5,     5127.1      
# span 21 = -4.431e-07, 5.0154e-04      
# span 22 =      -0.38,      12.83      
# span 23 = 0.0000e+00, 0.0000e+00      
# interval = decibars: 1                
# start_time = Nov 06 2014 07:12:20 [System UpLoad Time]
# bad_flag = -9.990e-29
*END*
[from data line 785]
    786.000    780.066    17.2560   4.695474     0.5249     0.0353     0.0268      0.762 1.0000e-12    5.39891    7.71559     0.0538     0.0769      2.342    26.4568    26.4244    780.066    17.1219    36.2656 4.1224e-09        0.4 4.0326e-08       0.12 0.0000e+00
    787.000    781.057    17.2560   4.695547     0.5250     0.0387     0.0294      0.699 1.0000e-12    5.39890    7.71558     0.0557     0.0796      2.423    26.4570    26.4246    781.057    17.1217    36.2658 4.1194e-09        0.4 4.0297e-08       0.12 0.0000e+00
    788.000    782.047    17.2562   4.695605     0.5249     0.0298     0.0288      0.866 1.0000e-12    5.39889    7.71555     0.0532     0.0760      2.314    26.4570    26.4245    782.047    17.1218    36.2658 1.1336e-08        1.1 1.1088e-07       0.19 0.0000e+00
    789.000    783.038    17.2563   4.695642     0.5247     0.0276     0.0277      0.829 1.0000e-12    5.39888    7.71554     0.0528     0.0754      2.296    26.4569    26.4244    783.038    17.1217    36.2657 1.9902e-08        2.0 1.9468e-07       0.25 0.0000e+00
    790.000    784.028    17.2561   4.695650     0.5249     0.0354     0.0270      0.599 1.0000e-12    5.39890    7.71557     0.0554     0.0791      2.408    26.4569    26.4243    784.028    17.1213    36.2655 1.3990e-08        1.4 1.3686e-07       0.21 0.0000e+00
    791.000    785.019    17.2560   4.695684     0.5250     0.0233     0.0313      0.641 1.0000e-12    5.39892    7.71560     0.0537     0.0767      2.336    26.4570    26.4244    785.019    17.1211    36.2655 1.9854e-08        2.0 1.9422e-07       0.25 0.0000e+00
    792.000    786.010    17.2559   4.695705     0.5250     0.0273     0.0287      0.900 1.0000e-12    5.39893    7.71561     0.0552     0.0789      2.403    26.4570    26.4243    786.010    17.1208    36.2654 2.0969e-08        2.1 2.0512e-07       0.26 0.0000e+00
    793.000    787.000    17.2559   4.695759     0.5252     0.0353     0.0268      0.507 1.0000e-12    5.39892    7.71561     0.0544     0.0777      2.365    26.4571    26.4244    787.000    17.1206    36.2655 2.5252e-08        2.5 2.4701e-07       0.28 0.0000e+00
    794.000    787.991    17.2557   4.695755     0.5247     0.0333     0.0275      0.733 1.0000e-12    5.39896    7.71565     0.0535     0.0764      2.327    26.4570    26.4243    787.991    17.1202    36.2653 1.7578e-08        1.8 1.7195e-07       0.24 0.0000e+00
    795.000    788.981    17.2554   4.695758     0.5250     0.0382     0.0279      0.770 1.0000e-12    5.39899    7.71570     0.0544     0.0778      2.369    26.4570    26.4243    788.981    17.1198    36.2652 1.9871e-08        2.0 1.9437e-07       0.25 0.0000e+00
    796.000    789.972    17.2555   4.695825     0.5249     0.0329     0.0278      0.630 1.0000e-12    5.39897    7.71567     0.0546     0.0780      2.376    26.4571    26.4243    789.972    17.1197    36.2653 1.7866e-08        1.8 1.7477e-07       0.24 0.0000e+00
    797.000    790.963    17.2554   4.695855     0.5249     0.0406     0.0273      0.749 1.0000e-12    5.39899    7.71569     0.0540     0.0771      2.349    26.4572    26.4243    790.962    17.1194    36.2653 2.2177e-08        2.2 2.1694e-07       0.27 0.0000e+00
    798.000    791.953    17.2553   4.695868     0.5249     0.0325     0.0271      0.700 1.0000e-12    5.39900    7.71571     0.0545     0.0779      2.373    26.4571    26.4242    791.953    17.1191    36.2651 2.8298e-08        2.8 2.7682e-07       0.30 0.0000e+00
    799.000    792.943    17.2555   4.695897     0.5250     0.0393     0.0288      0.640 1.0000e-12    5.39899    7.71570     0.0540     0.0772      2.349    26.4569    26.4239    792.943    17.1192    36.2648 2.8319e-08        2.8 2.7701e-07       0.30 0.0000e+00
    800.000    793.934    17.2555   4.695974     0.5247     0.0295     0.0280      0.793 1.0000e-12    5.39898    7.71568     0.0539     0.0770      2.343    26.4572    26.4242    793.934    17.1190    36.2651 3.1263e-08        3.1 3.0581e-07       0.32 0.0000e+00
    801.000    794.924    17.2556   4.696025     0.5253     0.0330     0.0298      0.665 1.0000e-12    5.39897    7.71567     0.0553     0.0790      2.405    26.4572    26.4241    794.924    17.1189    36.2651 2.8088e-08        2.8 2.7476e-07       0.30 0.0000e+00
    802.000    795.915    17.2553   4.696032     0.5247     0.0356     0.0277      0.733 1.0000e-12    5.39900    7.71572     0.0536     0.0766      2.331    26.4572    26.4242    795.915    17.1184    36.2651 2.5154e-08        2.5 2.4606e-07       0.28 0.0000e+00
    803.000    796.906    17.2553   4.696086     0.5248     0.0345     0.0276      0.311 1.0000e-12    5.39900    7.71571     0.0546     0.0781      2.376    26.4573    26.4242    796.905    17.1183    36.2652 2.6967e-08        2.7 2.6379e-07       0.29 0.0000e+00
    804.000    797.895    17.2553   4.696093     0.5249     0.0391     0.0396      0.927 1.0000e-12    5.39901    7.71573     0.0540     0.0772      2.350    26.4572    26.4240    797.896    17.1181    36.2649 2.3357e-08        2.3 2.2848e-07       0.27 0.0000e+00
    805.000    798.886    17.2551   4.696136     0.5248     0.0300     0.0294      0.834 1.0000e-12    5.39902    7.71575     0.0548     0.0783      2.384    26.4574    26.4242    798.886    17.1177    36.2650 7.7704e-09        0.8 7.6011e-08       0.16 0.0000e+00
    806.000    799.877    17.2551   4.696156     0.5251     0.0349     0.0274      0.700 1.0000e-12    5.39903    7.71576     0.0543     0.0776      2.361    26.4573    26.4240    799.877    17.1175    36.2648 3.3132e-10        0.0 3.2409e-09       0.03 0.0000e+00
    807.000    800.867    17.2552   4.696196     0.5249     0.0273     0.0286      0.671 1.0000e-12    5.39903    7.71575     0.0541     0.0773      2.354    26.4572    26.4239    800.867    17.1175    36.2647 -7.334e-09       -0.7 -7.174e-08      -0.15 0.0000e+00
    808.000    801.858    17.2552   4.696239     0.5253     0.0327     0.0272      0.341 1.0000e-12    5.39903    7.71575     0.0560     0.0800      2.435    26.4572    26.4239    801.858    17.1173    36.2647 -5.058e-09       -0.5 -4.947e-08      -0.13 0.0000e+00
    809.000    802.848    17.2554   4.696297     0.5254     0.0241     0.0271      0.653 1.0000e-12    5.39901    7.71572     0.0548     0.0784      2.386    26.4572    26.4238    802.848    17.1173    36.2647 1.3043e-08        1.3 1.2759e-07       0.20 0.0000e+00
    810.000    803.839    17.2554   4.696345     0.5249     0.0323     0.0284      1.031 1.0000e-12    5.39901    7.71572     0.0537     0.0768      2.337    26.4573    26.4239    803.839    17.1172    36.2647 6.0478e-09        0.6 5.9159e-08       0.14 0.0000e+00
    811.000    804.829    17.2555   4.696382     0.5247     0.0329     0.0272      0.759 1.0000e-12    5.39900    7.71571     0.0530     0.0757      2.306    26.4572    26.4237    804.829    17.1171    36.2646 1.2161e-08        1.2 1.1896e-07       0.20 0.0000e+00
    812.000    805.819    17.2554   4.696409     0.5250     0.0383     0.0277      0.752 1.0000e-12    5.39902    7.71573     0.0555     0.0793      2.414    26.4572    26.4237    805.820    17.1168    36.2645 1.7142e-08        1.7 1.6769e-07       0.23 0.0000e+00
    813.000    806.810    17.2555   4.696475     0.5245     0.0344     0.0274      0.747 1.0000e-12    5.39900    7.71571     0.0529     0.0757      2.303    26.4573    26.4238    806.810    17.1167    36.2646 1.8496e-08        1.8 1.8093e-07       0.24 0.0000e+00
    814.000    807.801    17.2554   4.696523     0.5249     0.0356     0.0272      0.681 1.0000e-12    5.39900    7.71571     0.0546     0.0780      2.374    26.4575    26.4239    807.801    17.1165    36.2648 1.9855e-08        2.0 1.9422e-07       0.25 0.0000e+00
    815.000    808.791    17.2556   4.696543     0.5249     0.0238     0.0274      0.749 1.0000e-12    5.39900    7.71571     0.0545     0.0780      2.373    26.4572    26.4236    808.791    17.1165    36.2644 2.3472e-08        2.3 2.2960e-07       0.27 0.0000e+00
    816.000    809.781    17.2557   4.696608     0.5250     0.0411     0.0276      0.572 1.0000e-12    5.39898    7.71568     0.0547     0.0781      2.379    26.4573    26.4236    809.781    17.1164    36.2645 2.6643e-08        2.7 2.6062e-07       0.29 0.0000e+00
    817.000    810.772    17.2558   4.696674     0.5251     0.0276     0.0272      0.754 1.0000e-12    5.39897    7.71567     0.0554     0.0792      2.413    26.4574    26.4237    810.772    17.1163    36.2646 1.8738e-08        1.9 1.8330e-07       0.25 0.0000e+00
    818.000    811.762    17.2556   4.696683     0.5251     0.0380     0.0273      0.540 1.0000e-12    5.39899    7.71570     0.0534     0.0762      2.321    26.4574    26.4236    811.762    17.1160    36.2645 1.4432e-08        1.4 1.4118e-07       0.22 0.0000e+00
    819.000    812.753    17.2558   4.696747     0.5247     0.0293     0.0278      0.784 1.0000e-12    5.39898    7.71567     0.0540     0.0771      2.348    26.4574    26.4236    812.753    17.1160    36.2645 7.8688e-09        0.8 7.6973e-08       0.16 0.0000e+00
    820.000    813.743    17.2556   4.696767     0.5249     0.0360     0.0280      0.898 1.0000e-12    5.39899    7.71570     0.0548     0.0783      2.384    26.4574    26.4236    813.743    17.1156    36.2645 2.1213e-08        2.1 2.0750e-07       0.26 0.0000e+00
    821.000    814.733    17.2558   4.696832     0.5250     0.0437     0.0272      0.750 1.0000e-12    5.39897    7.71567     0.0542     0.0775      2.359    26.4574    26.4236    814.734    17.1156    36.2645 8.1060e-09        0.8 7.9293e-08       0.16 0.0000e+00
    822.000    815.724    17.2559   4.696862     0.5249     0.0287     0.0273      0.859 1.0000e-12    5.39897    7.71566     0.0549     0.0784      2.388    26.4573    26.4234    815.724    17.1156    36.2643 6.3114e-09        0.6 6.1738e-08       0.14 0.0000e+00
    823.000    816.715    17.2556   4.696883     0.5250     0.0409     0.0280      0.850 1.0000e-12    5.39899    7.71571     0.0542     0.0775      2.360    26.4575    26.4235    816.714    17.1151    36.2643 -6.836e-10       -0.1 -6.687e-09      -0.05 0.0000e+00
    824.000    817.705    17.2556   4.696901     0.5248     0.0311     0.0272      0.399 1.0000e-12    5.39901    7.71572     0.0541     0.0773      2.354    26.4574    26.4234    817.705    17.1149    36.2641 1.3601e-09        0.1 1.3304e-08       0.07 0.0000e+00
    825.000    818.696    17.2559   4.697001     0.5249     0.0353     0.0275      0.636 1.0000e-12    5.39897    7.71566     0.0547     0.0782      2.381    26.4575    26.4235    818.695    17.1150    36.2644 4.0958e-09        0.4 4.0065e-08       0.11 0.0000e+00
    826.000    819.686    17.2560   4.697027     0.5249     0.0382     0.0273      0.992 1.0000e-12    5.39897    7.71566     0.0544     0.0778      2.369    26.4573    26.4233    819.686    17.1150    36.2641 7.9328e-09        0.8 7.7599e-08       0.16 0.0000e+00
    827.000    820.676    17.2561   4.697100     0.5248     0.0393     0.0284      0.641 1.0000e-12    5.39895    7.71564     0.0542     0.0775      2.358    26.4575    26.4234    820.676    17.1149    36.2643 9.9661e-09        1.0 9.7489e-08       0.18 0.0000e+00
    828.000    821.667    17.2561   4.697110     0.5251     0.0396     0.0280      0.704 1.0000e-12    5.39896    7.71565     0.0546     0.0780      2.376    26.4573    26.4232    821.666    17.1147    36.2640 2.5076e-09        0.3 2.4529e-08       0.09 0.0000e+00
    829.000    822.657    17.2562   4.697182     0.5246     0.0334     0.0274      0.734 1.0000e-12    5.39894    7.71562     0.0534     0.0763      2.323    26.4575    26.4233    822.657    17.1146    36.2642 9.7360e-09        1.0 9.5238e-08       0.18 0.0000e+00
    830.000    823.647    17.2565   4.697272     0.5249     0.0388     0.0269      0.855 1.0000e-12    5.39890    7.71557     0.0556     0.0794      2.418    26.4575    26.4233    823.647    17.1148    36.2643 6.3400e-09        0.6 6.2018e-08       0.14 0.0000e+00
    831.000    824.637    17.2560   4.697234     0.5252     0.0320     0.0280      0.870 1.0000e-12    5.39897    7.71566     0.0555     0.0793      2.413    26.4575    26.4232    824.638    17.1141    36.2640 9.5111e-09        1.0 9.3038e-08       0.17 0.0000e+00
    832.000    825.628    17.2560   4.697258     0.5250     0.0408     0.0275      0.556 1.0000e-12    5.39897    7.71567     0.0546     0.0780      2.376    26.4574    26.4231    825.628    17.1139    36.2639 6.5802e-09        0.7 6.4368e-08       0.15 0.0000e+00
    833.000    826.618    17.2561   4.697307     0.5251     0.0422     0.0278      0.819 1.0000e-12    5.39896    7.71566     0.0547     0.0781      2.378    26.4574    26.4230    826.618    17.1138    36.2638 1.1784e-08        1.2 1.1528e-07       0.19 0.0000e+00
    834.000    827.609    17.2561   4.697362     0.5247     0.0289     0.0274      0.598 1.0000e-12    5.39896    7.71565     0.0539     0.0770      2.344    26.4575    26.4231    827.609    17.1137    36.2640 1.6541e-08        1.7 1.6180e-07       0.23 0.0000e+00
    835.000    828.599    17.2563   4.697425     0.5253     0.0303     0.0280      0.672 1.0000e-12    5.39893    7.71562     0.0556     0.0795      2.419    26.4575    26.4231    828.599    17.1137    36.2639 1.3604e-08        1.4 1.3308e-07       0.21 0.0000e+00
    836.000    829.589    17.2564   4.697458     0.5248     0.0334     0.0286      0.781 1.0000e-12    5.39893    7.71562     0.0538     0.0770      2.343    26.4574    26.4229    829.589    17.1136    36.2638 1.7228e-08        1.7 1.6853e-07       0.24 0.0000e+00
    837.000    830.579    17.2565   4.697524     0.5252     0.0296     0.0285      0.779 1.0000e-12    5.39892    7.71560     0.0552     0.0789      2.403    26.4575    26.4230    830.580    17.1135    36.2639 2.0393e-08        2.0 1.9949e-07       0.26 0.0000e+00
    838.000    831.570    17.2563   4.697536     0.5248     0.0355     0.0274      0.839 1.0000e-12    5.39894    7.71563     0.0539     0.0770      2.344    26.4575    26.4229    831.570    17.1132    36.2638 1.4288e-08        1.4 1.3977e-07       0.21 0.0000e+00
    839.000    832.560    17.2565   4.697636     0.5249     0.0337     0.0274      0.788 1.0000e-12    5.39891    7.71558     0.0547     0.0781      2.379    26.4578    26.4231    832.560    17.1132    36.2641 1.6551e-08        1.7 1.6190e-07       0.23 0.0000e+00
    840.000    833.550    17.2563   4.697601     0.5250     0.0310     0.0279      0.902 1.0000e-12    5.39895    7.71564     0.0542     0.0774      2.357    26.4575    26.4228    833.551    17.1128    36.2636 2.1969e-08        2.2 2.1490e-07       0.27 0.0000e+00
    841.000    834.541    17.2561   4.697625     0.5245     0.0395     0.0291      0.622 1.0000e-12    5.39897    7.71566     0.0538     0.0769      2.342    26.4576    26.4229    834.541    17.1125    36.2636 3.1680e-08        3.2 3.0989e-07       0.32 0.0000e+00
    842.000    835.531    17.2563   4.697693     0.5250     0.0311     0.0284      0.495 1.0000e-12    5.39895    7.71563     0.0550     0.0786      2.393    26.4576    26.4228    835.531    17.1125    36.2637 2.7383e-08        2.7 2.6786e-07       0.30 0.0000e+00
    843.000    836.522    17.2564   4.697727     0.5250     0.0340     0.0274      0.805 1.0000e-12    5.39895    7.71563     0.0544     0.0778      2.369    26.4575    26.4227    836.522    17.1124    36.2635 2.1513e-08        2.2 2.1044e-07       0.26 0.0000e+00
    844.000    837.512    17.2564   4.697800     0.5245     0.0335     0.0269      0.767 1.0000e-12    5.39893    7.71562     0.0534     0.0763      2.323    26.4577    26.4229    837.512    17.1122    36.2638 1.7230e-08        1.7 1.6854e-07       0.24 0.0000e+00
    845.000    838.502    17.2560   4.697771     0.5248     0.0409     0.0273      0.781 1.0000e-12    5.39898    7.71569     0.0546     0.0780      2.374    26.4577    26.4228    838.502    17.1117    36.2635 2.1768e-08        2.2 2.1293e-07       0.26 0.0000e+00
