CTD_data/C216_3_3.cnv
* Sea-Bird SBE 25 Data File:
* FileName = C:\CTD_Data\C216_3\C216_3_3.hex
* Software Version Seasave V 7.19
* Temperature SN = 4430
* Conductivity SN = 3138
* System UpLoad Time = Nov 11 2014 00:18:23
** Ship: hermano gines
** Station: cariaco
** Operator: luis medina
** Latitude: 10 30.64 N
** Longitude: 64 39.44 W
# nquan = 24                                
# nvalues = 2626                        
# units = specified
# name 0 = prSM: Pressure, Strain Gauge [db]
# name 1 = depSM: Depth [salt water, m], lat = 10.50
# name 2 = t090C: Temperature [ITS-90, deg C]
# name 3 = c0S/m: Conductivity [S/m]
# name 4 = sbeox0V: Oxygen raw, SBE 43 [V]
# name 5 = flECO-AFL: Fluorescence, WET Labs ECO-AFL/FL [mg/m^3]
# name 6 = bat: Beam Attenuation, Chelsea/Seatech [1/m]
# name 7 = dz/dtM: Descent Rate [m/s]
# name 8 = par: PAR/Irradiance, Biospherical/Licor
# name 9 = oxsatML/L: Oxygen Saturation, Weiss [ml/l]
# name 10 = oxsatMg/L: Oxygen Saturation, Weiss [mg/l]
# name 11 = sbeox0ML/L: Oxygen, SBE 43 [ml/l], WS = 2
# name 12 = sbeox0Mg/L: Oxygen, SBE 43 [mg/l], WS = 2
# name 13 = sbeox0Mm/Kg: Oxygen, SBE 43 [umol/kg], WS = 2
# name 14 = sigma-é00: Density [sigma-theta, kg/m^3]
# name 15 = sigma-t00: Density [sigma-t, kg/m^3 ]
# name 16 = depSM: Depth [salt water, m], lat = 10.5
# name 17 = potemp090C: Potential Temperature [ITS-90, deg C]
# name 18 = sal00: Salinity, Practical [PSU]
# name 19 = E: stability, E [rad^2/m]
# name 20 = E10^-8: stability, E [10^-8 rad^2/m]
# name 21 = N^2: buoyancy frequency, N^2 [rad^2/s^2]
# name 22 = N: buoyancy frequency, N [cycles/h]
# name 23 = flag: flag
# span 0 =      0.000,   1313.000       
# span 1 =     -0.000,   1301.454       
# span 2 =    17.2558,    27.4020       
# span 3 =   4.691990,   5.792875       
# span 4 =     0.5242,     2.6806       
# span 5 =    -0.1568,     0.5691       
# span 6 =     0.0270,     0.1861       
# span 7 =     -1.504,      1.393       
# span 8 = 1.0000e-12, 1.0000e-12       
# span 9 =    4.49775,    5.39896       
# span 10 =    6.42773,    7.71565      
# span 11 =     0.0497,     3.7059      
# span 12 =     0.0710,     5.2961      
# span 13 =      2.161,    161.558      
# span 14 =    23.8232,    26.4615      
# span 15 =    23.8231,    26.4277      
# span 16 =      0.000,   1301.452      
# span 17 =    17.0718,    27.4004      
# span 18 =    36.2555,    36.9411      
# span 19 = -6.865e-07, 7.6025e-05      
# span 20 =      -68.6,     7602.5      
# span 21 = -6.715e-06, 7.4368e-04      
# span 22 =      -1.48,      15.62      
# span 23 = 0.0000e+00, 0.0000e+00      
# interval = decibars: 1                
# start_time = Nov 11 2014 00:18:23 [System UpLoad Time]
# bad_flag = -9.990e-29
*END*
[from data line 2114]
    511.000    507.477    17.3734   4.699411     0.5249     0.0137     0.0313     -0.784 1.0000e-12    5.38564    7.69662     0.0523     0.0746      2.273    26.4425    26.4214    507.477    17.2864    36.2987 7.2043e-08        7.2 7.0473e-07       0.48 0.0000e+00
    510.000    506.485    17.3742   4.699473     0.5250     0.0173     0.0307     -0.600 1.0000e-12    5.38555    7.69649     0.0526     0.0751      2.287    26.4424    26.4213    506.485    17.2873    36.2989 6.3968e-08        6.4 6.2574e-07       0.45 0.0000e+00
    509.000    505.493    17.3744   4.699455     0.5249     0.0170     0.0309     -0.804 1.0000e-12    5.38553    7.69646     0.0519     0.0742      2.260    26.4424    26.4213    505.493    17.2877    36.2990 4.5870e-08        4.6 4.4870e-07       0.38 0.0000e+00
    508.000    504.501    17.3749   4.699472     0.5248     0.0113     0.0315     -0.652 1.0000e-12    5.38547    7.69638     0.0519     0.0742      2.258    26.4423    26.4212    504.501    17.2884    36.2991 5.6397e-08        5.6 5.5168e-07       0.43 0.0000e+00
    507.000    503.509    17.3747   4.699417     0.5249     0.0037     0.0314     -0.463 1.0000e-12    5.38549    7.69640     0.0522     0.0746      2.271    26.4423    26.4214    503.509    17.2884    36.2992 8.8221e-08        8.8 8.6299e-07       0.53 0.0000e+00
    506.000    502.518    17.3753   4.699458     0.5249     0.0087     0.0310     -0.516 1.0000e-12    5.38542    7.69630     0.0521     0.0745      2.268    26.4423    26.4214    502.517    17.2891    36.2994 9.9529e-08       10.0 9.7360e-07       0.57 0.0000e+00
    505.000    501.526    17.3753   4.699375     0.5249     0.0063     0.0318     -0.857 1.0000e-12    5.38544    7.69633     0.0524     0.0748      2.279    26.4420    26.4211    501.526    17.2893    36.2990 9.7137e-08        9.7 9.5020e-07       0.56 0.0000e+00
    504.000    500.534    17.3750   4.699316     0.5250     0.0073     0.0315     -0.417 1.0000e-12    5.38546    7.69636     0.0523     0.0748      2.275    26.4421    26.4213    500.534    17.2892    36.2992 1.0645e-07       10.6 1.0413e-06       0.58 0.0000e+00
    503.000    499.542    17.3790   4.699782     0.5248     0.0161     0.0318     -0.752 1.0000e-12    5.38502    7.69573     0.0514     0.0735      2.237    26.4418    26.4210    499.542    17.2933    36.3000 1.2261e-07       12.3 1.1994e-06       0.63 0.0000e+00
    502.000    498.549    17.3798   4.699806     0.5249     0.0167     0.0308     -0.960 1.0000e-12    5.38494    7.69562     0.0528     0.0755      2.298    26.4414    26.4207    498.550    17.2943    36.2999 1.3803e-07       13.8 1.3502e-06       0.67 0.0000e+00
    501.000    497.558    17.3800   4.699823     0.5249     0.0169     0.0318     -0.797 1.0000e-12    5.38491    7.69558     0.0518     0.0741      2.255    26.4416    26.4209    497.558    17.2947    36.3002 1.3853e-07       13.9 1.3551e-06       0.67 0.0000e+00
    500.000    496.566    17.3808   4.699911     0.5249     0.0121     0.0313     -0.775 1.0000e-12    5.38481    7.69543     0.0521     0.0744      2.266    26.4417    26.4210    496.566    17.2956    36.3007 1.2509e-07       12.5 1.2237e-06       0.63 0.0000e+00
    499.000    495.574    17.3828   4.700117     0.5249     0.0128     0.0305     -0.773 1.0000e-12    5.38459    7.69512     0.0521     0.0744      2.265    26.4415    26.4208    495.574    17.2978    36.3010 1.2618e-07       12.6 1.2343e-06       0.64 0.0000e+00
    498.000    494.582    17.3852   4.700361     0.5249     0.0228     0.0317     -0.816 1.0000e-12    5.38433    7.69475     0.0521     0.0744      2.265    26.4411    26.4205    494.582    17.3004    36.3014 1.1108e-07       11.1 1.0866e-06       0.60 0.0000e+00
    497.000    493.590    17.3859   4.700406     0.5249     0.0184     0.0318     -0.974 1.0000e-12    5.38425    7.69463     0.0521     0.0745      2.268    26.4410    26.4205    493.590    17.3012    36.3015 1.2145e-07       12.1 1.1880e-06       0.62 0.0000e+00
    496.000    492.598    17.3859   4.700362     0.5249     0.0138     0.0314     -0.926 1.0000e-12    5.38425    7.69464     0.0520     0.0742      2.261    26.4410    26.4205    492.598    17.3014    36.3015 1.4384e-07       14.4 1.4071e-06       0.68 0.0000e+00
    495.000    491.606    17.3858   4.700311     0.5250     0.0137     0.0315     -0.621 1.0000e-12    5.38426    7.69465     0.0527     0.0754      2.294    26.4410    26.4205    491.606    17.3015    36.3016 1.6567e-07       16.6 1.6206e-06       0.73 0.0000e+00
    494.000    490.614    17.3867   4.700371     0.5250     0.0135     0.0306     -0.694 1.0000e-12    5.38417    7.69452     0.0521     0.0745      2.269    26.4408    26.4204    490.614    17.3026    36.3017 2.0059e-07       20.1 1.9622e-06       0.80 0.0000e+00
    493.000    489.622    17.3888   4.700613     0.5249     0.0071     0.0305     -0.946 1.0000e-12    5.38393    7.69418     0.0517     0.0739      2.251    26.4407    26.4203    489.622    17.3048    36.3023 2.1969e-07       22.0 2.1490e-06       0.84 0.0000e+00
    492.000    488.630    17.3907   4.700789     0.5249    -0.0018     0.0312     -0.928 1.0000e-12    5.38373    7.69388     0.0520     0.0743      2.263    26.4404    26.4200    488.630    17.3069    36.3025 2.4127e-07       24.1 2.3601e-06       0.88 0.0000e+00
    491.000    487.638    17.3931   4.701069     0.5249     0.0141     0.0306     -0.692 1.0000e-12    5.38346    7.69349     0.0520     0.0743      2.263    26.4403    26.4199    487.638    17.3095    36.3031 2.5141e-07       25.1 2.4593e-06       0.90 0.0000e+00
    490.000    486.647    17.3995   4.701871     0.5249     0.0186     0.0318     -0.863 1.0000e-12    5.38274    7.69247     0.0520     0.0743      2.262    26.4399    26.4196    486.646    17.3160    36.3047 2.6375e-07       26.4 2.5800e-06       0.92 0.0000e+00
    489.000    485.655    17.4027   4.702155     0.5249     0.0194     0.0305     -0.741 1.0000e-12    5.38241    7.69201     0.0520     0.0743      2.261    26.4391    26.4188    485.654    17.3194    36.3047 2.4119e-07       24.1 2.3593e-06       0.88 0.0000e+00
    488.000    484.662    17.4010   4.701900     0.5249     0.0041     0.0306     -0.869 1.0000e-12    5.38260    7.69227     0.0520     0.0743      2.261    26.4392    26.4190    484.662    17.3178    36.3044 2.3243e-07       23.2 2.2737e-06       0.86 0.0000e+00
    487.000    483.670    17.4029   4.702105     0.5249     0.0145     0.0302     -0.805 1.0000e-12    5.38239    7.69197     0.0520     0.0743      2.261    26.4391    26.4189    483.670    17.3199    36.3049 2.2423e-07       22.4 2.1934e-06       0.85 0.0000e+00
    486.000    482.678    17.4028   4.702054     0.5249     0.0166     0.0311     -0.848 1.0000e-12    5.38239    7.69198     0.0520     0.0743      2.261    26.4391    26.4189    482.678    17.3200    36.3049 2.0396e-07       20.4 1.9952e-06       0.81 0.0000e+00
    485.000    481.686    17.4043   4.702168     0.5248     0.0104     0.0303     -0.869 1.0000e-12    5.38224    7.69175     0.0513     0.0734      2.234    26.4387    26.4186    481.686    17.3217    36.3049 1.8853e-07       18.9 1.8442e-06       0.78 0.0000e+00
    484.000    480.694    17.4060   4.702404     0.5248     0.0076     0.0306     -0.656 1.0000e-12    5.38203    7.69146     0.0519     0.0741      2.257    26.4389    26.4189    480.694    17.3235    36.3058 1.9347e-07       19.3 1.8926e-06       0.79 0.0000e+00
    483.000    479.702    17.4080   4.702559     0.5249     0.0115     0.0311     -0.871 1.0000e-12    5.38183    7.69117     0.0523     0.0747      2.275    26.4384    26.4183    479.702    17.3257    36.3058 2.1081e-07       21.1 2.0621e-06       0.82 0.0000e+00
    482.000    478.710    17.4104   4.702795     0.5249    -0.0456     0.0314     -0.884 1.0000e-12    5.38157    7.69080     0.0518     0.0740      2.254    26.4380    26.4180    478.710    17.3282    36.3061 2.1399e-07       21.4 2.0933e-06       0.83 0.0000e+00
    481.000    477.718    17.4116   4.702943     0.5249    -0.1110     0.0320     -0.593 1.0000e-12    5.38142    7.69059     0.0520     0.0743      2.262    26.4381    26.4181    477.718    17.3296    36.3067 2.1834e-07       21.8 2.1358e-06       0.84 0.0000e+00
    480.000    476.726    17.4148   4.703305     0.5249    -0.0979     0.0314     -0.951 1.0000e-12    5.38107    7.69008     0.0523     0.0747      2.273    26.4378    26.4179    476.726    17.3330    36.3073 2.1507e-07       21.5 2.1038e-06       0.83 0.0000e+00
    479.000    475.734    17.4169   4.703486     0.5250    -0.0529     0.0314     -0.956 1.0000e-12    5.38085    7.68977     0.0519     0.0742      2.260    26.4373    26.4174    475.734    17.3352    36.3074 2.2613e-07       22.6 2.2120e-06       0.85 0.0000e+00
    478.000    474.742    17.4157   4.703312     0.5249     0.0010     0.0307     -0.451 1.0000e-12    5.38098    7.68996     0.0518     0.0740      2.254    26.4375    26.4177    474.742    17.3342    36.3073 2.1607e-07       21.6 2.1136e-06       0.83 0.0000e+00
    477.000    473.750    17.4176   4.703508     0.5249     0.0291     0.0318     -0.795 1.0000e-12    5.38077    7.68966     0.0519     0.0742      2.259    26.4373    26.4175    473.750    17.3363    36.3077 2.1901e-07       21.9 2.1423e-06       0.84 0.0000e+00
    476.000    472.758    17.4207   4.703859     0.5247     0.0238     0.0309     -1.015 1.0000e-12    5.38043    7.68917     0.0516     0.0737      2.245    26.4370    26.4172    472.758    17.3395    36.3084 2.2093e-07       22.1 2.1611e-06       0.84 0.0000e+00
    475.000    471.766    17.4240   4.704255     0.5250     0.0115     0.0313     -1.051 1.0000e-12    5.38006    7.68864     0.0522     0.0746      2.271    26.4368    26.4171    471.766    17.3430    36.3092 2.0521e-07       20.5 2.0074e-06       0.81 0.0000e+00
    474.000    470.774    17.4251   4.704317     0.5249     0.0139     0.0312     -0.588 1.0000e-12    5.37995    7.68848     0.0517     0.0740      2.253    26.4364    26.4168    470.774    17.3443    36.3092 1.9270e-07       19.3 1.8850e-06       0.79 0.0000e+00
    473.000    469.782    17.4263   4.704414     0.5249     0.0152     0.0316     -0.537 1.0000e-12    5.37982    7.68829     0.0519     0.0742      2.259    26.4362    26.4166    469.782    17.3456    36.3093 1.9284e-07       19.3 1.8864e-06       0.79 0.0000e+00
    472.000    468.790    17.4276   4.704526     0.5249     0.0285     0.0311     -1.076 1.0000e-12    5.37967    7.68809     0.0521     0.0744      2.265    26.4360    26.4164    468.790    17.3471    36.3095 1.7172e-07       17.2 1.6798e-06       0.74 0.0000e+00
    471.000    467.798    17.4280   4.704539     0.5249     0.0223     0.0308     -0.913 1.0000e-12    5.37963    7.68803     0.0516     0.0738      2.245    26.4360    26.4164    467.798    17.3477    36.3097 1.6055e-07       16.1 1.5705e-06       0.72 0.0000e+00
    470.000    466.805    17.4288   4.704593     0.5249     0.0208     0.0312     -0.547 1.0000e-12    5.37955    7.68791     0.0519     0.0742      2.260    26.4358    26.4163    466.806    17.3487    36.3098 1.4249e-07       14.2 1.3939e-06       0.68 0.0000e+00
    469.000    465.814    17.4293   4.704611     0.5249     0.0208     0.0310     -0.903 1.0000e-12    5.37949    7.68782     0.0518     0.0740      2.254    26.4358    26.4163    465.814    17.3493    36.3099 1.1599e-07       11.6 1.1346e-06       0.61 0.0000e+00
    468.000    464.822    17.4299   4.704647     0.5248     0.0157     0.0312     -0.848 1.0000e-12    5.37942    7.68774     0.0513     0.0733      2.232    26.4357    26.4163    464.822    17.3501    36.3100 1.0444e-07       10.4 1.0216e-06       0.58 0.0000e+00
    467.000    463.829    17.4316   4.704830     0.5247     0.0256     0.0309     -0.613 1.0000e-12    5.37923    7.68746     0.0516     0.0737      2.244    26.4356    26.4162    463.829    17.3520    36.3105 1.0802e-07       10.8 1.0566e-06       0.59 0.0000e+00
    466.000    462.837    17.4326   4.704878     0.5249     0.0158     0.0315     -0.949 1.0000e-12    5.37913    7.68732     0.0521     0.0744      2.266    26.4352    26.4159    462.837    17.3531    36.3104 1.2273e-07       12.3 1.2005e-06       0.63 0.0000e+00
    465.000    461.845    17.4334   4.704961     0.5249     0.0101     0.0312     -0.869 1.0000e-12    5.37904    7.68718     0.0518     0.0741      2.255    26.4353    26.4160    461.845    17.3541    36.3108 1.1591e-07       11.6 1.1338e-06       0.61 0.0000e+00
    464.000    460.853    17.4333   4.704929     0.5251     0.0256     0.0312     -0.672 1.0000e-12    5.37904    7.68718     0.0525     0.0751      2.285    26.4354    26.4162    460.853    17.3542    36.3110 1.3448e-07       13.4 1.3155e-06       0.66 0.0000e+00
    463.000    459.861    17.4350   4.705104     0.5250     0.0249     0.0312     -0.902 1.0000e-12    5.37885    7.68691     0.0519     0.0741      2.257    26.4353    26.4160    459.861    17.3560    36.3113 1.3889e-07       13.9 1.3587e-06       0.67 0.0000e+00
    462.000    458.869    17.4369   4.705284     0.5248     0.0143     0.0308     -0.682 1.0000e-12    5.37865    7.68662     0.0512     0.0731      2.226    26.4349    26.4158    458.869    17.3581    36.3116 1.6426e-07       16.4 1.6068e-06       0.73 0.0000e+00
    461.000    457.877    17.4384   4.705416     0.5249     0.0182     0.0312     -0.566 1.0000e-12    5.37848    7.68639     0.0521     0.0745      2.268    26.4347    26.4155    457.877    17.3598    36.3118 1.9260e-07       19.3 1.8840e-06       0.79 0.0000e+00
    460.000    456.885    17.4390   4.705495     0.5249     0.0189     0.0317     -0.960 1.0000e-12    5.37841    7.68628     0.0517     0.0739      2.251    26.4349    26.4158    456.885    17.3605    36.3123 2.3413e-07       23.4 2.2903e-06       0.87 0.0000e+00
    459.000    455.893    17.4413   4.705690     0.5249     0.0126     0.0317     -1.104 1.0000e-12    5.37817    7.68594     0.0517     0.0739      2.251    26.4343    26.4152    455.893    17.3630    36.3123 2.6065e-07       26.1 2.5497e-06       0.91 0.0000e+00
    458.000    454.900    17.4426   4.705842     0.5250     0.0170     0.0312     -0.599 1.0000e-12    5.37802    7.68572     0.0521     0.0745      2.268    26.4344    26.4153    454.900    17.3645    36.3129 2.5860e-07       25.9 2.5297e-06       0.91 0.0000e+00
    457.000    453.908    17.4474   4.706391     0.5249     0.0200     0.0311     -0.527 1.0000e-12    5.37749    7.68498     0.0514     0.0734      2.235    26.4338    26.4148    453.908    17.3694    36.3137 2.4867e-07       24.9 2.4325e-06       0.89 0.0000e+00
    456.000    452.916    17.4487   4.706484     0.5249     0.0198     0.0313     -1.030 1.0000e-12    5.37736    7.68478     0.0517     0.0739      2.250    26.4335    26.4145    452.916    17.3709    36.3137 2.3246e-07       23.2 2.2739e-06       0.86 0.0000e+00
    455.000    451.924    17.4507   4.706677     0.5249     0.0194     0.0315     -1.000 1.0000e-12    5.37714    7.68448     0.0517     0.0739      2.249    26.4331    26.4142    451.924    17.3731    36.3140 2.2481e-07       22.5 2.1991e-06       0.85 0.0000e+00
    454.000    450.932    17.4525   4.706863     0.5249     0.0194     0.0313     -0.853 1.0000e-12    5.37694    7.68419     0.0517     0.0739      2.249    26.4330    26.4141    450.932    17.3750    36.3144 2.0660e-07       20.7 2.0210e-06       0.81 0.0000e+00
    453.000    449.940    17.4521   4.706771     0.5249     0.0221     0.0314     -0.676 1.0000e-12    5.37699    7.68426     0.0516     0.0737      2.243    26.4330    26.4141    449.940    17.3748    36.3143 1.8980e-07       19.0 1.8566e-06       0.78 0.0000e+00
