CTD_data/C216_2_2.cnv
* Sea-Bird SBE 25 Data File:
* FileName = C:\CTD_Data\C216\C216_2_2.hex
* Software Version Seasave V 7.19
* Temperature SN = 4430
* Conductivity SN = 3138
* System UpLoad Time = Nov 06 2014 07:12:20
** Ship: hermano gines
** Station: C216
** Operator: Luis Medina
** Latitude: 10 30.09
** Longitude: 64 40.20
** segundo perfil
# nquan = 24                                
# nvalues = 1850                        
# units = specified
# name 0 = prSM: Pressure, Strain Gauge [db]
# name 1 = depSM: Depth [salt water, m], lat = 10.50
# name 2 = t090C: Temperature [ITS-90, deg C]
# name 3 = c0S/m: Conductivity [S/m]
# name 4 = sbeox0V: Oxygen raw, SBE 43 [V]
# name 5 = flECO-AFL: Fluorescence, WET Labs ECO-AFL/FL [mg/m^3]
# name 6 = bat: Beam Attenuation, Chelsea/Seatech [1/m]
# name 7 = dz/dtM: Descent Rate [m/s]
# name 8 = par: PAR/Irradiance, Biospherical/Licor
# name 9 = oxsatML/L: Oxygen Saturation, Weiss [ml/l]
# name 10 = oxsatMg/L: Oxygen Saturation, Weiss [mg/l]
# name 11 = sbeox0ML/L: Oxygen, SBE 43 [ml/l], WS = 2
# name 12 = sbeox0Mg/L: Oxygen, SBE 43 [mg/l], WS = 2
# name 13 = sbeox0Mm/Kg: Oxygen, SBE 43 [umol/kg], WS = 2
# name 14 = sigma-é00: Density [sigma-theta, kg/m^3]
# name 15 = sigma-t00: Density [sigma-t, kg/m^3 ]
# name 16 = depSM: Depth [salt water, m], lat = 10.5
# name 17 = potemp090C: Potential Temperature [ITS-90, deg C]
# name 18 = sal00: Salinity, Practical [PSU]
# name 19 = E: stability, E [rad^2/m]
# name 20 = E10^-8: stability, E [10^-8 rad^2/m]
# name 21 = N^2: buoyancy frequency, N^2 [rad^2/s^2]
# name 22 = N: buoyancy frequency, N [cycles/h]
# name 23 = flag: flag
# span 0 =      0.000,    925.000       
# span 1 =     -0.000,    917.711       
# span 2 =    17.2546,    26.9663       
# span 3 =   4.692966,   5.747702       
# span 4 =     0.5240,     2.6244       
# span 5 =    -0.1041,    41.5214       
# span 6 =     0.0203,     1.3559       
# span 7 =     -1.368,      4.217       
# span 8 = 1.0000e-12, 1.0000e-12       
# span 9 =    4.52931,    5.39908       
# span 10 =    6.47283,    7.71583      
# span 11 =     0.0490,     3.7245      
# span 12 =     0.0701,     5.3227      
# span 13 =      2.133,    162.379      
# span 14 =    23.9747,    26.4585      
# span 15 =    23.9746,    26.4266      
# span 16 =      0.000,    917.712      
# span 17 =    17.1038,    26.9661      
# span 18 =    36.2617,    36.8916      
# span 19 = -4.530e-08, 5.1271e-05      
# span 20 =       -4.5,     5127.1      
# span 21 = -4.431e-07, 5.0154e-04      
# span 22 =      -0.38,      12.83      
# span 23 = 0.0000e+00, 0.0000e+00      
# interval = decibars: 1                
# start_time = Nov 06 2014 07:12:20 [System UpLoad Time]
# bad_flag = -9.990e-29
*END*
[from data line 1450]
    399.000    396.356    17.4984   4.710231     0.5248     0.0135     0.0296     -0.960 1.0000e-12    5.37191    7.67699     0.0513     0.0732      2.230    26.4266    26.4099    396.356    17.4303    36.3236 1.5365e-07       15.4 1.5030e-06       0.70 0.0000e+00
    398.000    395.364    17.5019   4.710589     0.5247     0.0151     0.0290     -0.944 1.0000e-12    5.37153    7.67646     0.0505     0.0722      2.198    26.4259    26.4094    395.364    17.4339    36.3239 1.6442e-07       16.4 1.6084e-06       0.73 0.0000e+00
    397.000    394.371    17.5027   4.710673     0.5247     0.0190     0.0287     -0.808 1.0000e-12    5.37144    7.67633     0.0508     0.0726      2.210    26.4260    26.4095    394.371    17.4349    36.3243 1.3701e-07       13.7 1.3402e-06       0.66 0.0000e+00
    396.000    393.379    17.5034   4.710703     0.5247     0.0246     0.0291     -0.767 1.0000e-12    5.37137    7.67622     0.0510     0.0730      2.221    26.4258    26.4093    393.379    17.4358    36.3244 1.3825e-07       13.8 1.3524e-06       0.67 0.0000e+00
    395.000    392.386    17.5034   4.710689     0.5248     0.0190     0.0282     -0.721 1.0000e-12    5.37135    7.67620     0.0509     0.0728      2.216    26.4260    26.4095    392.386    17.4360    36.3246 1.6292e-07       16.3 1.5937e-06       0.72 0.0000e+00
    394.000    391.394    17.5045   4.710765     0.5249     0.0092     0.0288     -0.811 1.0000e-12    5.37123    7.67604     0.0512     0.0732      2.229    26.4257    26.4093    391.394    17.4372    36.3247 1.7563e-07       17.6 1.7180e-06       0.75 0.0000e+00
    393.000    390.401    17.5042   4.710662     0.5247     0.0044     0.0294     -0.978 1.0000e-12    5.37128    7.67609     0.0508     0.0726      2.209    26.4256    26.4092    390.401    17.4371    36.3244 1.7199e-07       17.2 1.6824e-06       0.74 0.0000e+00
    392.000    389.409    17.5045   4.710746     0.5248     0.0028     0.0286     -0.481 1.0000e-12    5.37122    7.67601     0.0510     0.0729      2.219    26.4261    26.4097    389.409    17.4376    36.3253 2.1977e-07       22.0 2.1498e-06       0.84 0.0000e+00
    391.000    388.417    17.5083   4.711142     0.5247     0.0068     0.0301     -0.874 1.0000e-12    5.37081    7.67543     0.0508     0.0726      2.210    26.4254    26.4091    388.416    17.4415    36.3257 2.8359e-07       28.4 2.7741e-06       0.95 0.0000e+00
    390.000    387.424    17.5159   4.712017     0.5249     0.0090     0.0303     -1.171 1.0000e-12    5.36999    7.67426     0.0511     0.0730      2.222    26.4244    26.4082    387.424    17.4493    36.3269 3.2596e-07       32.6 3.1886e-06       1.02 0.0000e+00
    389.000    386.432    17.5138   4.711668     0.5247     0.0251     0.0300     -1.006 1.0000e-12    5.37023    7.67460     0.0507     0.0724      2.205    26.4243    26.4081    386.432    17.4474    36.3261 4.2086e-07       42.1 4.1169e-06       1.16 0.0000e+00
    388.000    385.439    17.5182   4.712291     0.5247     0.0232     0.0311     -0.590 1.0000e-12    5.36972    7.67387     0.0509     0.0727      2.214    26.4246    26.4084    385.439    17.4519    36.3279 4.8383e-07       48.4 4.7329e-06       1.25 0.0000e+00
    387.000    384.447    17.5232   4.712844     0.5249     0.0197     0.0300     -0.969 1.0000e-12    5.36918    7.67310     0.0514     0.0735      2.237    26.4239    26.4078    384.447    17.4571    36.3286 5.1799e-07       51.8 5.0670e-06       1.29 0.0000e+00
    386.000    383.454    17.5247   4.712876     0.5248     0.0115     0.0296     -1.014 1.0000e-12    5.36905    7.67291     0.0507     0.0724      2.204    26.4230    26.4069    383.454    17.4588    36.3280 5.0444e-07       50.4 4.9344e-06       1.27 0.0000e+00
    385.000    382.462    17.5330   4.714019     0.5249     0.0209     0.0301     -0.487 1.0000e-12    5.36811    7.67156     0.0515     0.0735      2.239    26.4231    26.4070    382.462    17.4672    36.3308 4.9406e-07       49.4 4.8329e-06       1.26 0.0000e+00
    384.000    381.469    17.5426   4.715044     0.5247     0.0115     0.0296     -0.840 1.0000e-12    5.36709    7.67011     0.0504     0.0721      2.193    26.4212    26.4052    381.469    17.4770    36.3315 4.9375e-07       49.4 4.8299e-06       1.26 0.0000e+00
    383.000    380.476    17.5427   4.715025     0.5250     0.0118     0.0301     -0.970 1.0000e-12    5.36708    7.67009     0.0521     0.0745      2.268    26.4213    26.4053    380.477    17.4772    36.3316 4.9208e-07       49.2 4.8136e-06       1.26 0.0000e+00
    382.000    379.484    17.5437   4.715114     0.5249     0.0135     0.0303     -0.900 1.0000e-12    5.36697    7.66993     0.0504     0.0720      2.191    26.4212    26.4052    379.484    17.4784    36.3319 4.3721e-07       43.7 4.2768e-06       1.18 0.0000e+00
    381.000    378.491    17.5478   4.715578     0.5247     0.0116     0.0298     -0.751 1.0000e-12    5.36652    7.66929     0.0506     0.0723      2.203    26.4207    26.4048    378.492    17.4827    36.3326 3.9966e-07       40.0 3.9095e-06       1.13 0.0000e+00
    380.000    377.499    17.5498   4.715761     0.5249     0.0096     0.0290     -0.722 1.0000e-12    5.36631    7.66900     0.0512     0.0731      2.226    26.4203    26.4044    377.499    17.4848    36.3328 3.9714e-07       39.7 3.8849e-06       1.13 0.0000e+00
    379.000    376.506    17.5524   4.716082     0.5247     0.0240     0.0311     -0.969 1.0000e-12    5.36601    7.66857     0.0502     0.0718      2.185    26.4203    26.4044    376.507    17.4876    36.3336 4.0798e-07       40.8 3.9909e-06       1.14 0.0000e+00
    378.000    375.514    17.5575   4.716649     0.5247     0.0216     0.0305     -1.143 1.0000e-12    5.36546    7.66778     0.0506     0.0723      2.201    26.4196    26.4038    375.514    17.4929    36.3344 4.8714e-07       48.7 4.7652e-06       1.25 0.0000e+00
    377.000    374.522    17.5574   4.716583     0.5248     0.0085     0.0303     -0.704 1.0000e-12    5.36548    7.66781     0.0511     0.0731      2.225    26.4195    26.4037    374.522    17.4929    36.3343 5.4872e-07       54.9 5.3676e-06       1.33 0.0000e+00
    376.000    373.529    17.5619   4.717098     0.5248     0.0143     0.0305     -0.780 1.0000e-12    5.36499    7.66711     0.0508     0.0726      2.211    26.4190    26.4032    373.529    17.4976    36.3351 6.1822e-07       61.8 6.0474e-06       1.41 0.0000e+00
    375.000    372.536    17.5697   4.718049     0.5247     0.0077     0.0301     -0.852 1.0000e-12    5.36413    7.66588     0.0504     0.0720      2.194    26.4183    26.4026    372.537    17.5055    36.3367 7.2750e-07       72.8 7.1164e-06       1.53 0.0000e+00
    374.000    371.544    17.5804   4.719311     0.5248     0.0110     0.0290     -0.881 1.0000e-12    5.36297    7.66423     0.0510     0.0728      2.218    26.4170    26.4013    371.544    17.5164    36.3385 7.9347e-07       79.3 7.7618e-06       1.60 0.0000e+00
    373.000    370.551    17.5839   4.719693     0.5247    -0.0003     0.0296     -0.783 1.0000e-12    5.36260    7.66369     0.0502     0.0718      2.186    26.4165    26.4009    370.551    17.5200    36.3390 8.3989e-07       84.0 8.2158e-06       1.64 0.0000e+00
    372.000    369.559    17.5896   4.720365     0.5247     0.0088     0.0301     -0.791 1.0000e-12    5.36198    7.66280     0.0505     0.0722      2.198    26.4159    26.4003    369.559    17.5259    36.3401 8.5946e-07       85.9 8.4073e-06       1.66 0.0000e+00
    371.000    368.567    17.6005   4.721681     0.5247     0.0061     0.0292     -0.987 1.0000e-12    5.36079    7.66110     0.0505     0.0722      2.197    26.4148    26.3992    368.566    17.5369    36.3421 8.4557e-07       84.6 8.2714e-06       1.65 0.0000e+00
    370.000    367.574    17.6099   4.722723     0.5247     0.0062     0.0300     -0.794 1.0000e-12    5.35979    7.65968     0.0505     0.0721      2.196    26.4132    26.3976    367.574    17.5465    36.3431 8.1017e-07       81.0 7.9251e-06       1.61 0.0000e+00
    369.000    366.581    17.6134   4.723152     0.5247     0.0024     0.0300     -0.848 1.0000e-12    5.35940    7.65912     0.0505     0.0721      2.196    26.4130    26.3975    366.581    17.5502    36.3441 7.3272e-07       73.3 7.1675e-06       1.53 0.0000e+00
    368.000    365.589    17.6191   4.723767     0.5247    -0.0011     0.0298     -1.004 1.0000e-12    5.35879    7.65825     0.0504     0.0721      2.195    26.4121    26.3966    365.589    17.5560    36.3447 6.8271e-07       68.3 6.6783e-06       1.48 0.0000e+00
    367.000    364.596    17.6222   4.724119     0.5247    -0.0011     0.0299     -0.890 1.0000e-12    5.35846    7.65777     0.0506     0.0724      2.203    26.4118    26.3963    364.596    17.5593    36.3454 6.1345e-07       61.3 6.0008e-06       1.40 0.0000e+00
    366.000    363.604    17.6276   4.724724     0.5248     0.0049     0.0307     -0.743 1.0000e-12    5.35788    7.65694     0.0506     0.0723      2.202    26.4110    26.3956    363.604    17.5648    36.3462 5.0934e-07       50.9 4.9824e-06       1.28 0.0000e+00
    365.000    362.611    17.6318   4.725189     0.5247     0.0045     0.0303     -0.723 1.0000e-12    5.35743    7.65630     0.0509     0.0728      2.216    26.4104    26.3951    362.611    17.5692    36.3468 4.2965e-07       43.0 4.2029e-06       1.17 0.0000e+00
    364.000    361.619    17.6332   4.725355     0.5251     0.0110     0.0307     -0.911 1.0000e-12    5.35726    7.65606     0.0514     0.0735      2.239    26.4105    26.3952    361.618    17.5708    36.3474 3.5897e-07       35.9 3.5114e-06       1.07 0.0000e+00
    363.000    360.626    17.6359   4.725608     0.5248     0.0052     0.0296     -0.862 1.0000e-12    5.35698    7.65566     0.0501     0.0716      2.179    26.4099    26.3946    360.626    17.5736    36.3475 3.0412e-07       30.4 2.9749e-06       0.99 0.0000e+00
    362.000    359.633    17.6371   4.725676     0.5247     0.0044     0.0292     -0.755 1.0000e-12    5.35686    7.65549     0.0504     0.0721      2.194    26.4095    26.3943    359.633    17.5750    36.3474 2.7488e-07       27.5 2.6889e-06       0.94 0.0000e+00
    361.000    358.640    17.6382   4.725796     0.5249     0.0146     0.0296     -0.993 1.0000e-12    5.35673    7.65530     0.0508     0.0726      2.211    26.4095    26.3943    358.641    17.5763    36.3479 2.5215e-07       25.2 2.4665e-06       0.90 0.0000e+00
    360.000    357.648    17.6393   4.725860     0.5249     0.0117     0.0304     -1.121 1.0000e-12    5.35662    7.65515     0.0511     0.0731      2.226    26.4092    26.3940    357.648    17.5776    36.3478 2.3410e-07       23.4 2.2899e-06       0.87 0.0000e+00
    359.000    356.655    17.6380   4.725729     0.5247     0.0121     0.0300     -0.640 1.0000e-12    5.35674    7.65531     0.0498     0.0712      2.166    26.4098    26.3946    356.655    17.5764    36.3482 2.5033e-07       25.0 2.4488e-06       0.90 0.0000e+00
    358.000    355.663    17.6420   4.726119     0.5247     0.0090     0.0298     -0.739 1.0000e-12    5.35633    7.65473     0.0504     0.0720      2.191    26.4089    26.3938    355.663    17.5806    36.3484 2.4144e-07       24.1 2.3618e-06       0.88 0.0000e+00
    357.000    354.670    17.6455   4.726540     0.5247     0.0019     0.0295     -1.192 1.0000e-12    5.35594    7.65417     0.0509     0.0728      2.216    26.4087    26.3936    354.670    17.5843    36.3493 2.4378e-07       24.4 2.3847e-06       0.88 0.0000e+00
    356.000    353.677    17.6474   4.726691     0.5249     0.0048     0.0291     -0.991 1.0000e-12    5.35574    7.65389     0.0506     0.0723      2.201    26.4081    26.3932    353.678    17.5863    36.3493 2.5130e-07       25.1 2.4582e-06       0.90 0.0000e+00
    355.000    352.685    17.6509   4.727161     0.5248    -0.0021     0.0274     -0.578 1.0000e-12    5.35534    7.65332     0.0508     0.0726      2.210    26.4083    26.3933    352.685    17.5900    36.3506 2.4204e-07       24.2 2.3677e-06       0.88 0.0000e+00
    354.000    351.693    17.6525   4.727259     0.5251     0.0091     0.0282     -0.802 1.0000e-12    5.35518    7.65309     0.0512     0.0732      2.229    26.4077    26.3928    351.692    17.5918    36.3504 2.3200e-07       23.2 2.2694e-06       0.86 0.0000e+00
    353.000    350.699    17.6524   4.727196     0.5249    -0.0007     0.0288     -0.772 1.0000e-12    5.35520    7.65311     0.0510     0.0729      2.220    26.4076    26.3927    350.700    17.5918    36.3503 1.7227e-07       17.2 1.6852e-06       0.74 0.0000e+00
    352.000    349.707    17.6523   4.727121     0.5249     0.0023     0.0286     -0.791 1.0000e-12    5.35521    7.65313     0.0503     0.0719      2.189    26.4074    26.3926    349.707    17.5919    36.3502 1.4433e-07       14.4 1.4118e-06       0.68 0.0000e+00
    351.000    348.714    17.6532   4.727201     0.5250    -0.0004     0.0280     -1.068 1.0000e-12    5.35511    7.65299     0.0513     0.0734      2.234    26.4074    26.3926    348.714    17.5930    36.3504 1.1593e-07       11.6 1.1340e-06       0.61 0.0000e+00
    350.000    347.722    17.6539   4.727233     0.5248     0.0143     0.0277     -1.045 1.0000e-12    5.35504    7.65289     0.0502     0.0717      2.182    26.4072    26.3925    347.722    17.5938    36.3505 1.2959e-07       13.0 1.2676e-06       0.65 0.0000e+00
    349.000    346.729    17.6540   4.727214     0.5249     0.0037     0.0285     -0.755 1.0000e-12    5.35502    7.65286     0.0508     0.0727      2.211    26.4072    26.3925    346.729    17.5941    36.3506 1.3008e-07       13.0 1.2725e-06       0.65 0.0000e+00
    348.000    345.737    17.6541   4.727193     0.5249     0.0042     0.0288     -0.976 1.0000e-12    5.35501    7.65285     0.0507     0.0724      2.206    26.4073    26.3926    345.736    17.5944    36.3507 1.4980e-07       15.0 1.4654e-06       0.69 0.0000e+00
    347.000    344.744    17.6558   4.727367     0.5248     0.0069     0.0286     -1.015 1.0000e-12    5.35483    7.65258     0.0502     0.0717      2.184    26.4071    26.3925    344.744    17.5963    36.3511 1.6720e-07       16.7 1.6356e-06       0.73 0.0000e+00
    346.000    343.751    17.6578   4.727602     0.5247     0.0103     0.0279     -0.764 1.0000e-12    5.35460    7.65226     0.0504     0.0719      2.191    26.4070    26.3925    343.751    17.5984    36.3517 1.7955e-07       18.0 1.7563e-06       0.76 0.0000e+00
    345.000    342.758    17.6609   4.727895     0.5249    -0.0042     0.0280     -0.746 1.0000e-12    5.35428    7.65180     0.0510     0.0728      2.217    26.4063    26.3918    342.758    17.6017    36.3519 1.9422e-07       19.4 1.8998e-06       0.79 0.0000e+00
    344.000    341.765    17.6617   4.727951     0.5247     0.0054     0.0280     -0.794 1.0000e-12    5.35419    7.65168     0.0501     0.0716      2.180    26.4062    26.3917    341.766    17.6027    36.3520 2.0926e-07       20.9 2.0470e-06       0.82 0.0000e+00
    343.000    340.774    17.6633   4.728122     0.5249     0.0042     0.0277     -0.812 1.0000e-12    5.35401    7.65142     0.0508     0.0726      2.209    26.4061    26.3917    340.773    17.6044    36.3524 2.1941e-07       21.9 2.1463e-06       0.84 0.0000e+00
    342.000    339.780    17.6647   4.728253     0.5248     0.0029     0.0279     -0.979 1.0000e-12    5.35386    7.65120     0.0503     0.0720      2.190    26.4059    26.3915    339.780    17.6060    36.3527 2.0968e-07       21.0 2.0511e-06       0.82 0.0000e+00
    341.000    338.788    17.6653   4.728280     0.5247     0.0039     0.0276     -0.929 1.0000e-12    5.35379    7.65111     0.0500     0.0716      2.178    26.4058    26.3914    338.788    17.6068    36.3528 2.0548e-07       20.5 2.0100e-06       0.81 0.0000e+00
