CTD_data/C216_3_2.cnv
* Sea-Bird SBE 25 Data File:
* FileName = C:\CTD_Data\C216_3\C216_3_2.hex
* Software Version Seasave V 7.19
* Temperature SN = 4430
* Conductivity SN = 3138
* System UpLoad Time = Nov 10 2014 19:38:21
** Ship: hermano gines
** Station: cariaco
** Operator: Luis medina
** Latitude: 10 30.195 N
** Longitude: 64 40.14 W
# nquan = 24                                
# nvalues = 531                         
# units = specified
# name 0 = prSM: Pressure, Strain Gauge [db]
# name 1 = depSM: Depth [salt water, m], lat = 10.50
# name 2 = t090C: Temperature [ITS-90, deg C]
# name 3 = c0S/m: Conductivity [S/m]
# name 4 = sbeox0V: Oxygen raw, SBE 43 [V]
# name 5 = flECO-AFL: Fluorescence, WET Labs ECO-AFL/FL [mg/m^3]
# name 6 = bat: Beam Attenuation, Chelsea/Seatech [1/m]
# name 7 = dz/dtM: Descent Rate [m/s]
# name 8 = par: PAR/Irradiance, Biospherical/Licor
# name 9 = oxsatML/L: Oxygen Saturation, Weiss [ml/l]
# name 10 = oxsatMg/L: Oxygen Saturation, Weiss [mg/l]
# name 11 = sbeox0ML/L: Oxygen, SBE 43 [ml/l], WS = 2
# name 12 = sbeox0Mg/L: Oxygen, SBE 43 [mg/l], WS = 2
# name 13 = sbeox0Mm/Kg: Oxygen, SBE 43 [umol/kg], WS = 2
# name 14 = sigma-é00: Density [sigma-theta, kg/m^3]
# name 15 = sigma-t00: Density [sigma-t, kg/m^3 ]
# name 16 = depSM: Depth [salt water, m], lat = 10.5
# name 17 = potemp090C: Potential Temperature [ITS-90, deg C]
# name 18 = sal00: Salinity, Practical [PSU]
# name 19 = E: stability, E [rad^2/m]
# name 20 = E10^-8: stability, E [10^-8 rad^2/m]
# name 21 = N^2: buoyancy frequency, N^2 [rad^2/s^2]
# name 22 = N: buoyancy frequency, N [cycles/h]
# name 23 = flag: flag
# span 0 =      1.000,    303.000       
# span 1 =      0.994,    301.061       
# span 2 =    17.7110,    27.6286       
# span 3 =   4.732283,   5.812653       
# span 4 =     0.5244,     2.6848       
# span 5 =    -0.0324,     0.4786       
# span 6 =     0.0710,     0.2710       
# span 7 =     -4.011,      1.237       
# span 8 = 1.0000e-12, 1.0000e-12       
# span 9 =    4.48169,    5.34885       
# span 10 =    6.40477,    7.64404      
# span 11 =     0.0491,     3.6790      
# span 12 =     0.0702,     5.2577      
# span 13 =      2.137,    160.384      
# span 14 =    23.7377,    26.3999      
# span 15 =    23.7373,    26.3871      
# span 16 =      0.994,    301.062      
# span 17 =    17.6590,    27.6274      
# span 18 =    36.3611,    37.1017      
# span 19 = 7.3947e-08, 7.6915e-05      
# span 20 =        7.4,     7691.5      
# span 21 = 7.2335e-07, 7.5238e-04      
# span 22 =       0.49,      15.72      
# span 23 = 0.0000e+00, 0.0000e+00      
# interval = decibars: 1                
# start_time = Nov 10 2014 19:38:21 [System UpLoad Time]
# bad_flag = -9.990e-29
*END*
[from data line 61]
     62.000     61.639    24.4523   5.509320     2.2362     0.2083     0.1227      0.571 1.0000e-12    4.71830    6.74292     3.1692     4.5292    138.089    24.9734    24.9693     61.639    24.4390    36.9325 4.3642e-06      436.4 4.2691e-05       3.74 0.0000e+00
     63.000     62.634    24.4218   5.504686     2.2169     0.1805     0.1152      0.564 1.0000e-12    4.72104    6.74684     3.1476     4.4982    137.145    24.9749    24.9708     62.633    24.4083    36.9223 3.7473e-06      374.7 3.6656e-05       3.47 0.0000e+00
     64.000     63.627    24.3754   5.498645     2.2113     0.1788     0.1165      0.887 1.0000e-12    4.72501    6.75251     3.1474     4.4979    137.137    24.9831    24.9789     63.627    24.3617    36.9145 3.3422e-06      334.2 3.2694e-05       3.28 0.0000e+00
     65.000     64.621    24.3582   5.496378     2.2071     0.1872     0.1198      0.607 1.0000e-12    4.72650    6.75464     3.1415     4.4895    136.878    24.9858    24.9816     64.621    24.3443    36.9112 3.2270e-06      322.7 3.1566e-05       3.22 0.0000e+00
     66.000     65.616    24.3483   5.495059     2.1971     0.1491     0.1192      0.550 1.0000e-12    4.72736    6.75587     3.1145     4.4509    135.701    24.9872    24.9830     65.615    24.3342    36.9091 3.7980e-06      379.8 3.7152e-05       3.49 0.0000e+00
     67.000     66.609    24.3397   5.493643     2.1886     0.1565     0.1200      1.023 1.0000e-12    4.72816    6.75702     3.1032     4.4348    135.212    24.9869    24.9826     66.609    24.3254    36.9051 4.4423e-06      444.2 4.3455e-05       3.78 0.0000e+00
     68.000     67.603    24.3133   5.489932     2.1794     0.1613     0.1242      0.900 1.0000e-12    4.73049    6.76034     3.0893     4.4149    134.605    24.9898    24.9855     67.603    24.2987    36.8985 5.3843e-06      538.4 5.2669e-05       4.16 0.0000e+00
     69.000     68.598    24.3037   5.488773     2.1579     0.1406     0.1235      0.237 1.0000e-12    4.73130    6.76151     3.0467     4.3541    132.749    24.9919    24.9874     68.597    24.2889    36.8973 6.2611e-06      626.1 6.1246e-05       4.48 0.0000e+00
     70.000     69.592    24.2668   5.484230     2.1533     0.1247     0.1233      0.922 1.0000e-12    4.73442    6.76596     3.0522     4.3619    132.987    24.9998    24.9953     69.591    24.2518    36.8930 7.1940e-06      719.4 7.0372e-05       4.81 0.0000e+00
     71.000     70.585    24.1958   5.476047     2.1486     0.1309     0.1240      0.697 1.0000e-12    4.74031    6.77438     3.0503     4.3592    132.902    25.0183    25.0138     70.585    24.1807    36.8892 7.8722e-06      787.2 7.7006e-05       5.03 0.0000e+00
     72.000     71.579    24.1675   5.472670     2.1425     0.1078     0.1232      0.481 1.0000e-12    4.74269    6.77778     3.0382     4.3419    132.372    25.0249    25.0203     71.579    24.1522    36.8866 8.3815e-06      838.1 8.1988e-05       5.19 0.0000e+00
     73.000     72.574    24.1383   5.469995     2.1353     0.1077     0.1237      1.018 1.0000e-12    4.74499    6.78106     3.0245     4.3223    131.775    25.0363    25.0317     72.573    24.1228    36.8901 9.0327e-06      903.3 8.8358e-05       5.39 0.0000e+00
     74.000     73.568    24.1141   5.467756     2.1278     0.1225     0.1234      0.872 1.0000e-12    4.74689    6.78378     3.0182     4.3133    131.500    25.0457    25.0410     73.567    24.0984    36.8927 9.3531e-06      935.3 9.1492e-05       5.48 0.0000e+00
     75.000     74.561    24.0994   5.466391     2.1253     0.1225     0.1278      0.576 1.0000e-12    4.74805    6.78544     3.0160     4.3102    131.403    25.0512    25.0465     74.561    24.0834    36.8942 9.0622e-06      906.2 8.8647e-05       5.39 0.0000e+00
     76.000     75.555    24.0799   5.464100     2.1114     0.1327     0.1325      0.759 1.0000e-12    4.74969    6.78779     2.9780     4.2559    129.749    25.0559    25.0511     75.555    24.0637    36.8925 9.2932e-06      929.3 9.0906e-05       5.46 0.0000e+00
     77.000     76.549    24.0300   5.457579     2.0892     0.1053     0.1378      0.228 1.0000e-12    4.75403    6.79398     2.9522     4.2191    128.623    25.0643    25.0594     76.549    24.0137    36.8839 1.0197e-05     1019.7 9.9744e-05       5.72 0.0000e+00
     78.000     77.543    23.9564   5.449119     2.0876     0.0853     0.1418      0.915 1.0000e-12    4.76017    6.80276     2.9558     4.2241    128.776    25.0834    25.0785     77.543    23.9399    36.8800 1.1076e-05     1107.6 1.0834e-04       5.96 0.0000e+00
     79.000     78.537    23.9261   5.445718     2.0799     0.0849     0.1517      0.937 1.0000e-12    4.76270    6.80637     2.9409     4.2029    128.127    25.0916    25.0867     78.537    23.9094    36.8789 1.2366e-05     1236.6 1.2097e-04       6.30 0.0000e+00
     80.000     79.531    23.9043   5.442993     2.0660     0.0789     0.1579      0.387 1.0000e-12    4.76457    6.80906     2.9103     4.1591    126.791    25.0959    25.0908     79.531    23.8874    36.8758 1.3936e-05     1393.6 1.3632e-04       6.69 0.0000e+00
     81.000     80.525    23.8176   5.433137     2.0580     0.0509     0.1600      0.938 1.0000e-12    4.77183    6.81943     2.9114     4.1607    126.839    25.1189    25.1138     80.525    23.8005    36.8721 1.5134e-05     1513.4 1.4804e-04       6.97 0.0000e+00
     82.000     81.519    23.7734   5.428975     2.0477     0.0580     0.1624      0.630 1.0000e-12    4.77537    6.82447     2.8902     4.1304    125.912    25.1355    25.1304     81.519    23.7561    36.8767 1.5602e-05     1560.2 1.5262e-04       7.08 0.0000e+00
     83.000     82.513    23.7210   5.423230     2.0327     0.0452     0.1491      0.538 1.0000e-12    4.77973    6.83071     2.8597     4.0868    124.581    25.1505    25.1454     82.513    23.7035    36.8759 1.5350e-05     1535.0 1.5015e-04       7.02 0.0000e+00
     84.000     83.507    23.6544   5.416197     2.0207     0.0239     0.1266      1.003 1.0000e-12    4.78522    6.83856     2.8480     4.0701    124.069    25.1712    25.1660     83.507    23.6368    36.8770 1.5239e-05     1523.9 1.4907e-04       7.00 0.0000e+00
     85.000     84.501    23.5655   5.405869     2.0141     0.0250     0.1147      0.728 1.0000e-12    4.79277    6.84935     2.8549     4.0799    124.365    25.1933    25.1880     84.501    23.5477    36.8714 1.5603e-05     1560.3 1.5262e-04       7.08 0.0000e+00
     86.000     85.495    23.5147   5.400292     2.0129     0.0214     0.0956      0.473 1.0000e-12    4.79703    6.85544     2.8591     4.0859    124.548    25.2076    25.2023     85.495    23.4967    36.8706 1.5064e-05     1506.4 1.4736e-04       6.96 0.0000e+00
     87.000     86.489    23.4884   5.397769     2.0097     0.0274     0.0948      0.918 1.0000e-12    4.79917    6.85850     2.8454     4.0663    123.949    25.2171    25.2117     86.489    23.4702    36.8727 1.4214e-05     1421.4 1.3904e-04       6.76 0.0000e+00
     88.000     87.482    23.4655   5.395167     2.0009     0.0142     0.0992      0.956 1.0000e-12    4.80112    6.86128     2.8306     4.0452    123.303    25.2229    25.2175     87.483    23.4471    36.8715 1.3117e-05     1311.7 1.2831e-04       6.49 0.0000e+00
     89.000     88.477    23.4206   5.390125     1.9909     0.0019     0.0979      0.420 1.0000e-12    4.80492    6.86671     2.8185     4.0279    122.775    25.2349    25.2295     88.476    23.4021    36.8698 1.2516e-05     1251.6 1.2244e-04       6.34 0.0000e+00
     90.000     89.471    23.3129   5.378420     1.9858     0.0070     0.1026      0.696 1.0000e-12    4.81397    6.87965     2.8139     4.0214    122.574    25.2661    25.2606     89.470    23.2942    36.8691 1.2210e-05     1221.0 1.1944e-04       6.26 0.0000e+00
     91.000     90.465    23.2853   5.375735     1.9750     0.0122     0.1207      0.963 1.0000e-12    4.81624    6.88288     2.7896     3.9866    121.513    25.2758    25.2702     90.464    23.2664    36.8711 1.2435e-05     1243.5 1.2164e-04       6.32 0.0000e+00
     92.000     91.458    23.2796   5.375082     1.9569     0.0138     0.1239      0.414 1.0000e-12    4.81674    6.88360     2.7572     3.9403    120.099    25.2770    25.2714     91.458    23.2605    36.8705 1.3813e-05     1381.3 1.3512e-04       6.66 0.0000e+00
     93.000     92.452    23.2473   5.371047     1.9486     0.0002     0.1216      0.749 1.0000e-12    4.81958    6.88766     2.7503     3.9305    119.801    25.2831    25.2775     92.452    23.2280    36.8660 1.5134e-05     1513.4 1.4804e-04       6.97 0.0000e+00
     94.000     93.446    23.1677   5.362375     1.9421     0.0121     0.1235      1.030 1.0000e-12    4.82631    6.89728     2.7302     3.9017    118.921    25.3058    25.3001     93.446    23.1483    36.8652 1.5449e-05     1544.9 1.5112e-04       7.04 0.0000e+00
     95.000     94.439    23.1218   5.357360     1.9076     0.0123     0.1252      0.527 1.0000e-12    4.83021    6.90286     2.6685     3.8135    116.231    25.3187    25.3130     94.440    23.1022    36.8645 1.5080e-05     1508.0 1.4751e-04       6.96 0.0000e+00
     96.000     95.433    23.0372   5.346591     1.9091    -0.0009     0.1209      0.534 1.0000e-12    4.83774    6.91362     2.7189     3.8855    118.425    25.3336    25.3278     95.434    23.0174    36.8515 1.5495e-05     1549.5 1.5157e-04       7.05 0.0000e+00
     97.000     96.427    22.9125   5.333218     1.9177     0.0006     0.1287      1.052 1.0000e-12    4.84833    6.92874     2.7452     3.9232    119.569    25.3702    25.3644     96.428    22.8926    36.8520 1.5887e-05     1588.7 1.5540e-04       7.14 0.0000e+00
     98.000     97.421    22.8691   5.329828     1.9303     0.0066     0.1487      0.985 1.0000e-12    4.85174    6.93363     2.7703     3.9590    120.655    25.3902    25.3844     97.421    22.8490    36.8617 1.6939e-05     1693.9 1.6569e-04       7.38 0.0000e+00
     99.000     98.415    22.8629   5.329722     1.9375     0.0069     0.1316      0.407 1.0000e-12    4.85216    6.93422     2.7643     3.9504    120.396    25.3951    25.3893     98.415    22.8426    36.8658 1.7568e-05     1756.8 1.7185e-04       7.51 0.0000e+00
    100.000     99.409    22.8413   5.327163     1.9302     0.0069     0.1068      0.761 1.0000e-12    4.85406    6.93694     2.7388     3.9139    119.283    25.3998    25.3939     99.409    22.8208    36.8637 1.7893e-05     1789.3 1.7503e-04       7.58 0.0000e+00
    101.000    100.403    22.7872   5.320940     1.9144     0.0120     0.0985      0.980 1.0000e-12    4.85877    6.94368     2.7051     3.8659    117.817    25.4130    25.4070    100.403    22.7666    36.8603 1.8997e-05     1899.7 1.8583e-04       7.81 0.0000e+00
    102.000    101.397    22.6966   5.309686     1.8977     0.0109     0.0884      0.504 1.0000e-12    4.86687    6.95525     2.6951     3.8516    117.379    25.4302    25.4242    101.397    22.6758    36.8485 2.0901e-05     2090.1 2.0446e-04       8.19 0.0000e+00
    103.000    102.391    22.5286   5.290946     1.8942     0.0017     0.0889      0.787 1.0000e-12    4.88147    6.97611     2.6999     3.8584    117.581    25.4745    25.4685    102.391    22.5077    36.8432 2.2912e-05     2291.2 2.2412e-04       8.58 0.0000e+00
    104.000    103.385    22.4617   5.284381     1.8842    -0.0003     0.0925      1.086 1.0000e-12    4.88712    6.98418     2.6697     3.8153    116.264    25.4973    25.4913    103.384    22.4407    36.8479 2.4173e-05     2417.3 2.3646e-04       8.81 0.0000e+00
    105.000    104.379    22.4192   5.279246     1.8534     0.0097     0.0926      0.435 1.0000e-12    4.89093    6.98963     2.6146     3.7365    113.863    25.5059    25.4998    104.378    22.3980    36.8432 2.4881e-05     2488.1 2.4338e-04       8.94 0.0000e+00
    106.000    105.372    22.2364   5.257940     1.8430    -0.0151     0.0870      0.581 1.0000e-12    4.90718    7.01285     2.6234     3.7491    114.244    25.5480    25.5420    105.372    22.2151    36.8299 2.4152e-05     2415.2 2.3626e-04       8.81 0.0000e+00
    107.000    106.366    22.0732   5.240386     1.8404     0.0063     0.0886      1.138 1.0000e-12    4.92145    7.03325     2.6283     3.7561    114.450    25.5941    25.5880    106.366    22.0518    36.8295 2.2262e-05     2226.2 2.1777e-04       8.46 0.0000e+00
    108.000    107.359    22.0376   5.236612     1.8295     0.0085     0.0924      0.743 1.0000e-12    4.92457    7.03771     2.6060     3.7243    113.481    25.6042    25.5981    107.360    22.0160    36.8296 2.0389e-05     2038.9 1.9944e-04       8.09 0.0000e+00
    109.000    108.353    21.9947   5.231011     1.8178     0.0004     0.0852      0.347 1.0000e-12    4.92857    7.04342     2.5830     3.6913    112.474    25.6101    25.6040    108.354    21.9730    36.8213 2.1204e-05     2120.4 2.0742e-04       8.25 0.0000e+00
    110.000    109.347    21.9117   5.222524     1.8108     0.0070     0.0856      1.048 1.0000e-12    4.93579    7.05374     2.5750     3.6800    112.125    25.6359    25.6297    109.347    21.8898    36.8243 2.1776e-05     2177.6 2.1301e-04       8.36 0.0000e+00
    111.000    110.341    21.8625   5.216705     1.8001     0.0023     0.0929      1.206 1.0000e-12    4.94026    7.06012     2.5510     3.6456    111.078    25.6463    25.6401    110.341    21.8405    36.8197 2.1106e-05     2110.6 2.0646e-04       8.23 0.0000e+00
    112.000    111.335    21.8321   5.213337     1.7774    -0.0047     0.0876      0.286 1.0000e-12    4.94298    7.06401     2.5146     3.5936    109.493    25.6540    25.6477    111.335    21.8099    36.8185 2.1220e-05     2122.0 2.0757e-04       8.25 0.0000e+00
    113.000    112.329    21.6831   5.195119     1.7729    -0.0199     0.0863      0.772 1.0000e-12    4.95671    7.08363     2.5254     3.6090    109.960    25.6819    25.6757    112.329    21.6608    36.8003 2.2676e-05     2267.6 2.2181e-04       8.53 0.0000e+00
    114.000    113.322    21.4828   5.173963     1.7686    -0.0043     0.0888      1.037 1.0000e-12    4.97449    7.10904     2.5303     3.6160    110.167    25.7394    25.7331    113.323    21.4604    36.8023 2.3024e-05     2302.4 2.2522e-04       8.60 0.0000e+00
    115.000    114.316    21.4042   5.165316     1.7627    -0.0077     0.0885      0.783 1.0000e-12    4.98159    7.11919     2.5187     3.5995    109.661    25.7595    25.7533    114.316    21.3817    36.8000 2.2166e-05     2216.6 2.1683e-04       8.44 0.0000e+00
    116.000    115.310    21.3408   5.158043     1.7557     0.0050     0.0859      0.847 1.0000e-12    4.98740    7.12750     2.5199     3.6012    109.711    25.7739    25.7676    115.310    21.3182    36.7957 2.1352e-05     2135.2 2.0886e-04       8.28 0.0000e+00
    117.000    116.304    21.2412   5.146275     1.7615    -0.0007     0.0828      0.560 1.0000e-12    4.99664    7.14070     2.5521     3.6472    111.109    25.7943    25.7880    116.304    21.2184    36.7863 1.9646e-05     1964.6 1.9218e-04       7.94 0.0000e+00
    118.000    117.297    21.1672   5.138972     1.7644    -0.0056     0.0815      0.735 1.0000e-12    5.00319    7.15005     2.5536     3.6493    111.173    25.8182    25.8119    117.298    21.1443    36.7908 1.6720e-05     1672.0 1.6356e-04       7.33 0.0000e+00
    119.000    118.291    21.1367   5.135655     1.7631    -0.0076     0.0810      0.897 1.0000e-12    5.00597    7.15403     2.5463     3.6390    110.856    25.8260    25.8197    118.291    21.1136    36.7899 1.4552e-05     1455.2 1.4234e-04       6.84 0.0000e+00
    120.000    119.285    21.0886   5.130093     1.7598    -0.0230     0.0836      0.967 1.0000e-12    5.01043    7.16041     2.5443     3.6361    110.769    25.8364    25.8300    119.285    21.0654    36.7861 1.3873e-05     1387.3 1.3571e-04       6.67 0.0000e+00
