CTD_data/C216_3_1.cnv
* Sea-Bird SBE 25 Data File:
* FileName = C:\CTD_Data\C216_3\C216_3_1.hex
* Software Version Seasave V 7.19
* Temperature SN = 4430
* Conductivity SN = 3138
* System UpLoad Time = Nov 10 2014 14:50:23
** Ship: hermano gines
** Station: cariaco
** Operator: luis medina
** Latitude: 10 29.98 N
** Longitude: 64 40.07 W
# nquan = 24                                
# nvalues = 808                         
# units = specified
# name 0 = prSM: Pressure, Strain Gauge [db]
# name 1 = depSM: Depth [salt water, m], lat = 10.50
# name 2 = t090C: Temperature [ITS-90, deg C]
# name 3 = c0S/m: Conductivity [S/m]
# name 4 = sbeox0V: Oxygen raw, SBE 43 [V]
# name 5 = flECO-AFL: Fluorescence, WET Labs ECO-AFL/FL [mg/m^3]
# name 6 = bat: Beam Attenuation, Chelsea/Seatech [1/m]
# name 7 = dz/dtM: Descent Rate [m/s]
# name 8 = par: PAR/Irradiance, Biospherical/Licor
# name 9 = oxsatML/L: Oxygen Saturation, Weiss [ml/l]
# name 10 = oxsatMg/L: Oxygen Saturation, Weiss [mg/l]
# name 11 = sbeox0ML/L: Oxygen, SBE 43 [ml/l], WS = 2
# name 12 = sbeox0Mg/L: Oxygen, SBE 43 [mg/l], WS = 2
# name 13 = sbeox0Mm/Kg: Oxygen, SBE 43 [umol/kg], WS = 2
# name 14 = sigma-é00: Density [sigma-theta, kg/m^3]
# name 15 = sigma-t00: Density [sigma-t, kg/m^3 ]
# name 16 = depSM: Depth [salt water, m], lat = 10.5
# name 17 = potemp090C: Potential Temperature [ITS-90, deg C]
# name 18 = sal00: Salinity, Practical [PSU]
# name 19 = E: stability, E [rad^2/m]
# name 20 = E10^-8: stability, E [10^-8 rad^2/m]
# name 21 = N^2: buoyancy frequency, N^2 [rad^2/s^2]
# name 22 = N: buoyancy frequency, N [cycles/h]
# name 23 = flag: flag
# span 0 =      0.000,    404.000       
# span 1 =      0.000,    401.318       
# span 2 =    17.4828,    27.9045       
# span 3 =   4.708488,   5.845296       
# span 4 =     0.5242,     2.7000       
# span 5 =    -0.0298,     0.5057       
# span 6 =     0.0314,     0.1764       
# span 7 =     -1.457,      1.492       
# span 8 = 1.0000e-12, 1.0000e-12       
# span 9 =    4.46110,    5.37360       
# span 10 =    6.37537,    7.67942      
# span 11 =     0.0481,     3.7981      
# span 12 =     0.0688,     5.4278      
# span 13 =      2.093,    165.608      
# span 14 =    23.6428,    26.4288      
# span 15 =    23.6427,    26.4120      
# span 16 =      0.000,    401.318      
# span 17 =    17.4139,    27.9045      
# span 18 =    36.3206,    36.9395      
# span 19 = 5.5291e-08, 8.0986e-05      
# span 20 =        5.5,     8098.6      
# span 21 = 5.4085e-07, 7.9221e-04      
# span 22 =       0.42,      16.13      
# span 23 = 0.0000e+00, 0.0000e+00      
# interval = decibars: 1                
# start_time = Nov 10 2014 14:50:23 [System UpLoad Time]
# bad_flag = -9.990e-29
*END*
[from data line 423]
    384.000    381.469    17.5144   4.711581     0.5246     0.0129     0.1727     -0.797 1.0000e-12    5.37015    7.67448     0.0507     0.0725      2.207    26.4245    26.4084    381.469    17.4488    36.3267 1.8234e-07       18.2 1.7837e-06       0.77 0.0000e+00
    383.000    380.477    17.5155   4.711664     0.5248     0.0123     0.1729     -0.790 1.0000e-12    5.37003    7.67432     0.0507     0.0725      2.207    26.4242    26.4083    380.477    17.4501    36.3268 1.9867e-07       19.9 1.9434e-06       0.80 0.0000e+00
    382.000    379.484    17.5165   4.711756     0.5249     0.0177     0.1730     -0.575 1.0000e-12    5.36992    7.67416     0.0514     0.0734      2.235    26.4242    26.4082    379.484    17.4513    36.3271 2.4654e-07       24.7 2.4116e-06       0.89 0.0000e+00
    381.000    378.492    17.5197   4.712103     0.5245     0.0124     0.1734     -0.610 1.0000e-12    5.36957    7.67366     0.0496     0.0708      2.156    26.4238    26.4079    378.492    17.4546    36.3277 3.2271e-07       32.3 3.1567e-06       1.02 0.0000e+00
    380.000    377.499    17.5227   4.712471     0.5248     0.0201     0.1733     -1.008 1.0000e-12    5.36924    7.67318     0.0514     0.0735      2.237    26.4237    26.4078    377.499    17.4578    36.3285 3.8299e-07       38.3 3.7464e-06       1.11 0.0000e+00
    379.000    376.507    17.5278   4.713013     0.5247     0.0111     0.1727     -1.211 1.0000e-12    5.36870    7.67240     0.0511     0.0730      2.222    26.4228    26.4070    376.507    17.4631    36.3291 4.3627e-07       43.6 4.2676e-06       1.18 0.0000e+00
    378.000    375.514    17.5290   4.713155     0.5249     0.0165     0.1732     -0.878 1.0000e-12    5.36856    7.67220     0.0507     0.0724      2.204    26.4229    26.4071    375.514    17.4644    36.3296 4.4202e-07       44.2 4.3238e-06       1.19 0.0000e+00
    377.000    374.522    17.5370   4.714082     0.5247     0.0112     0.1724     -0.483 1.0000e-12    5.36769    7.67096     0.0509     0.0728      2.216    26.4218    26.4061    374.522    17.4726    36.3309 4.2819e-07       42.8 4.1885e-06       1.17 0.0000e+00
    376.000    373.529    17.5402   4.714387     0.5251     0.0200     0.1729     -0.375 1.0000e-12    5.36735    7.67048     0.0519     0.0741      2.258    26.4211    26.4054    373.529    17.4759    36.3310 4.0223e-07       40.2 3.9346e-06       1.14 0.0000e+00
    375.000    372.536    17.5422   4.714609     0.5249     0.0133     0.1738     -0.997 1.0000e-12    5.36713    7.67017     0.0509     0.0728      2.216    26.4210    26.4053    372.537    17.4781    36.3315 4.0179e-07       40.2 3.9303e-06       1.14 0.0000e+00
    374.000    371.544    17.5453   4.714924     0.5249     0.0143     0.1737     -1.350 1.0000e-12    5.36680    7.66970     0.0512     0.0732      2.227    26.4205    26.4048    371.544    17.4814    36.3319 3.7163e-07       37.2 3.6353e-06       1.09 0.0000e+00
    373.000    370.551    17.5434   4.714641     0.5249     0.0111     0.1742     -0.717 1.0000e-12    5.36701    7.66999     0.0510     0.0729      2.219    26.4206    26.4050    370.551    17.4796    36.3315 3.7083e-07       37.1 3.6275e-06       1.09 0.0000e+00
    372.000    369.559    17.5463   4.714996     0.5248     0.0105     0.1738     -0.333 1.0000e-12    5.36669    7.66953     0.0496     0.0708      2.156    26.4205    26.4050    369.559    17.4827    36.3324 3.5965e-07       36.0 3.5181e-06       1.07 0.0000e+00
    371.000    368.566    17.5509   4.715546     0.5246     0.0162     0.1735     -1.020 1.0000e-12    5.36618    7.66880     0.0513     0.0734      2.234    26.4201    26.4046    368.566    17.4875    36.3334 3.6549e-07       36.5 3.5752e-06       1.08 0.0000e+00
    370.000    367.574    17.5555   4.716015     0.5248     0.0060     0.1736     -0.981 1.0000e-12    5.36569    7.66811     0.0505     0.0721      2.195    26.4192    26.4038    367.574    17.4922    36.3337 4.1964e-07       42.0 4.1049e-06       1.16 0.0000e+00
    369.000    366.581    17.5581   4.716331     0.5250     0.0150     0.1730     -0.600 1.0000e-12    5.36540    7.66769     0.0518     0.0741      2.256    26.4192    26.4037    366.581    17.4950    36.3345 4.6414e-07       46.4 4.5402e-06       1.22 0.0000e+00
    368.000    365.589    17.5636   4.716979     0.5251     0.0051     0.1728     -0.676 1.0000e-12    5.36479    7.66683     0.0510     0.0728      2.217    26.4186    26.4032    365.589    17.5007    36.3356 5.4486e-07       54.5 5.3298e-06       1.32 0.0000e+00
    367.000    364.596    17.5693   4.717636     0.5248     0.0147     0.1732     -0.931 1.0000e-12    5.36418    7.66595     0.0507     0.0724      2.204    26.4179    26.4026    364.596    17.5065    36.3366 5.3083e-07       53.1 5.1926e-06       1.31 0.0000e+00
    366.000    363.604    17.5704   4.717729     0.5246     0.0056     0.1735     -0.828 1.0000e-12    5.36406    7.66577     0.0497     0.0710      2.161    26.4178    26.4024    363.604    17.5078    36.3368 4.8532e-07       48.5 4.7474e-06       1.25 0.0000e+00
    365.000    362.611    17.5774   4.718520     0.5248     0.0056     0.1737     -0.506 1.0000e-12    5.36331    7.66470     0.0515     0.0735      2.239    26.4168    26.4015    362.611    17.5149    36.3378 4.8039e-07       48.0 4.6992e-06       1.24 0.0000e+00
    364.000    361.619    17.5820   4.719056     0.5247     0.0059     0.1735     -0.767 1.0000e-12    5.36281    7.66399     0.0504     0.0720      2.191    26.4163    26.4010    361.618    17.5197    36.3387 4.8522e-07       48.5 4.7464e-06       1.25 0.0000e+00
    363.000    360.626    17.5887   4.719794     0.5247     0.0124     0.1733     -1.126 1.0000e-12    5.36209    7.66296     0.0497     0.0711      2.164    26.4152    26.4000    360.626    17.5266    36.3394 4.2904e-07       42.9 4.1969e-06       1.17 0.0000e+00
    362.000    359.633    17.5808   4.718763     0.5247     0.0139     0.1732     -0.614 1.0000e-12    5.36295    7.66419     0.0507     0.0725      2.206    26.4160    26.4008    359.633    17.5189    36.3380 3.8130e-07       38.1 3.7299e-06       1.11 0.0000e+00
    361.000    358.641    17.5868   4.719553     0.5248     0.0007     0.1731     -0.551 1.0000e-12    5.36227    7.66322     0.0514     0.0735      2.237    26.4159    26.4008    358.641    17.5250    36.3398 3.4887e-07       34.9 3.4126e-06       1.06 0.0000e+00
    360.000    357.648    17.5937   4.720277     0.5249     0.0066     0.1732     -1.050 1.0000e-12    5.36155    7.66219     0.0508     0.0726      2.209    26.4145    26.3994    357.648    17.5321    36.3403 3.4698e-07       34.7 3.3942e-06       1.06 0.0000e+00
    359.000    356.655    17.5945   4.720317     0.5248     0.0019     0.1736     -1.081 1.0000e-12    5.36147    7.66207     0.0498     0.0712      2.167    26.4143    26.3993    356.655    17.5330    36.3403 3.5101e-07       35.1 3.4336e-06       1.06 0.0000e+00
    358.000    355.662    17.5929   4.720114     0.5246     0.0037     0.1727     -0.638 1.0000e-12    5.36163    7.66230     0.0505     0.0721      2.196    26.4147    26.3997    355.663    17.5316    36.3404 3.2162e-07       32.2 3.1461e-06       1.02 0.0000e+00
    357.000    354.670    17.5972   4.720618     0.5247     0.0045     0.1737     -0.490 1.0000e-12    5.36116    7.66163     0.0502     0.0718      2.186    26.4143    26.3993    354.670    17.5361    36.3413 3.5758e-07       35.8 3.4978e-06       1.07 0.0000e+00
    356.000    353.677    17.6017   4.721153     0.5246     0.0094     0.1733     -0.652 1.0000e-12    5.36067    7.66093     0.0500     0.0715      2.176    26.4139    26.3990    353.678    17.5407    36.3423 3.2846e-07       32.8 3.2130e-06       1.03 0.0000e+00
    355.000    352.685    17.6096   4.722035     0.5246     0.0088     0.1733     -1.139 1.0000e-12    5.35982    7.65972     0.0505     0.0721      2.195    26.4127    26.3978    352.685    17.5488    36.3432 2.8576e-07       28.6 2.7953e-06       0.96 0.0000e+00
    354.000    351.692    17.6075   4.721698     0.5247     0.0070     0.1729     -1.045 1.0000e-12    5.36005    7.66005     0.0504     0.0721      2.195    26.4126    26.3978    351.692    17.5469    36.3426 2.7664e-07       27.7 2.7061e-06       0.94 0.0000e+00
    353.000    350.700    17.6072   4.721695     0.5249     0.0092     0.1727     -0.612 1.0000e-12    5.36007    7.66007     0.0516     0.0738      2.246    26.4132    26.3983    350.700    17.5467    36.3432 2.4574e-07       24.6 2.4038e-06       0.89 0.0000e+00
    352.000    349.707    17.6102   4.721978     0.5251     0.0042     0.1730     -0.787 1.0000e-12    5.35976    7.65963     0.0509     0.0728      2.217    26.4125    26.3977    349.707    17.5499    36.3433 2.1784e-07       21.8 2.1309e-06       0.84 0.0000e+00
    351.000    348.714    17.6106   4.721973     0.5245     0.0174     0.1731     -0.533 1.0000e-12    5.35972    7.65957     0.0493     0.0704      2.145    26.4123    26.3976    348.714    17.5505    36.3433 2.0675e-07       20.7 2.0225e-06       0.81 0.0000e+00
    350.000    347.722    17.6112   4.721981     0.5248     0.0113     0.1732     -0.765 1.0000e-12    5.35965    7.65948     0.0506     0.0723      2.200    26.4121    26.3974    347.722    17.5513    36.3432 1.9543e-07       19.5 1.9117e-06       0.79 0.0000e+00
    349.000    346.729    17.6118   4.722035     0.5245     0.0064     0.1734     -1.185 1.0000e-12    5.35959    7.65938     0.0498     0.0712      2.167    26.4121    26.3975    346.729    17.5520    36.3436 2.7049e-07       27.0 2.6460e-06       0.93 0.0000e+00
    348.000    345.736    17.6114   4.721985     0.5247     0.0148     0.1731     -0.857 1.0000e-12    5.35961    7.65942     0.0508     0.0726      2.210    26.4124    26.3978    345.736    17.5518    36.3439 3.1029e-07       31.0 3.0353e-06       1.00 0.0000e+00
    347.000    344.744    17.6188   4.722850     0.5248     0.0035     0.1725     -0.628 1.0000e-12    5.35881    7.65828     0.0505     0.0722      2.199    26.4115    26.3970    344.744    17.5594    36.3451 3.0505e-07       30.5 2.9840e-06       0.99 0.0000e+00
    346.000    343.751    17.6229   4.723312     0.5250     0.0022     0.1725     -0.547 1.0000e-12    5.35837    7.65764     0.0511     0.0731      2.225    26.4110    26.3965    343.751    17.5636    36.3458 3.2304e-07       32.3 3.1600e-06       1.02 0.0000e+00
    345.000    342.758    17.6269   4.723806     0.5249     0.0101     0.1724     -0.750 1.0000e-12    5.35793    7.65701     0.0506     0.0723      2.200    26.4109    26.3964    342.758    17.5678    36.3469 3.1703e-07       31.7 3.1012e-06       1.01 0.0000e+00
    344.000    341.765    17.6298   4.724031     0.5248     0.0080     0.1725     -1.120 1.0000e-12    5.35763    7.65659     0.0506     0.0723      2.202    26.4099    26.3954    341.766    17.5708    36.3466 3.2358e-07       32.4 3.1652e-06       1.02 0.0000e+00
    343.000    340.773    17.6283   4.723806     0.5250     0.0100     0.1719     -0.982 1.0000e-12    5.35780    7.65683     0.0509     0.0727      2.214    26.4101    26.3956    340.773    17.5695    36.3464 2.9966e-07       30.0 2.9313e-06       0.98 0.0000e+00
    342.000    339.780    17.6314   4.724186     0.5248     0.0096     0.1720     -0.512 1.0000e-12    5.35745    7.65633     0.0505     0.0721      2.197    26.4099    26.3956    339.780    17.5728    36.3473 2.7775e-07       27.8 2.7170e-06       0.94 0.0000e+00
    341.000    338.788    17.6332   4.724349     0.5250     0.0184     0.1717     -0.793 1.0000e-12    5.35726    7.65606     0.0511     0.0730      2.224    26.4096    26.3953    338.788    17.5748    36.3475 2.3116e-07       23.1 2.2613e-06       0.86 0.0000e+00
    340.000    337.795    17.6329   4.724285     0.5247     0.0010     0.1728     -0.645 1.0000e-12    5.35729    7.65610     0.0497     0.0711      2.164    26.4097    26.3954    337.795    17.5746    36.3476 2.5031e-07       25.0 2.4485e-06       0.90 0.0000e+00
    339.000    336.802    17.6363   4.724647     0.5248     0.0038     0.1722     -0.634 1.0000e-12    5.35692    7.65558     0.0509     0.0728      2.216    26.4092    26.3949    336.802    17.5782    36.3481 2.7326e-07       27.3 2.6730e-06       0.94 0.0000e+00
    338.000    335.810    17.6400   4.725128     0.5249     0.0069     0.1719     -1.081 1.0000e-12    5.35650    7.65498     0.0509     0.0728      2.216    26.4092    26.3950    335.810    17.5821    36.3493 3.0912e-07       30.9 3.0239e-06       1.00 0.0000e+00
    337.000    334.817    17.6433   4.725397     0.5249     0.0142     0.1722     -1.122 1.0000e-12    5.35617    7.65450     0.0506     0.0724      2.203    26.4082    26.3940    334.817    17.5855    36.3491 3.2196e-07       32.2 3.1494e-06       1.02 0.0000e+00
    336.000    333.824    17.6392   4.724913     0.5248     0.0068     0.1719     -0.253 1.0000e-12    5.35660    7.65511     0.0506     0.0723      2.201    26.4090    26.3949    333.824    17.5816    36.3489 3.2577e-07       32.6 3.1867e-06       1.02 0.0000e+00
    335.000    332.832    17.6494   4.726102     0.5248     0.0107     0.1718     -0.752 1.0000e-12    5.35550    7.65354     0.0497     0.0709      2.161    26.4077    26.3936    332.831    17.5920    36.3505 3.2597e-07       32.6 3.1887e-06       1.02 0.0000e+00
    334.000    331.839    17.6511   4.726222     0.5247     0.0062     0.1718     -1.012 1.0000e-12    5.35532    7.65330     0.0511     0.0730      2.223    26.4071    26.3931    331.839    17.5938    36.3504 2.9882e-07       29.9 2.9230e-06       0.98 0.0000e+00
    333.000    330.845    17.6513   4.726231     0.5250     0.0040     0.1713     -0.816 1.0000e-12    5.35530    7.65326     0.0507     0.0725      2.207    26.4073    26.3932    330.846    17.5942    36.3507 2.8541e-07       28.5 2.7919e-06       0.96 0.0000e+00
    332.000    329.853    17.6527   4.726357     0.5247    -0.0011     0.1722     -0.789 1.0000e-12    5.35514    7.65304     0.0494     0.0706      2.149    26.4071    26.3931    329.853    17.5958    36.3509 2.5810e-07       25.8 2.5247e-06       0.91 0.0000e+00
    331.000    328.860    17.6536   4.726411     0.5247     0.0185     0.1717     -0.818 1.0000e-12    5.35505    7.65290     0.0499     0.0713      2.170    26.4068    26.3929    328.861    17.5968    36.3509 2.5670e-07       25.7 2.5110e-06       0.91 0.0000e+00
    330.000    327.868    17.6547   4.726501     0.5246     0.0136     0.1716     -0.824 1.0000e-12    5.35493    7.65274     0.0505     0.0722      2.196    26.4067    26.3928    327.868    17.5981    36.3511 2.0547e-07       20.5 2.0100e-06       0.81 0.0000e+00
    329.000    326.875    17.6569   4.726752     0.5248     0.0053     0.1718     -0.417 1.0000e-12    5.35469    7.65239     0.0502     0.0718      2.185    26.4065    26.3927    326.875    17.6005    36.3517 2.1922e-07       21.9 2.1444e-06       0.84 0.0000e+00
    328.000    325.882    17.6591   4.726969     0.5248     0.0060     0.1722     -0.838 1.0000e-12    5.35446    7.65205     0.0504     0.0720      2.191    26.4062    26.3923    325.882    17.6028    36.3520 2.6176e-07       26.2 2.5606e-06       0.92 0.0000e+00
    327.000    324.890    17.6606   4.727104     0.5248     0.0008     0.1724     -1.016 1.0000e-12    5.35429    7.65183     0.0504     0.0721      2.194    26.4059    26.3921    324.889    17.6045    36.3522 3.1835e-07       31.8 3.1142e-06       1.01 0.0000e+00
    326.000    323.897    17.6615   4.727192     0.5248     0.0012     0.1724     -1.015 1.0000e-12    5.35419    7.65167     0.0504     0.0720      2.195    26.4059    26.3922    323.897    17.6056    36.3525 3.4197e-07       34.2 3.3452e-06       1.05 0.0000e+00
    325.000    322.904    17.6646   4.727529     0.5248     0.0046     0.1726     -0.779 1.0000e-12    5.35386    7.65120     0.0500     0.0714      2.175    26.4055    26.3918    322.904    17.6088    36.3531 3.6627e-07       36.6 3.5828e-06       1.08 0.0000e+00
