CTD_data/C224_2.cnv
* Sea-Bird SBE 25 Data File:
* FileName = C:\CTD_Data\C224\C224_2.hex
* Software Version Seasave V 7.19
* Temperature SN = 4430
* Conductivity SN = 3138
* System UpLoad Time = Nov 15 2015 03:43:29
** Ship: Hno Gines
** Station: CARIACO
** Operator: Alberto Rosales
** Latitude:
** Longitude:
** 2do Cast
# nquan = 25                                
# nvalues = 659                         
# units = specified
# name 0 = prSM: Pressure, Strain Gauge [db]
# name 1 = depSM: Depth [salt water, m], lat = 10.50
# name 2 = t090C: Temperature [ITS-90, deg C]
# name 3 = c0S/m: Conductivity [S/m]
# name 4 = sbeox0V: Oxygen raw, SBE 43 [V]
# name 5 = flECO-AFL: Fluorescence, WET Labs ECO-AFL/FL [mg/m^3]
# name 6 = bat: Beam Attenuation, Chelsea/Seatech [1/m]
# name 7 = dz/dtM: Descent Rate [m/s]
# name 8 = par: PAR/Irradiance, Biospherical/Licor
# name 9 = oxsatML/L: Oxygen Saturation, Weiss [ml/l]
# name 10 = oxsatMg/L: Oxygen Saturation, Weiss [mg/l]
# name 11 = oxsatMm/Kg: Oxygen Saturation, Weiss [umol/kg]
# name 12 = sbeox0ML/L: Oxygen, SBE 43 [ml/l], WS = 2
# name 13 = sbeox0Mg/L: Oxygen, SBE 43 [mg/l], WS = 2
# name 14 = sbeox0Mm/Kg: Oxygen, SBE 43 [umol/kg], WS = 2
# name 15 = sigma-é00: Density [sigma-theta, kg/m^3]
# name 16 = sigma-t00: Density [sigma-t, kg/m^3 ]
# name 17 = depSM: Depth [salt water, m], lat = 10.5
# name 18 = potemp090C: Potential Temperature [ITS-90, deg C]
# name 19 = sal00: Salinity, Practical [PSU]
# name 20 = E: stability, E [rad^2/m]
# name 21 = E10^-8: stability, E [10^-8 rad^2/m]
# name 22 = N^2: buoyancy frequency, N^2 [rad^2/s^2]
# name 23 = N: buoyancy frequency, N [cycles/h]
# name 24 = flag: flag
# span 0 =      2.000,    331.000       
# span 1 =      1.988,    328.860       
# span 2 =    17.7016,    25.8830       
# span 3 =   4.732778,   5.648088       
# span 4 =     0.5220,     2.5303       
# span 5 =    -0.2792,     0.5064       
# span 6 =     0.0403,     0.1289       
# span 7 =     -1.266,      1.227       
# span 8 = 1.0000e-12, 1.0000e-12       
# span 9 =    4.60816,    5.34974       
# span 10 =    6.58552,    7.64531      
# span 11 =  200.89011,  232.77291      
# span 12 =     0.0811,     4.3405      
# span 13 =     0.1159,     6.2030      
# span 14 =      3.528,    189.222      
# span 15 =    24.4416,    26.4046      
# span 16 =    24.4414,    26.3907      
# span 17 =      1.989,    328.861      
# span 18 =    17.6447,    25.8821      
# span 19 =    36.3632,    36.9606      
# span 20 = -7.259e-09, 3.6145e-05      
# span 21 =       -0.7,     3614.5      
# span 22 = -7.101e-08, 3.5357e-04      
# span 23 =      -0.15,      10.77      
# span 24 = 0.0000e+00, 0.0000e+00      
# interval = decibars: 1                
# start_time = Nov 15 2015 03:43:29 [System UpLoad Time]
# bad_flag = -9.990e-29
*END*
[from data line 464]
    196.000    194.797    18.1661   4.784825     0.7315    -0.0623     0.0446     -0.643 1.0000e-12    5.29987    7.57404  230.61577     0.6001     0.8576     26.113    26.3487    26.3402    194.797    18.1319    36.4480 1.1375e-06      113.8 1.1127e-05       1.91 0.0000e+00
    195.000    193.803    18.1794   4.786541     0.7392    -0.0337     0.0453     -1.000 1.0000e-12    5.29844    7.57199  230.55354     0.6192     0.8849     26.942    26.3478    26.3393    193.803    18.1454    36.4512 1.3556e-06      135.6 1.3261e-05       2.09 0.0000e+00
    194.000    192.810    18.1811   4.786562     0.7626    -0.0311     0.0448     -0.580 1.0000e-12    5.29829    7.57179  230.54750     0.6773     0.9679     29.469    26.3467    26.3382    192.810    18.1472    36.4503 1.4891e-06      148.9 1.4566e-05       2.19 0.0000e+00
    193.000    191.816    18.2009   4.789163     0.7778    -0.0882     0.0450     -0.654 1.0000e-12    5.29614    7.56872  230.45426     0.7146     1.0212     31.093    26.3455    26.3371    191.816    18.1672    36.4553 1.5130e-06      151.3 1.4800e-05       2.20 0.0000e+00
    192.000    190.823    18.2308   4.792863     0.7912    -0.0197     0.0451     -0.975 1.0000e-12    5.29297    7.56418  230.31689     0.7473     1.0680     32.519    26.3421    26.3337    190.823    18.1972    36.4607 1.5074e-06      150.7 1.4746e-05       2.20 0.0000e+00
    191.000    189.829    18.2383   4.793551     0.8051    -0.0389     0.0454     -0.632 1.0000e-12    5.29223    7.56312  230.28512     0.7818     1.1172     34.017    26.3399    26.3315    189.830    18.2049    36.4603 1.4790e-06      147.9 1.4468e-05       2.18 0.0000e+00
    190.000    188.836    18.2628   4.796757     0.8120    -0.0806     0.0448     -0.675 1.0000e-12    5.28958    7.55934  230.17034     0.7984     1.1410     34.741    26.3383    26.3299    188.836    18.2295    36.4663 1.4546e-06      145.5 1.4229e-05       2.16 0.0000e+00
    189.000    187.843    18.2629   4.796614     0.8156    -0.0098     0.0446     -0.764 1.0000e-12    5.28960    7.55936  230.17130     0.8072     1.1536     35.125    26.3375    26.3292    187.843    18.2298    36.4654 1.2649e-06      126.5 1.2373e-05       2.02 0.0000e+00
    188.000    186.849    18.2681   4.797292     0.8217    -0.0053     0.0445     -0.902 1.0000e-12    5.28903    7.55855  230.14650     0.8221     1.1749     35.772    26.3374    26.3291    186.849    18.2352    36.4669 1.1129e-06      111.3 1.0886e-05       1.89 0.0000e+00
    187.000    185.856    18.2714   4.797626     0.8347    -0.0670     0.0445     -0.515 1.0000e-12    5.28869    7.55806  230.13188     0.8542     1.2208     37.171    26.3367    26.3285    185.856    18.2386    36.4672 9.9991e-07      100.0 9.7811e-06       1.79 0.0000e+00
    186.000    184.863    18.2911   4.800114     0.8375    -0.0623     0.0444     -0.544 1.0000e-12    5.28658    7.55505  230.04065     0.8608     1.2302     37.457    26.3349    26.3267    184.862    18.2585    36.4713 9.6476e-07       96.5 9.4373e-06       1.76 0.0000e+00
    185.000    183.869    18.2997   4.801032     0.8431     0.0685     0.0448     -0.919 1.0000e-12    5.28570    7.55380  230.00284     0.8743     1.2495     38.045    26.3331    26.3250    183.869    18.2673    36.4719 1.1450e-06      114.5 1.1200e-05       1.92 0.0000e+00
    184.000    182.876    18.2903   4.799902     0.8511    -0.1776     0.0449     -0.356 1.0000e-12    5.28667    7.55519  230.04464     0.8942     1.2779     38.909    26.3347    26.3266    182.876    18.2581    36.4710 1.3078e-06      130.8 1.2793e-05       2.05 0.0000e+00
    183.000    181.882    18.3121   4.802661     0.8544     0.0045     0.0458     -0.793 1.0000e-12    5.28434    7.55186  229.94381     0.9018     1.2888     39.241    26.3327    26.3246    181.882    18.2800    36.4755 1.5377e-06      153.8 1.5041e-05       2.22 0.0000e+00
    182.000    180.889    18.3164   4.802887     0.8810    -0.0443     0.0453     -0.416 1.0000e-12    5.28397    7.55131  229.92782     0.9676     1.3828     42.105    26.3304    26.3224    180.889    18.2845    36.4740 1.6973e-06      169.7 1.6603e-05       2.33 0.0000e+00
    181.000    179.895    18.3420   4.806403     0.9027     0.0002     0.0451     -0.679 1.0000e-12    5.28116    7.54731  229.80606     1.0207     1.4587     44.417    26.3298    26.3218    179.895    18.3102    36.4817 1.6612e-06      166.1 1.6250e-05       2.31 0.0000e+00
    180.000    178.902    18.3680   4.809383     0.9184    -0.0770     0.0452     -0.601 1.0000e-12    5.27848    7.54347  229.69010     1.0588     1.5132     46.075    26.3253    26.3173    178.902    18.3364    36.4843 1.6641e-06      166.4 1.6278e-05       2.31 0.0000e+00
    179.000    177.908    18.3808   4.811073     0.9449     0.0025     0.0455     -0.461 1.0000e-12    5.27709    7.54149  229.63006     1.1238     1.6061     48.903    26.3246    26.3167    177.908    18.3493    36.4878 1.7249e-06      172.5 1.6873e-05       2.35 0.0000e+00
    178.000    176.915    18.4075   4.814340     0.9647    -0.0302     0.0450     -0.350 1.0000e-12    5.27429    7.53749  229.50884     1.1722     1.6752     51.007    26.3213    26.3134    176.915    18.3762    36.4923 1.4595e-06      145.9 1.4277e-05       2.16 0.0000e+00
    177.000    175.921    18.4231   4.816311     0.9705     0.0000     0.0453     -1.029 1.0000e-12    5.27262    7.53511  229.43665     1.1859     1.6948     51.604    26.3199    26.3120    175.921    18.3919    36.4956 1.7889e-06      178.9 1.7499e-05       2.40 0.0000e+00
    176.000    174.928    18.4083   4.814394     0.9941    -0.0409     0.0458     -0.056 1.0000e-12    5.27419    7.53734  229.50440     1.2445     1.7784     54.151    26.3214    26.3136    174.928    18.3773    36.4928 2.3803e-06      238.0 2.3284e-05       2.76 0.0000e+00
    175.000    173.935    18.4326   4.817581     0.9959    -0.1898     0.0454     -0.841 1.0000e-12    5.27158    7.53361  229.39120     1.2480     1.7835     54.307    26.3198    26.3120    173.934    18.4018    36.4987 2.8877e-06      288.8 2.8248e-05       3.05 0.0000e+00
    174.000    172.941    18.4429   4.818673     1.0226    -0.0726     0.0474     -0.657 1.0000e-12    5.27054    7.53213  229.34645     1.3137     1.8774     57.166    26.3175    26.3098    172.941    18.4122    36.4992 3.4294e-06      342.9 3.3546e-05       3.32 0.0000e+00
    173.000    171.948    18.4583   4.821168     1.0584    -0.1729     0.0465     -0.247 1.0000e-12    5.26876    7.52958  229.26847     1.4013     2.0026     60.976    26.3197    26.3120    171.947    18.4278    36.5072 3.7226e-06      372.3 3.6415e-05       3.46 0.0000e+00
    172.000    170.954    18.5368   4.830278     1.0686    -0.0021     0.0468     -0.968 1.0000e-12    5.26070    7.51806  228.92078     1.4243     2.0354     61.977    26.3061    26.2983    170.954    18.5064    36.5153 3.9176e-06      391.8 3.8322e-05       3.55 0.0000e+00
    171.000    169.960    18.6001   4.838014     1.1291    -0.0177     0.0483     -0.380 1.0000e-12    5.25411    7.50865  228.63598     1.5709     2.2450     68.361    26.2976    26.2899    169.960    18.5698    36.5253 3.8613e-06      386.1 3.7771e-05       3.52 0.0000e+00
    170.000    168.967    18.6366   4.842609     1.1454     0.0212     0.0477     -0.550 1.0000e-12    5.25027    7.50317  228.46989     1.6099     2.3008     70.058    26.2936    26.2859    168.967    18.6064    36.5323 3.9119e-06      391.2 3.8266e-05       3.54 0.0000e+00
    169.000    167.974    18.6480   4.843819     1.1530    -0.0186     0.0482     -0.728 1.0000e-12    5.24913    7.50153  228.42080     1.6281     2.3267     70.847    26.2911    26.2835    167.973    18.6180    36.5328 3.8597e-06      386.0 3.7756e-05       3.52 0.0000e+00
    168.000    166.980    18.6543   4.844586     1.1647    -0.0695     0.0489     -1.036 1.0000e-12    5.24847    7.50059  228.39205     1.6563     2.3671     72.077    26.2904    26.2828    166.980    18.6245    36.5341 3.6909e-06      369.1 3.6105e-05       3.44 0.0000e+00
    167.000    165.986    18.6602   4.845286     1.1787    -0.0065     0.0478     -1.188 1.0000e-12    5.24785    7.49970  228.36535     1.6904     2.4157     73.558    26.2897    26.2822    165.986    18.6305    36.5352 3.2544e-06      325.4 3.1834e-05       3.23 0.0000e+00
    166.000    164.993    18.6714   4.847017     1.1977    -0.0858     0.0489     -1.054 1.0000e-12    5.24658    7.49789  228.31002     1.7362     2.4813     75.554    26.2908    26.2832    164.993    18.6419    36.5403 3.2084e-06      320.8 3.1385e-05       3.21 0.0000e+00
    165.000    163.999    18.7346   4.854510     1.2104    -0.0735     0.0482     -0.679 1.0000e-12    5.24010    7.48863  228.03013     1.7651     2.5226     76.812    26.2806    26.2731    163.999    18.7052    36.5482 3.3102e-06      331.0 3.2380e-05       3.26 0.0000e+00
    164.000    163.005    18.7578   4.857211     1.2142     0.0365     0.0491     -0.952 1.0000e-12    5.23774    7.48525  227.92807     1.7736     2.5346     77.180    26.2767    26.2693    163.006    18.7286    36.5509 3.3793e-06      337.9 3.3057e-05       3.29 0.0000e+00
    163.000    162.012    18.7854   4.860643     1.2250     0.0364     0.0498     -0.932 1.0000e-12    5.23486    7.48114  227.80367     1.7987     2.5705     78.273    26.2734    26.2660    162.012    18.7563    36.5558 3.4490e-06      344.9 3.3738e-05       3.33 0.0000e+00
    162.000    161.019    18.8153   4.864073     1.2561    -0.0786     0.0497     -0.316 1.0000e-12    5.23183    7.47681  227.67306     1.8736     2.6776     81.534    26.2680    26.2606    161.019    18.7863    36.5587 3.3702e-06      337.0 3.2968e-05       3.29 0.0000e+00
    161.000    160.026    18.8352   4.866497     1.2683    -0.0469     0.0492     -0.556 1.0000e-12    5.22977    7.47387  227.58418     1.9026     2.7190     82.794    26.2653    26.2580    160.025    18.8064    36.5620 3.2107e-06      321.1 3.1407e-05       3.21 0.0000e+00
    160.000    159.032    18.8445   4.867602     1.2766    -0.0821     0.0500     -0.748 1.0000e-12    5.22881    7.47250  227.54265     1.9222     2.7471     83.650    26.2641    26.2567    159.031    18.8159    36.5635 2.8291e-06      282.9 2.7674e-05       3.01 0.0000e+00
    159.000    158.038    18.8589   4.869466     1.2875    -0.0557     0.0501     -0.856 1.0000e-12    5.22730    7.47033  227.47700     1.9480     2.7840     84.774    26.2629    26.2556    158.038    18.8304    36.5668 2.7496e-06      275.0 2.6897e-05       2.97 0.0000e+00
    158.000    157.044    18.8796   4.871928     1.2986    -0.0101     0.0483     -0.748 1.0000e-12    5.22518    7.46731  227.38555     1.9741     2.8212     85.909    26.2597    26.2525    157.044    18.8513    36.5697 2.7226e-06      272.3 2.6633e-05       2.96 0.0000e+00
    157.000    156.051    18.9026   4.874869     1.3036    -0.1177     0.0489     -0.699 1.0000e-12    5.22277    7.46387  227.28126     1.9852     2.8371     86.391    26.2575    26.2503    156.051    18.8745    36.5746 2.6172e-06      261.7 2.5601e-05       2.90 0.0000e+00
    156.000    155.057    18.9283   4.877933     1.3079    -0.0839     0.0486     -0.897 1.0000e-12    5.22015    7.46012  227.16793     1.9945     2.8504     86.797    26.2536    26.2464    155.057    18.9003    36.5781 2.6507e-06      265.1 2.5929e-05       2.92 0.0000e+00
    155.000    154.064    18.9465   4.879995     1.3118    -0.1064     0.0493     -0.777 1.0000e-12    5.21832    7.45750  227.08892     2.0033     2.8629     87.177    26.2501    26.2430    154.064    18.9187    36.5797 2.7272e-06      272.7 2.6677e-05       2.96 0.0000e+00
    154.000    153.070    18.9623   4.881820     1.3118    -0.0035     0.0495     -0.499 1.0000e-12    5.21672    7.45521  227.01993     2.0023     2.8616     87.138    26.2474    26.2403    153.070    18.9346    36.5815 2.7113e-06      271.1 2.6522e-05       2.95 0.0000e+00
    153.000    152.076    18.9851   4.884592     1.3128    -0.0359     0.0492     -1.084 1.0000e-12    5.21438    7.45187  226.91883     2.0036     2.8633     87.192    26.2442    26.2372    152.076    18.9576    36.5851 2.6371e-06      263.7 2.5796e-05       2.91 0.0000e+00
    152.000    151.082    18.9873   4.884756     1.3182    -0.0705     0.0497     -0.689 1.0000e-12    5.21417    7.45157  226.90985     2.0164     2.8817     87.751    26.2435    26.2364    151.083    18.9600    36.5849 2.5357e-06      253.6 2.4804e-05       2.85 0.0000e+00
    151.000    150.089    19.0094   4.887528     1.3231     0.0003     0.0504     -0.540 1.0000e-12    5.21188    7.44830  226.81092     2.0274     2.8974     88.228    26.2410    26.2340    150.089    18.9822    36.5891 2.6215e-06      262.1 2.5643e-05       2.90 0.0000e+00
    150.000    149.096    19.0239   4.889081     1.3258    -0.0184     0.0508     -0.585 1.0000e-12    5.21045    7.44625  226.74923     2.0331     2.9055     88.478    26.2377    26.2307    149.096    18.9969    36.5898 2.7663e-06      276.6 2.7060e-05       2.98 0.0000e+00
    149.000    148.102    19.0352   4.890379     1.3263    -0.0285     0.0522     -0.423 1.0000e-12    5.20931    7.44462  226.69997     2.0337     2.9063     88.501    26.2357    26.2288    148.102    19.0084    36.5911 3.2788e-06      327.9 3.2074e-05       3.24 0.0000e+00
    148.000    147.108    19.0514   4.892239     1.3245    -0.0761     0.0515     -0.621 1.0000e-12    5.20768    7.44229  226.62962     2.0283     2.8987     88.270    26.2328    26.2259    147.108    19.0247    36.5928 4.0210e-06      402.1 3.9334e-05       3.59 0.0000e+00
    147.000    146.115    19.0612   4.893359     1.3110     0.0795     0.0514     -0.404 1.0000e-12    5.20668    7.44087  226.58684     1.9950     2.8510     86.818    26.2311    26.2243    146.115    19.0347    36.5940 4.5636e-06      456.4 4.4641e-05       3.83 0.0000e+00
    146.000    145.121    19.0988   4.897657     1.3068    -0.0644     0.0499     -0.547 1.0000e-12    5.20292    7.43549  226.42473     1.9833     2.8343     86.309    26.2239    26.2171    145.121    19.0724    36.5973 4.9709e-06      497.1 4.8626e-05       4.00 0.0000e+00
    145.000    144.127    19.1140   4.899315     1.3130    -0.0191     0.0486     -0.554 1.0000e-12    5.20141    7.43334  226.35990     1.9974     2.8545     86.925    26.2207    26.2139    144.128    19.0878    36.5982 5.6989e-06      569.9 5.5746e-05       4.28 0.0000e+00
    144.000    143.134    19.1847   4.907915     1.3197    -0.0670     0.0468     -0.407 1.0000e-12    5.19424    7.42309  226.05000     2.0109     2.8738     87.512    26.2101    26.2034    143.134    19.1586    36.6084 7.8165e-06      781.7 7.6462e-05       5.01 0.0000e+00
    143.000    142.140    19.2302   4.912963     1.3231    -0.0039     0.0459     -0.586 1.0000e-12    5.18975    7.41667  225.85676     2.0171     2.8826     87.783    26.2003    26.1936    142.140    19.2043    36.6110 1.0366e-05     1036.6 1.0140e-04       5.77 0.0000e+00
    142.000    141.147    19.2385   4.913941     1.3338    -0.0034     0.0457     -0.345 1.0000e-12    5.18891    7.41547  225.82043     2.0424     2.9188     88.885    26.1991    26.1924    141.147    19.2127    36.6123 1.2455e-05     1245.5 1.2184e-04       6.32 0.0000e+00
    141.000    140.153    19.2806   4.919247     1.3489    -0.0342     0.0455     -0.699 1.0000e-12    5.18460    7.40931  225.63388     2.0772     2.9685     90.399    26.1940    26.1874    140.153    19.2550    36.6200 1.3200e-05     1320.0 1.2912e-04       6.51 0.0000e+00
    140.000    139.159    19.3562   4.928049     1.3828    -0.1391     0.0457     -0.450 1.0000e-12    5.17708    7.39856  225.30971     2.1559     3.0810     93.826    26.1800    26.1734    139.159    19.3307    36.6275 1.4406e-05     1440.6 1.4092e-04       6.80 0.0000e+00
