CTD_data/C224_2.cnv
* Sea-Bird SBE 25 Data File:
* FileName = C:\CTD_Data\C224\C224_2.hex
* Software Version Seasave V 7.19
* Temperature SN = 4430
* Conductivity SN = 3138
* System UpLoad Time = Nov 15 2015 03:43:29
** Ship: Hno Gines
** Station: CARIACO
** Operator: Alberto Rosales
** Latitude:
** Longitude:
** 2do Cast
# nquan = 25                                
# nvalues = 659                         
# units = specified
# name 0 = prSM: Pressure, Strain Gauge [db]
# name 1 = depSM: Depth [salt water, m], lat = 10.50
# name 2 = t090C: Temperature [ITS-90, deg C]
# name 3 = c0S/m: Conductivity [S/m]
# name 4 = sbeox0V: Oxygen raw, SBE 43 [V]
# name 5 = flECO-AFL: Fluorescence, WET Labs ECO-AFL/FL [mg/m^3]
# name 6 = bat: Beam Attenuation, Chelsea/Seatech [1/m]
# name 7 = dz/dtM: Descent Rate [m/s]
# name 8 = par: PAR/Irradiance, Biospherical/Licor
# name 9 = oxsatML/L: Oxygen Saturation, Weiss [ml/l]
# name 10 = oxsatMg/L: Oxygen Saturation, Weiss [mg/l]
# name 11 = oxsatMm/Kg: Oxygen Saturation, Weiss [umol/kg]
# name 12 = sbeox0ML/L: Oxygen, SBE 43 [ml/l], WS = 2
# name 13 = sbeox0Mg/L: Oxygen, SBE 43 [mg/l], WS = 2
# name 14 = sbeox0Mm/Kg: Oxygen, SBE 43 [umol/kg], WS = 2
# name 15 = sigma-é00: Density [sigma-theta, kg/m^3]
# name 16 = sigma-t00: Density [sigma-t, kg/m^3 ]
# name 17 = depSM: Depth [salt water, m], lat = 10.5
# name 18 = potemp090C: Potential Temperature [ITS-90, deg C]
# name 19 = sal00: Salinity, Practical [PSU]
# name 20 = E: stability, E [rad^2/m]
# name 21 = E10^-8: stability, E [10^-8 rad^2/m]
# name 22 = N^2: buoyancy frequency, N^2 [rad^2/s^2]
# name 23 = N: buoyancy frequency, N [cycles/h]
# name 24 = flag: flag
# span 0 =      2.000,    331.000       
# span 1 =      1.988,    328.860       
# span 2 =    17.7016,    25.8830       
# span 3 =   4.732778,   5.648088       
# span 4 =     0.5220,     2.5303       
# span 5 =    -0.2792,     0.5064       
# span 6 =     0.0403,     0.1289       
# span 7 =     -1.266,      1.227       
# span 8 = 1.0000e-12, 1.0000e-12       
# span 9 =    4.60816,    5.34974       
# span 10 =    6.58552,    7.64531      
# span 11 =  200.89011,  232.77291      
# span 12 =     0.0811,     4.3405      
# span 13 =     0.1159,     6.2030      
# span 14 =      3.528,    189.222      
# span 15 =    24.4416,    26.4046      
# span 16 =    24.4414,    26.3907      
# span 17 =      1.989,    328.861      
# span 18 =    17.6447,    25.8821      
# span 19 =    36.3632,    36.9606      
# span 20 = -7.259e-09, 3.6145e-05      
# span 21 =       -0.7,     3614.5      
# span 22 = -7.101e-08, 3.5357e-04      
# span 23 =      -0.15,      10.77      
# span 24 = 0.0000e+00, 0.0000e+00      
# interval = decibars: 1                
# start_time = Nov 15 2015 03:43:29 [System UpLoad Time]
# bad_flag = -9.990e-29
*END*
[from data line 58]
     60.000     59.651    23.7847   5.434948     2.0649     0.2202     0.0783      0.779 1.0000e-12    4.77323    6.82142  207.93972     3.4875     4.9840    151.928    25.1641    25.1603     59.651    23.7721    36.9205 8.1088e-06      810.9 7.9321e-05       5.10 0.0000e+00
     61.000     60.645    23.7735   5.434023     2.0650     0.1461     0.0779      0.467 1.0000e-12    4.77410    6.82267  207.97685     3.4887     4.9857    151.980    25.1689    25.1651     60.645    23.7607    36.9224 8.0651e-06      806.5 7.8893e-05       5.09 0.0000e+00
     62.000     61.639    23.7531   5.431987     2.0690     0.1009     0.0763      0.822 1.0000e-12    4.77576    6.82504  208.04771     3.4992     5.0007    152.435    25.1758    25.1719     61.639    23.7401    36.9235 7.7952e-06      779.5 7.6253e-05       5.00 0.0000e+00
     63.000     62.633    23.7408   5.430786     2.0830     0.0132     0.0755      0.229 1.0000e-12    4.77676    6.82647  208.09043     3.5314     5.0468    153.840    25.1800    25.1761     62.633    23.7275    36.9242 8.2213e-06      822.1 8.0421e-05       5.14 0.0000e+00
     64.000     63.627    23.7106   5.428002     2.0825     0.1308     0.0762      0.752 1.0000e-12    4.77917    6.82990  208.19280     3.5323     5.0480    153.877    25.1917    25.1877     63.627    23.6971    36.9276 8.9757e-06      897.6 8.7801e-05       5.37 0.0000e+00
     65.000     64.622    23.6733   5.424412     2.0795     0.0701     0.0762      0.878 1.0000e-12    4.78217    6.83420  208.32092     3.5282     5.0422    153.696    25.2052    25.2012     64.621    23.6597    36.9309 9.4623e-06      946.2 9.2560e-05       5.51 0.0000e+00
     66.000     65.616    23.6629   5.423443     2.0770     0.1868     0.0720      0.262 1.0000e-12    4.78301    6.83540  208.35685     3.5236     5.0356    153.494    25.2091    25.2050     65.615    23.6490    36.9317 9.7156e-06      971.6 9.5038e-05       5.59 0.0000e+00
     67.000     66.609    23.6267   5.419093     2.0802     0.1710     0.0713      0.839 1.0000e-12    4.78612    6.83984  208.49046     3.5335     5.0497    153.923    25.2171    25.2130     66.609    23.6126    36.9282 9.3960e-06      939.6 9.1912e-05       5.49 0.0000e+00
     68.000     67.603    23.5947   5.416827     2.0834     0.2309     0.0707      0.705 1.0000e-12    4.78853    6.84329  208.59231     3.5426     5.0627    154.318    25.2334    25.2292     67.603    23.5805    36.9372 8.6406e-06      864.1 8.4523e-05       5.27 0.0000e+00
     69.000     68.598    23.5718   5.416292     2.0820     0.0885     0.0698      0.703 1.0000e-12    4.79003    6.84544  208.65408     3.5408     5.0602    154.238    25.2514    25.2471     68.597    23.5574    36.9518 7.3763e-06      737.6 7.2155e-05       4.87 0.0000e+00
     70.000     69.591    23.5654   5.416371     2.0816     0.1198     0.0665      0.400 1.0000e-12    4.79041    6.84598  208.66927     3.5408     5.0602    154.237    25.2576    25.2533     69.591    23.5507    36.9574 6.0155e-06      601.5 5.8843e-05       4.40 0.0000e+00
     71.000     70.585    23.5585   5.415657     2.0812     0.1472     0.0636      0.658 1.0000e-12    4.79098    6.84679  208.69376     3.5407     5.0601    154.234    25.2597    25.2553     70.585    23.5436    36.9574 4.7605e-06      476.0 4.6567e-05       3.91 0.0000e+00
     72.000     71.579    23.5579   5.415676     2.0822     0.1039     0.0621      0.736 1.0000e-12    4.79102    6.84685  208.69549     3.5434     5.0639    154.349    25.2601    25.2557     71.579    23.5428    36.9577 3.2343e-06      323.4 3.1638e-05       3.22 0.0000e+00
     73.000     72.573    23.5569   5.415579     2.0846     0.1120     0.0621      0.314 1.0000e-12    4.79112    6.84699  208.69960     3.5493     5.0723    154.605    25.2603    25.2558     72.573    23.5416    36.9574 1.6981e-06      169.8 1.6611e-05       2.34 0.0000e+00
     74.000     73.567    23.5560   5.415540     2.0828     0.0334     0.0630      0.922 1.0000e-12    4.79119    6.84709  208.70251     3.5457     5.0672    154.452    25.2607    25.2561     73.567    23.5405    36.9575 6.4631e-07       64.6 6.3222e-06       1.44 0.0000e+00
     75.000     74.561    23.5568   5.415700     2.0799     0.0070     0.0613      0.580 1.0000e-12    4.79112    6.84698  208.69930     3.5395     5.0583    154.180    25.2607    25.2561     74.561    23.5411    36.9578 3.3341e-07       33.3 3.2614e-06       1.03 0.0000e+00
     76.000     75.555    23.5565   5.415664     2.0759     0.1408     0.0649      0.441 1.0000e-12    4.79115    6.84703  208.70092     3.5312     5.0464    153.818    25.2606    25.2559     75.555    23.5406    36.9574 2.6031e-07       26.0 2.5464e-06       0.91 0.0000e+00
     77.000     76.549    23.5481   5.414446     2.0696     0.0375     0.0618      0.873 1.0000e-12    4.79193    6.84815  208.73467     3.5180     5.0276    153.242    25.2611    25.2563     76.549    23.5320    36.9547 2.8457e-07       28.5 2.7836e-06       0.96 0.0000e+00
     78.000     77.543    23.5453   5.414108     2.0681     0.1224     0.0635      0.571 1.0000e-12    4.79217    6.84849  208.74525     3.5152     5.0236    153.121    25.2615    25.2567     77.543    23.5290    36.9541 3.8884e-07       38.9 3.8037e-06       1.12 0.0000e+00
     79.000     78.538    23.5405   5.413394     2.0689     0.0762     0.0617      0.450 1.0000e-12    4.79262    6.84914  208.76490     3.5178     5.0273    153.235    25.2616    25.2567     78.537    23.5240    36.9523 5.4505e-07       54.5 5.3317e-06       1.32 0.0000e+00
     80.000     79.531    23.5377   5.413117     2.0631     0.1753     0.0629      0.895 1.0000e-12    4.79287    6.84948  208.77516     3.5055     5.0097    152.699    25.2624    25.2574     79.531    23.5210    36.9521 9.8348e-07       98.3 9.6204e-06       1.78 0.0000e+00
     81.000     80.525    23.5392   5.413409     2.0528     0.0572     0.0634      0.066 1.0000e-12    4.79272    6.84927  208.76877     3.4828     4.9773    151.708    25.2625    25.2575     80.525    23.5223    36.9528 1.4340e-06      143.4 1.4027e-05       2.15 0.0000e+00
     82.000     81.519    23.5308   5.412215     2.0474    -0.0007     0.0639      0.916 1.0000e-12    4.79349    6.85038  208.80233     3.4718     4.9615    151.228    25.2631    25.2581     81.519    23.5136    36.9503 1.9349e-06      193.5 1.8927e-05       2.49 0.0000e+00
     83.000     82.513    23.5201   5.410887     2.0302     0.0947     0.0654      0.661 1.0000e-12    4.79443    6.85172  208.84279     3.4344     4.9081    149.600    25.2651    25.2600     82.513    23.5027    36.9486 2.4864e-06      248.6 2.4322e-05       2.83 0.0000e+00
     84.000     83.507    23.5002   5.408088     2.0161     0.1978     0.0674      0.429 1.0000e-12    4.79623    6.85429  208.92087     3.4048     4.8657    148.309    25.2670    25.2619     83.507    23.4826    36.9434 2.9263e-06      292.6 2.8625e-05       3.07 0.0000e+00
     85.000     84.501    23.4744   5.405254     2.0104     0.1304     0.0702      0.974 1.0000e-12    4.79840    6.85740  209.01392     3.3939     4.8502    147.835    25.2742    25.2690     84.501    23.4567    36.9428 4.2384e-06      423.8 4.1460e-05       3.69 0.0000e+00
     86.000     85.495    23.4626   5.403919     2.0102     0.0793     0.0754      0.466 1.0000e-12    4.79941    6.85884  209.05723     3.3944     4.8509    147.855    25.2772    25.2719     85.495    23.4446    36.9420 6.6120e-06      661.2 6.4678e-05       4.61 0.0000e+00
     87.000     86.488    23.4479   5.402409     2.0066     0.0104     0.0789      0.601 1.0000e-12    4.80063    6.86058  209.10942     3.3876     4.8412    147.560    25.2818    25.2765     86.489    23.4297    36.9423 9.6216e-06      962.2 9.4119e-05       5.56 0.0000e+00
     88.000     87.482    23.4321   5.400745     1.9925     0.0522     0.0792      0.747 1.0000e-12    4.80195    6.86246  209.16585     3.3575     4.7982    146.247    25.2866    25.2812     87.483    23.4137    36.9424 1.2357e-05     1235.7 1.2088e-04       6.30 0.0000e+00
     89.000     88.476    23.4224   5.399589     1.9758     0.0538     0.0837      0.221 1.0000e-12    4.80280    6.86367  209.20233     3.3210     4.7461    144.658    25.2886    25.2832     88.476    23.4038    36.9413 1.4519e-05     1451.9 1.4202e-04       6.83 0.0000e+00
     90.000     89.470    23.3253   5.388464     1.9706     0.0299     0.0810      0.937 1.0000e-12    4.81107    6.87550  209.55762     3.3152     4.7378    144.403    25.3135    25.3080     89.470    23.3066    36.9364 1.5803e-05     1580.3 1.5459e-04       7.12 0.0000e+00
     91.000     90.465    23.2191   5.377366     1.9666    -0.0060     0.0928      0.983 1.0000e-12    4.81992    6.88814  209.93627     3.3124     4.7337    144.273    25.3468    25.3413     90.464    23.2002    36.9393 1.6578e-05     1657.8 1.6217e-04       7.30 0.0000e+00
     92.000     91.458    23.1141   5.366087     1.9460    -0.0020     0.1218      0.209 1.0000e-12    4.82876    6.90078  210.31518     3.2722     4.6764    142.521    25.3779    25.3723     91.458    23.0951    36.9397 1.6446e-05     1644.6 1.6087e-04       7.27 0.0000e+00
     93.000     92.452    23.0357   5.356479     1.9273     0.0534     0.1243      0.831 1.0000e-12    4.83566    6.91063  210.61207     3.2350     4.6231    140.896    25.3939    25.3883     92.452    23.0165    36.9307 1.5645e-05     1564.5 1.5304e-04       7.09 0.0000e+00
     94.000     93.446    22.9870   5.350685     1.8978    -0.0700     0.1029      0.623 1.0000e-12    4.83991    6.91671  210.79502     3.1714     4.5323    138.127    25.4048    25.3992     93.446    22.9677    36.9263 1.4131e-05     1413.1 1.3823e-04       6.74 0.0000e+00
     95.000     94.439    22.9484   5.345631     1.8818    -0.1220     0.0813      0.586 1.0000e-12    4.84338    6.92168  210.94527     3.1380     4.4845    136.669    25.4106    25.4049     94.440    22.9289    36.9191 1.1861e-05     1186.1 1.1603e-04       6.17 0.0000e+00
     96.000     95.433    22.9121   5.341415     1.8745    -0.0392     0.0745      0.875 1.0000e-12    4.84655    6.92620  211.08133     3.1239     4.4644    136.056    25.4192    25.4135     95.434    22.8924    36.9165 1.0398e-05     1039.8 1.0171e-04       5.78 0.0000e+00
     97.000     96.427    22.8890   5.338696     1.8709     0.0382     0.0701      0.472 1.0000e-12    4.84857    6.92909  211.16831     3.1174     4.4551    135.772    25.4244    25.4186     96.428    22.8691    36.9144 1.0604e-05     1060.4 1.0373e-04       5.84 0.0000e+00
     98.000     97.421    22.8688   5.337076     1.8602    -0.0067     0.0680      0.602 1.0000e-12    4.85018    6.93139  211.23654     3.0946     4.4225    134.775    25.4334    25.4276     97.421    22.8487    36.9185 1.1215e-05     1121.5 1.0970e-04       6.00 0.0000e+00
     99.000     98.416    22.8287   5.332287     1.8424     0.0343     0.0685      0.931 1.0000e-12    4.85371    6.93644  211.38847     3.0569     4.3686    133.132    25.4421    25.4362     98.415    22.8084    36.9146 1.2207e-05     1220.7 1.1941e-04       6.26 0.0000e+00
    100.000     99.409    22.7752   5.325933     1.8170    -0.0260     0.0658      0.454 1.0000e-12    4.85841    6.94315  211.59078     3.0024     4.2907    130.758    25.4540    25.4481     99.409    22.7548    36.9098 1.3000e-05     1300.0 1.2716e-04       6.46 0.0000e+00
    101.000    100.403    22.6513   5.310151     1.8074     0.0886     0.0634      0.707 1.0000e-12    4.86958    6.95911  212.07264     2.9876     4.2696    130.111    25.4752    25.4693    100.403    22.6307    36.8907 1.3284e-05     1328.4 1.2995e-04       6.53 0.0000e+00
    102.000    101.397    22.5448   5.298556     1.8175     0.0015     0.0597      0.674 1.0000e-12    4.87876    6.97224  212.46664     3.0162     4.3105    131.354    25.5050    25.4991    101.397    22.5241    36.8895 1.3372e-05     1337.2 1.3081e-04       6.55 0.0000e+00
    103.000    102.391    22.5349   5.297597     1.8297     0.1771     0.0550      0.464 1.0000e-12    4.87960    6.97344  212.50256     3.0447     4.3512    132.593    25.5083    25.5023    102.391    22.5140    36.8901 1.3011e-05     1301.1 1.2728e-04       6.46 0.0000e+00
    104.000    103.385    22.4969   5.294285     1.8328     0.0755     0.0556      0.905 1.0000e-12    4.88272    6.97789  212.63498     3.0539     4.3644    132.994    25.5237    25.5176    103.384    22.4758    36.8959 1.2316e-05     1231.6 1.2048e-04       6.29 0.0000e+00
    105.000    104.378    22.4786   5.292883     1.8326    -0.1092     0.0525      0.601 1.0000e-12    4.88418    6.97998  212.69693     3.0548     4.3656    133.031    25.5321    25.5260    104.378    22.4573    36.9000 1.1201e-05     1120.1 1.0957e-04       6.00 0.0000e+00
    106.000    105.372    22.4601   5.291225     1.8324     0.0344     0.0522      0.523 1.0000e-12    4.88571    6.98217  212.76210     3.0556     4.3668    133.066    25.5392    25.5331    105.372    22.4386    36.9023 1.0004e-05     1000.4 9.7856e-05       5.67 0.0000e+00
    107.000    106.366    22.4137   5.285864     1.8303    -0.0279     0.0492      0.709 1.0000e-12    4.88981    6.98803  212.93851     3.0536     4.3640    132.979    25.5502    25.5440    106.366    22.3921    36.8992 9.5325e-06      953.3 9.3247e-05       5.53 0.0000e+00
    108.000    107.360    22.3694   5.280676     1.8220    -0.0087     0.0471      0.757 1.0000e-12    4.89376    6.99366  213.10802     3.0374     4.3408    132.269    25.5602    25.5539    107.360    22.3476    36.8956 1.0271e-05     1027.1 1.0047e-04       5.74 0.0000e+00
    109.000    108.354    22.3307   5.276190     1.8153    -0.0213     0.0445      0.225 1.0000e-12    4.89719    6.99857  213.25570     3.0244     4.3221    131.702    25.5691    25.5628    108.354    22.3087    36.8927 1.0780e-05     1078.0 1.0545e-04       5.88 0.0000e+00
    110.000    109.347    22.2945   5.271816     1.8080     0.0102     0.0448      0.814 1.0000e-12    4.90045    7.00324  213.39630     3.0101     4.3017    131.077    25.5764    25.5701    109.347    22.2724    36.8887 1.1356e-05     1135.6 1.1109e-04       6.04 0.0000e+00
    111.000    110.341    22.2477   5.266399     1.7935    -0.0580     0.0445      0.667 1.0000e-12    4.90462    7.00919  213.57539     2.9797     4.2582    129.751    25.5872    25.5809    110.341    22.2254    36.8853 1.2560e-05     1256.0 1.2286e-04       6.35 0.0000e+00
    112.000    111.334    22.1628   5.256150     1.7744    -0.0337     0.0445      0.468 1.0000e-12    4.91228    7.02014  213.90548     2.9408     4.2027    128.058    25.6045    25.5981    111.335    22.1403    36.8762 1.4405e-05     1440.5 1.4091e-04       6.80 0.0000e+00
    113.000    112.328    22.0881   5.247471     1.7601    -0.0860     0.0429      0.827 1.0000e-12    4.91896    7.02969  214.19292     2.9121     4.1617    126.806    25.6216    25.6152    112.329    22.0655    36.8708 1.6051e-05     1605.1 1.5701e-04       7.18 0.0000e+00
    114.000    113.322    22.0188   5.239154     1.7295    -0.2070     0.0429      0.543 1.0000e-12    4.92525    7.03867  214.46350     2.8457     4.0668    123.913    25.6358    25.6293    113.323    21.9960    36.8636 1.7509e-05     1750.9 1.7128e-04       7.50 0.0000e+00
    115.000    114.316    21.9628   5.231952     1.7126    -0.0718     0.0423      0.540 1.0000e-12    4.93044    7.04610  214.68815     2.8102     4.0160    122.364    25.6442    25.6377    114.316    21.9399    36.8539 1.8458e-05     1845.8 1.8055e-04       7.70 0.0000e+00
    116.000    115.310    21.8289   5.216023     1.7066    -0.0083     0.0430      0.927 1.0000e-12    4.94261    7.06348  215.21196     2.8032     4.0061    122.059    25.6723    25.6659    115.310    21.8059    36.8412 1.8554e-05     1855.4 1.8149e-04       7.72 0.0000e+00
