CTD_data/C224_2.cnv
* Sea-Bird SBE 25 Data File:
* FileName = C:\CTD_Data\C224\C224_2.hex
* Software Version Seasave V 7.19
* Temperature SN = 4430
* Conductivity SN = 3138
* System UpLoad Time = Nov 15 2015 03:43:29
** Ship: Hno Gines
** Station: CARIACO
** Operator: Alberto Rosales
** Latitude:
** Longitude:
** 2do Cast
# nquan = 25                                
# nvalues = 659                         
# units = specified
# name 0 = prSM: Pressure, Strain Gauge [db]
# name 1 = depSM: Depth [salt water, m], lat = 10.50
# name 2 = t090C: Temperature [ITS-90, deg C]
# name 3 = c0S/m: Conductivity [S/m]
# name 4 = sbeox0V: Oxygen raw, SBE 43 [V]
# name 5 = flECO-AFL: Fluorescence, WET Labs ECO-AFL/FL [mg/m^3]
# name 6 = bat: Beam Attenuation, Chelsea/Seatech [1/m]
# name 7 = dz/dtM: Descent Rate [m/s]
# name 8 = par: PAR/Irradiance, Biospherical/Licor
# name 9 = oxsatML/L: Oxygen Saturation, Weiss [ml/l]
# name 10 = oxsatMg/L: Oxygen Saturation, Weiss [mg/l]
# name 11 = oxsatMm/Kg: Oxygen Saturation, Weiss [umol/kg]
# name 12 = sbeox0ML/L: Oxygen, SBE 43 [ml/l], WS = 2
# name 13 = sbeox0Mg/L: Oxygen, SBE 43 [mg/l], WS = 2
# name 14 = sbeox0Mm/Kg: Oxygen, SBE 43 [umol/kg], WS = 2
# name 15 = sigma-é00: Density [sigma-theta, kg/m^3]
# name 16 = sigma-t00: Density [sigma-t, kg/m^3 ]
# name 17 = depSM: Depth [salt water, m], lat = 10.5
# name 18 = potemp090C: Potential Temperature [ITS-90, deg C]
# name 19 = sal00: Salinity, Practical [PSU]
# name 20 = E: stability, E [rad^2/m]
# name 21 = E10^-8: stability, E [10^-8 rad^2/m]
# name 22 = N^2: buoyancy frequency, N^2 [rad^2/s^2]
# name 23 = N: buoyancy frequency, N [cycles/h]
# name 24 = flag: flag
# span 0 =      2.000,    331.000       
# span 1 =      1.988,    328.860       
# span 2 =    17.7016,    25.8830       
# span 3 =   4.732778,   5.648088       
# span 4 =     0.5220,     2.5303       
# span 5 =    -0.2792,     0.5064       
# span 6 =     0.0403,     0.1289       
# span 7 =     -1.266,      1.227       
# span 8 = 1.0000e-12, 1.0000e-12       
# span 9 =    4.60816,    5.34974       
# span 10 =    6.58552,    7.64531      
# span 11 =  200.89011,  232.77291      
# span 12 =     0.0811,     4.3405      
# span 13 =     0.1159,     6.2030      
# span 14 =      3.528,    189.222      
# span 15 =    24.4416,    26.4046      
# span 16 =    24.4414,    26.3907      
# span 17 =      1.989,    328.861      
# span 18 =    17.6447,    25.8821      
# span 19 =    36.3632,    36.9606      
# span 20 = -7.259e-09, 3.6145e-05      
# span 21 =       -0.7,     3614.5      
# span 22 = -7.101e-08, 3.5357e-04      
# span 23 =      -0.15,      10.77      
# span 24 = 0.0000e+00, 0.0000e+00      
# interval = decibars: 1                
# start_time = Nov 15 2015 03:43:29 [System UpLoad Time]
# bad_flag = -9.990e-29
*END*
[from data line 522]
    138.000    137.172    19.7267   4.971967     1.4059     0.0407     0.0487     -0.062 1.0000e-12    5.14035    7.34608  223.72571     2.1962     3.1385     95.585    26.1144    26.1077    137.172    19.7012    36.6687 1.6190e-05     1619.0 1.5837e-04       7.21 0.0000e+00
    137.000    136.178    19.7851   4.978846     1.4069    -0.0103     0.0514     -0.823 1.0000e-12    5.13462    7.33788  223.47846     2.1958     3.1381     95.571    26.1038    26.0971    136.178    19.7597    36.6750 1.6659e-05     1665.9 1.6296e-04       7.31 0.0000e+00
    136.000    135.184    19.7616   4.976284     1.4184    -0.0597     0.0538     -0.352 1.0000e-12    5.13686    7.34109  223.57474     2.2241     3.1785     96.801    26.1097    26.1030    135.185    19.7364    36.6747 1.8433e-05     1843.3 1.8031e-04       7.69 0.0000e+00
    135.000    134.191    19.9081   4.993772     1.4202     0.0644     0.0549     -0.618 1.0000e-12    5.12247    7.32053  222.95410     2.2222     3.1758     96.721    26.0839    26.0772    134.191    19.8830    36.6916 1.8964e-05     1896.4 1.8550e-04       7.80 0.0000e+00
    134.000    133.198    20.0408   5.009381     1.4300    -0.0133     0.0567     -1.178 1.0000e-12    5.10956    7.30208  222.39773     2.2399     3.2011     97.494    26.0587    26.0521    133.197    20.0158    36.7049 2.0652e-05     2065.2 2.0202e-04       8.14 0.0000e+00
    133.000    132.204    20.0393   5.008501     1.4749    -0.0340     0.0573     -0.618 1.0000e-12    5.10987    7.30251  222.41187     2.3470     3.3541    102.154    26.0548    26.0482    132.204    20.0145    36.6994 2.3270e-05     2327.0 2.2763e-04       8.64 0.0000e+00
    132.000    131.210    20.1919   5.028282     1.5102    -0.0012     0.0579     -0.530 1.0000e-12    5.09466    7.28078  221.75373     2.4236     3.4637    105.494    26.0370    26.0304    131.210    20.1671    36.7295 2.6301e-05     2630.1 2.5728e-04       9.19 0.0000e+00
    131.000    130.216    20.4965   5.064083     1.5396    -0.0377     0.0549     -1.009 1.0000e-12    5.06548    7.23908  220.49661     2.4796     3.5436    107.936    25.9771    25.9704    130.216    20.4716    36.7582 2.8319e-05     2831.9 2.7702e-04       9.54 0.0000e+00
    130.000    129.223    20.5432   5.069308     1.5816    -0.0095     0.0499     -0.633 1.0000e-12    5.06110    7.23282  220.30831     2.5766     3.6822    112.158    25.9663    25.9596    129.222    20.5185    36.7607 2.8173e-05     2817.3 2.7559e-04       9.51 0.0000e+00
    129.000    128.229    20.8035   5.099593     1.6170    -0.0395     0.0471     -0.676 1.0000e-12    5.03652    7.19769  219.24983     2.6476     3.7837    115.256    25.9119    25.9051    128.229    20.7788    36.7821 2.7996e-05     2799.6 2.7385e-04       9.48 0.0000e+00
    128.000    127.235    20.9549   5.117921     1.6385     0.0332     0.0463     -0.911 1.0000e-12    5.02217    7.17718  218.63092     2.6904     3.8449    117.123    25.8842    25.8775    127.235    20.9302    36.8002 2.6807e-05     2680.7 2.6223e-04       9.28 0.0000e+00
    127.000    126.242    21.0857   5.132990     1.6530    -0.0764     0.0465     -0.800 1.0000e-12    5.01001    7.15981  218.10799     2.7179     3.8842    118.324    25.8554    25.8486    126.241    21.0611    36.8095 2.4957e-05     2495.7 2.4413e-04       8.95 0.0000e+00
    126.000    125.247    21.1514   5.140193     1.6648    -0.0074     0.0444     -0.620 1.0000e-12    5.00401    7.15123  217.85008     2.7420     3.9185    119.372    25.8387    25.8319    125.248    21.1270    36.8113 2.1685e-05     2168.5 2.1212e-04       8.34 0.0000e+00
    125.000    124.254    21.2068   5.146616     1.6710    -0.0753     0.0457     -0.664 1.0000e-12    4.99888    7.14390  217.62931     2.7534     3.9349    119.872    25.8267    25.8200    124.254    21.1825    36.8157 2.0230e-05     2023.0 1.9789e-04       8.06 0.0000e+00
    124.000    123.260    21.3104   5.158270     1.6819     0.0284     0.0444     -0.889 1.0000e-12    4.98940    7.13036  217.22199     2.7735     3.9635    120.747    25.8018    25.7951    123.260    21.2862    36.8207 1.7768e-05     1776.8 1.7381e-04       7.55 0.0000e+00
    123.000    122.266    21.3310   5.160753     1.6902     0.0315     0.0433     -0.472 1.0000e-12    4.98748    7.12761  217.13919     2.7915     3.9893    121.533    25.7981    25.7914    122.266    21.3070    36.8233 1.6272e-05     1627.2 1.5917e-04       7.23 0.0000e+00
    122.000    121.273    21.4819   5.178397     1.6897     0.0290     0.0431     -0.772 1.0000e-12    4.97360    7.10777  216.54164     2.7825     3.9765    121.146    25.7655    25.7588    121.273    21.4580    36.8357 1.5314e-05     1531.4 1.4980e-04       7.01 0.0000e+00
    121.000    120.279    21.4979   5.180064     1.6821    -0.0309     0.0428     -0.761 1.0000e-12    4.97217    7.10572  216.48017     2.7639     3.9499    120.336    25.7610    25.7544    120.279    21.4742    36.8357 1.5429e-05     1542.9 1.5093e-04       7.04 0.0000e+00
    120.000    119.285    21.5878   5.189872     1.6793     0.1205     0.0429     -0.427 1.0000e-12    4.96410    7.09419  216.13388     2.7529     3.9342    119.862    25.7372    25.7306    119.285    21.5642    36.8374 1.5846e-05     1584.6 1.5501e-04       7.13 0.0000e+00
    119.000    118.291    21.6257   5.193588     1.6795     0.0548     0.0429     -0.798 1.0000e-12    4.96079    7.08947  215.99257     2.7512     3.9317    119.787    25.7247    25.7182    118.291    21.6023    36.8350 1.6032e-05     1603.2 1.5683e-04       7.18 0.0000e+00
    118.000    117.297    21.6475   5.196113     1.6866     0.0686     0.0434     -0.769 1.0000e-12    4.95880    7.08662  215.90686     2.7662     3.9531    120.440    25.7200    25.7135    117.298    21.6242    36.8369 1.6344e-05     1634.4 1.5988e-04       7.24 0.0000e+00
    117.000    116.303    21.7254   5.205209     1.7096     0.0168     0.0446     -0.686 1.0000e-12    4.95171    7.07649  215.60174     2.8152     4.0233    122.578    25.7029    25.6964    116.304    21.7023    36.8431 1.6872e-05     1687.2 1.6504e-04       7.36 0.0000e+00
    116.000    115.310    21.8380   5.218249     1.7376     0.0380     0.0449     -0.620 1.0000e-12    4.94151    7.06192  215.16323     2.8740     4.1073    125.141    25.6773    25.6709    115.310    21.8150    36.8511 1.7519e-05     1751.9 1.7137e-04       7.50 0.0000e+00
    115.000    114.316    21.9488   5.231602     1.7575     0.0297     0.0451     -0.600 1.0000e-12    4.93141    7.04748  214.72798     2.9137     4.1640    126.872    25.6551    25.6487    114.316    21.9259    36.8630 1.7441e-05     1744.1 1.7061e-04       7.48 0.0000e+00
    114.000    113.322    22.0247   5.240428     1.7779     0.0150     0.0450     -0.785 1.0000e-12    4.92458    7.03771  214.43404     2.9565     4.2251    128.736    25.6379    25.6315    113.323    22.0019    36.8687 1.7383e-05     1738.3 1.7005e-04       7.47 0.0000e+00
    113.000    112.328    22.0892   5.248571     1.7931    -0.1038     0.0442     -0.471 1.0000e-12    4.91865    7.02924  214.17815     2.9877     4.2697    130.096    25.6272    25.6208    112.329    22.0666    36.8786 1.6787e-05     1678.7 1.6421e-04       7.34 0.0000e+00
    112.000    111.335    22.2311   5.264678     1.8045     0.0011     0.0442     -0.785 1.0000e-12    4.90606    7.01125  213.63707     3.0061     4.2960    130.903    25.5921    25.5857    111.335    22.2086    36.8855 1.5303e-05     1530.3 1.4970e-04       7.01 0.0000e+00
    111.000    110.341    22.2504   5.266796     1.8148    -0.0218     0.0450     -0.620 1.0000e-12    4.90436    7.00882  213.56428     3.0283     4.3277    131.869    25.5871    25.5807    110.341    22.2281    36.8862 1.3408e-05     1340.8 1.3116e-04       6.56 0.0000e+00
    110.000    109.347    22.3190   5.275066     1.8203    -0.0316     0.0451     -0.578 1.0000e-12    4.89819    7.00000  213.29842     3.0370     4.3401    132.250    25.5730    25.5667    109.347    22.2968    36.8935 1.1657e-05     1165.7 1.1403e-04       6.12 0.0000e+00
    109.000    108.353    22.3617   5.280070     1.8242    -0.0256     0.0453     -0.745 1.0000e-12    4.89438    6.99456  213.13451     3.0432     4.3490    132.521    25.5635    25.5572    108.354    22.3397    36.8970 1.0699e-05     1069.9 1.0466e-04       5.86 0.0000e+00
    108.000    107.360    22.3907   5.283241     1.8301    -0.0720     0.0461     -0.791 1.0000e-12    4.89185    6.99094  213.02581     3.0548     4.3657    133.029    25.5557    25.5494    107.360    22.3689    36.8977 9.6199e-06      962.0 9.4102e-05       5.56 0.0000e+00
    107.000    106.366    22.4216   5.286629     1.8299     0.0586     0.0463     -0.442 1.0000e-12    4.88915    6.98709  212.91021     3.0523     4.3621    132.920    25.5474    25.5412    106.366    22.4000    36.8985 8.4462e-06      844.6 8.2621e-05       5.21 0.0000e+00
    106.000    105.372    22.4446   5.289389     1.8209     0.0799     0.0482     -0.650 1.0000e-12    4.88709    6.98414  212.82145     3.0302     4.3304    131.957    25.5427    25.5366    105.372    22.4232    36.9010 8.9085e-06      890.8 8.7143e-05       5.35 0.0000e+00
    105.000    104.378    22.4535   5.289964     1.8090    -0.0850     0.0488     -0.588 1.0000e-12    4.88639    6.98314  212.79200     3.0025     4.2909    130.753    25.5381    25.5320    104.378    22.4323    36.8984 9.3762e-06      937.6 9.1718e-05       5.49 0.0000e+00
    104.000    103.385    22.5048   5.294760     1.8034     0.0833     0.0498     -0.576 1.0000e-12    4.88212    6.97703  212.60968     2.9868     4.2685    130.073    25.5192    25.5131    103.384    22.4837    36.8929 1.0606e-05     1060.6 1.0374e-04       5.84 0.0000e+00
    103.000    102.390    22.5082   5.294596     1.8131     0.0630     0.0509     -0.669 1.0000e-12    4.88193    6.97677  212.60242     3.0084     4.2994    131.014    25.5152    25.5093    102.391    22.4873    36.8891 1.1274e-05     1127.4 1.1028e-04       6.02 0.0000e+00
    102.000    101.397    22.5511   5.299672     1.8226     0.0889     0.0531     -0.412 1.0000e-12    4.87812    6.97133  212.43861     3.0274     4.3265    131.841    25.5058    25.4999    101.397    22.5304    36.8930 1.2124e-05     1212.4 1.1860e-04       6.24 0.0000e+00
    101.000    100.403    22.6321   5.309140     1.8337     0.0919     0.0554     -0.891 1.0000e-12    4.87099    6.96113  212.13161     3.0480     4.3559    132.740    25.4871    25.4812    100.403    22.6115    36.8990 1.3223e-05     1322.3 1.2935e-04       6.52 0.0000e+00
    100.000     99.410    22.7030   5.317653     1.8470    -0.0198     0.0582     -0.461 1.0000e-12    4.86470    6.95215  211.86109     3.0741     4.3932    133.879    25.4720    25.4661     99.409    22.6826    36.9061 1.4640e-05     1464.0 1.4321e-04       6.86 0.0000e+00
     99.000     98.415    22.8017   5.329190     1.8683    -0.0044     0.0630     -0.540 1.0000e-12    4.85605    6.93978  211.48913     3.1166     4.4540    135.735    25.4489    25.4430     98.415    22.7814    36.9132 1.5648e-05     1564.8 1.5307e-04       7.09 0.0000e+00
     98.000     97.421    22.8061   5.329696     1.8972    -0.0362     0.0637     -0.757 1.0000e-12    4.85566    6.93922  211.47218     3.1816     4.5467    138.562    25.4480    25.4422     97.421    22.7861    36.9138 1.7778e-05     1777.8 1.7390e-04       7.56 0.0000e+00
     97.000     96.427    22.8852   5.339075     1.9290    -0.0004     0.0662     -0.662 1.0000e-12    4.84872    6.92931  211.17387     3.2485     4.6425    141.482    25.4302    25.4244     96.428    22.8653    36.9206 1.9210e-05     1921.0 1.8791e-04       7.85 0.0000e+00
     96.000     95.433    22.9893   5.351919     1.9492     0.0284     0.0751     -0.368 1.0000e-12    4.83952    6.91616  210.77717     3.2879     4.6986    143.196    25.4095    25.4038     95.434    22.9695    36.9332 1.9680e-05     1968.0 1.9251e-04       7.95 0.0000e+00
     95.000     94.440    23.1164   5.367008     1.9626     0.0736     0.0816     -0.717 1.0000e-12    4.82846    6.90035  210.30142     3.3106     4.7311    144.190    25.3805    25.3748     94.440    23.0968    36.9439 1.9445e-05     1944.5 1.9021e-04       7.90 0.0000e+00
     94.000     93.446    23.1647   5.371577     1.9817    -0.0504     0.0807     -0.636 1.0000e-12    4.82451    6.89471  210.13306     3.3506     4.7883    145.935    25.3627    25.3571     93.446    23.1453    36.9390 1.8282e-05     1828.2 1.7884e-04       7.66 0.0000e+00
     93.000     92.452    23.2979   5.386231     1.9937    -0.0429     0.0914     -0.594 1.0000e-12    4.81324    6.87860  209.64973     3.3696     4.8155    146.769    25.3252    25.3196     92.452    23.2786    36.9410 1.7001e-05     1700.1 1.6630e-04       7.39 0.0000e+00
     92.000     91.458    23.3641   5.393519     2.0023     0.1015     0.0926     -0.935 1.0000e-12    4.80765    6.87061  209.41006     3.3848     4.8371    147.432    25.3067    25.3010     91.458    23.3450    36.9422 1.4472e-05     1447.2 1.4157e-04       6.82 0.0000e+00
     91.000     90.465    23.3934   5.396590     2.0068     0.0129     0.0807     -0.314 1.0000e-12    4.80521    6.86712  209.30565     3.3927     4.8486    147.782    25.2976    25.2920     90.464    23.3744    36.9417 1.1575e-05     1157.5 1.1323e-04       6.10 0.0000e+00
     90.000     89.471    23.4048   5.397783     2.0224    -0.0664     0.0724     -0.567 1.0000e-12    4.80425    6.86576  209.26479     3.4266     4.8970    149.259    25.2942    25.2887     89.470    23.3860    36.9417 8.6374e-06      863.7 8.4491e-05       5.27 0.0000e+00
     89.000     88.476    23.4112   5.398805     2.0251     0.0785     0.0715     -0.536 1.0000e-12    4.80364    6.86488  209.23784     3.4318     4.9043    149.481    25.2944    25.2890     88.476    23.3927    36.9446 6.2412e-06      624.1 6.1051e-05       4.48 0.0000e+00
     88.000     87.482    23.4331   5.401386     2.0182    -0.0059     0.0710     -0.963 1.0000e-12    4.80175    6.86218  209.15671     3.4147     4.8800    148.740    25.2894    25.2840     87.483    23.4147    36.9465 4.0914e-06      409.1 4.0022e-05       3.62 0.0000e+00
     87.000     86.488    23.4370   5.401486     2.0158     0.0091     0.0704     -1.027 1.0000e-12    4.80149    6.86180  209.14570     3.4088     4.8715    148.482    25.2866    25.2812     86.489    23.4189    36.9444 3.3946e-06      339.5 3.3206e-05       3.30 0.0000e+00
     86.000     85.495    23.4433   5.402011     2.0210     0.0522     0.0693     -0.590 1.0000e-12    4.80099    6.86109  209.12450     3.4196     4.8869    148.952    25.2840    25.2787     85.495    23.4254    36.9435 3.2349e-06      323.5 3.1644e-05       3.22 0.0000e+00
     85.000     84.501    23.4525   5.402870     2.0375     0.0118     0.0736     -0.583 1.0000e-12    4.80023    6.86001  209.09242     3.4555     4.9382    150.516    25.2807    25.2754     84.501    23.4348    36.9427 3.2038e-06      320.4 3.1339e-05       3.21 0.0000e+00
     84.000     83.508    23.4628   5.403920     2.0480     0.0772     0.0735     -1.026 1.0000e-12    4.79938    6.85879  209.05575     3.4780     4.9704    151.497    25.2774    25.2723     83.507    23.4453    36.9426 3.0822e-06      308.2 3.0150e-05       3.15 0.0000e+00
     83.000     82.513    23.4929   5.407873     2.0565     0.0617     0.0732     -0.965 1.0000e-12    4.79671    6.85498  208.94064     3.4948     4.9943    152.228    25.2728    25.2677     82.513    23.4756    36.9482 2.7117e-06      271.2 2.6526e-05       2.95 0.0000e+00
     82.000     81.519    23.5276   5.412399     2.0648    -0.0291     0.0725     -0.613 1.0000e-12    4.79365    6.85060  208.80816     3.5106     5.0170    152.919    25.2672    25.2621     81.519    23.5105    36.9544 2.3702e-06      237.0 2.3186e-05       2.76 0.0000e+00
