CTD_data/C224_2.cnv
* Sea-Bird SBE 25 Data File:
* FileName = C:\CTD_Data\C224\C224_2.hex
* Software Version Seasave V 7.19
* Temperature SN = 4430
* Conductivity SN = 3138
* System UpLoad Time = Nov 15 2015 03:43:29
** Ship: Hno Gines
** Station: CARIACO
** Operator: Alberto Rosales
** Latitude:
** Longitude:
** 2do Cast
# nquan = 25                                
# nvalues = 659                         
# units = specified
# name 0 = prSM: Pressure, Strain Gauge [db]
# name 1 = depSM: Depth [salt water, m], lat = 10.50
# name 2 = t090C: Temperature [ITS-90, deg C]
# name 3 = c0S/m: Conductivity [S/m]
# name 4 = sbeox0V: Oxygen raw, SBE 43 [V]
# name 5 = flECO-AFL: Fluorescence, WET Labs ECO-AFL/FL [mg/m^3]
# name 6 = bat: Beam Attenuation, Chelsea/Seatech [1/m]
# name 7 = dz/dtM: Descent Rate [m/s]
# name 8 = par: PAR/Irradiance, Biospherical/Licor
# name 9 = oxsatML/L: Oxygen Saturation, Weiss [ml/l]
# name 10 = oxsatMg/L: Oxygen Saturation, Weiss [mg/l]
# name 11 = oxsatMm/Kg: Oxygen Saturation, Weiss [umol/kg]
# name 12 = sbeox0ML/L: Oxygen, SBE 43 [ml/l], WS = 2
# name 13 = sbeox0Mg/L: Oxygen, SBE 43 [mg/l], WS = 2
# name 14 = sbeox0Mm/Kg: Oxygen, SBE 43 [umol/kg], WS = 2
# name 15 = sigma-é00: Density [sigma-theta, kg/m^3]
# name 16 = sigma-t00: Density [sigma-t, kg/m^3 ]
# name 17 = depSM: Depth [salt water, m], lat = 10.5
# name 18 = potemp090C: Potential Temperature [ITS-90, deg C]
# name 19 = sal00: Salinity, Practical [PSU]
# name 20 = E: stability, E [rad^2/m]
# name 21 = E10^-8: stability, E [10^-8 rad^2/m]
# name 22 = N^2: buoyancy frequency, N^2 [rad^2/s^2]
# name 23 = N: buoyancy frequency, N [cycles/h]
# name 24 = flag: flag
# span 0 =      2.000,    331.000       
# span 1 =      1.988,    328.860       
# span 2 =    17.7016,    25.8830       
# span 3 =   4.732778,   5.648088       
# span 4 =     0.5220,     2.5303       
# span 5 =    -0.2792,     0.5064       
# span 6 =     0.0403,     0.1289       
# span 7 =     -1.266,      1.227       
# span 8 = 1.0000e-12, 1.0000e-12       
# span 9 =    4.60816,    5.34974       
# span 10 =    6.58552,    7.64531      
# span 11 =  200.89011,  232.77291      
# span 12 =     0.0811,     4.3405      
# span 13 =     0.1159,     6.2030      
# span 14 =      3.528,    189.222      
# span 15 =    24.4416,    26.4046      
# span 16 =    24.4414,    26.3907      
# span 17 =      1.989,    328.861      
# span 18 =    17.6447,    25.8821      
# span 19 =    36.3632,    36.9606      
# span 20 = -7.259e-09, 3.6145e-05      
# span 21 =       -0.7,     3614.5      
# span 22 = -7.101e-08, 3.5357e-04      
# span 23 =      -0.15,      10.77      
# span 24 = 0.0000e+00, 0.0000e+00      
# interval = decibars: 1                
# start_time = Nov 15 2015 03:43:29 [System UpLoad Time]
# bad_flag = -9.990e-29
*END*
[from data line 348]
    312.000    309.997    17.7548   4.738651     0.5275    -0.0265     0.0799     -0.465 1.0000e-12    5.34396    7.63706  232.52313     0.0948     0.1354      4.123    26.3985    26.3853    309.998    17.7011    36.3735 3.1954e-07       32.0 3.1257e-06       1.01 0.0000e+00
    311.000    309.005    17.7562   4.738739     0.5278     0.0196     0.0747     -0.868 1.0000e-12    5.34383    7.63686  232.51730     0.0955     0.1365      4.156    26.3980    26.3848    309.005    17.7027    36.3734 3.1787e-07       31.8 3.1094e-06       1.01 0.0000e+00
    310.000    308.012    17.7584   4.738977     0.5321    -0.0722     0.0630     -0.234 1.0000e-12    5.34359    7.63652  232.50689     0.1065     0.1522      4.634    26.3978    26.3847    308.012    17.7050    36.3739 2.9005e-07       29.0 2.8373e-06       0.97 0.0000e+00
    309.000    307.019    17.7637   4.739612     0.5350     0.0176     0.0619     -0.744 1.0000e-12    5.34301    7.63569  232.48182     0.1138     0.1627      4.955    26.3973    26.3842    307.019    17.7105    36.3750 2.5801e-07       25.8 2.5239e-06       0.91 0.0000e+00
    308.000    306.026    17.7653   4.739740     0.5364    -0.1148     0.0616     -0.437 1.0000e-12    5.34284    7.63546  232.47467     0.1175     0.1679      5.111    26.3969    26.3839    306.026    17.7123    36.3750 2.1401e-07       21.4 2.0935e-06       0.83 0.0000e+00
    307.000    305.033    17.7666   4.739871     0.5370    -0.0352     0.0614     -0.728 1.0000e-12    5.34270    7.63525  232.46859     0.1189     0.1699      5.172    26.3969    26.3838    305.033    17.7137    36.3754 2.0052e-07       20.1 1.9615e-06       0.80 0.0000e+00
    306.000    304.041    17.7668   4.739864     0.5379    -0.0044     0.0612     -0.761 1.0000e-12    5.34268    7.63522  232.46755     0.1212     0.1733      5.275    26.3969    26.3839    304.040    17.7141    36.3755 1.8761e-07       18.8 1.8352e-06       0.78 0.0000e+00
    305.000    303.048    17.7678   4.739962     0.5386    -0.0357     0.0611     -0.332 1.0000e-12    5.34256    7.63505  232.46237     0.1230     0.1758      5.351    26.3968    26.3839    303.048    17.7153    36.3759 2.2114e-07       22.1 2.1632e-06       0.84 0.0000e+00
    304.000    302.055    17.7686   4.740001     0.5400    -0.0723     0.0604     -0.998 1.0000e-12    5.34248    7.63493  232.45889     0.1266     0.1809      5.508    26.3966    26.3837    302.055    17.7163    36.3759 2.3902e-07       23.9 2.3381e-06       0.88 0.0000e+00
    303.000    301.062    17.7684   4.739949     0.5433     0.0835     0.0590     -0.609 1.0000e-12    5.34250    7.63496  232.45976     0.1348     0.1926      5.864    26.3967    26.3838    301.062    17.7162    36.3760 2.5728e-07       25.7 2.5167e-06       0.91 0.0000e+00
    302.000    300.069    17.7729   4.740480     0.5474    -0.1339     0.0581     -0.670 1.0000e-12    5.34200    7.63426  232.43835     0.1453     0.2077      6.324    26.3963    26.3835    300.069    17.7209    36.3769 2.8720e-07       28.7 2.8094e-06       0.96 0.0000e+00
    301.000    299.076    17.7787   4.741188     0.5494    -0.1087     0.0583     -0.679 1.0000e-12    5.34137    7.63336  232.41104     0.1504     0.2149      6.544    26.3958    26.3830    299.076    17.7269    36.3783 2.9868e-07       29.9 2.9217e-06       0.98 0.0000e+00
    300.000    298.083    17.7848   4.741858     0.5534    -0.0659     0.0536     -0.516 1.0000e-12    5.34073    7.63243  232.38310     0.1605     0.2294      6.985    26.3948    26.3821    298.083    17.7331    36.3790 2.9078e-07       29.1 2.8444e-06       0.97 0.0000e+00
    299.000    297.090    17.7852   4.741872     0.5547    -0.0681     0.0520     -0.530 1.0000e-12    5.34068    7.63236  232.38106     0.1637     0.2339      7.122    26.3948    26.3821    297.090    17.7337    36.3791 2.6176e-07       26.2 2.5605e-06       0.92 0.0000e+00
    298.000    296.097    17.7857   4.741897     0.5555    -0.0380     0.0522     -0.721 1.0000e-12    5.34062    7.63228  232.37860     0.1656     0.2367      7.206    26.3947    26.3821    296.097    17.7344    36.3793 2.1450e-07       21.4 2.0982e-06       0.83 0.0000e+00
    297.000    295.105    17.7863   4.741912     0.5563    -0.1202     0.0517     -0.601 1.0000e-12    5.34057    7.63220  232.37626     0.1677     0.2396      7.295    26.3945    26.3819    295.104    17.7351    36.3792 1.7782e-07       17.8 1.7394e-06       0.76 0.0000e+00
    296.000    294.112    17.7868   4.741940     0.5572     0.0295     0.0521     -0.731 1.0000e-12    5.34051    7.63212  232.37376     0.1700     0.2429      7.396    26.3945    26.3819    294.112    17.7358    36.3794 1.6106e-07       16.1 1.5755e-06       0.72 0.0000e+00
    295.000    293.119    17.7874   4.741973     0.5580    -0.0361     0.0538     -0.852 1.0000e-12    5.34044    7.63202  232.37079     0.1719     0.2456      7.478    26.3944    26.3819    293.119    17.7366    36.3796 1.5703e-07       15.7 1.5361e-06       0.71 0.0000e+00
    294.000    292.126    17.7880   4.742016     0.5601     0.0467     0.0526     -0.631 1.0000e-12    5.34037    7.63193  232.36787     0.1773     0.2533      7.714    26.3944    26.3819    292.126    17.7374    36.3798 1.9789e-07       19.8 1.9358e-06       0.80 0.0000e+00
    293.000    291.133    17.7892   4.742182     0.5633     0.0014     0.0520     -0.842 1.0000e-12    5.34023    7.63172  232.36141     0.1853     0.2648      8.062    26.3946    26.3822    291.133    17.7387    36.3805 2.0570e-07       20.6 2.0122e-06       0.81 0.0000e+00
    292.000    290.140    17.7942   4.742737     0.5670    -0.0068     0.0518     -0.723 1.0000e-12    5.33969    7.63095  232.33829     0.1947     0.2783      8.473    26.3939    26.3815    290.140    17.7439    36.3812 2.5052e-07       25.1 2.4506e-06       0.90 0.0000e+00
    291.000    289.147    17.7980   4.743164     0.5707     0.0112     0.0566     -0.554 1.0000e-12    5.33929    7.63037  232.32079     0.2040     0.2914      8.874    26.3934    26.3810    289.147    17.7479    36.3819 2.8367e-07       28.4 2.7749e-06       0.95 0.0000e+00
    290.000    288.154    17.8008   4.743471     0.5720    -0.0521     0.0524     -0.828 1.0000e-12    5.33899    7.62994  232.30775     0.2074     0.2964      9.023    26.3931    26.3808    288.154    17.7508    36.3824 2.9636e-07       29.6 2.8990e-06       0.98 0.0000e+00
    289.000    287.161    17.8029   4.743675     0.5758    -0.0168     0.0512     -1.015 1.0000e-12    5.33876    7.62962  232.29794     0.2169     0.3100      9.438    26.3927    26.3805    287.161    17.7531    36.3827 3.0095e-07       30.1 2.9439e-06       0.98 0.0000e+00
    288.000    286.168    17.8018   4.743544     0.5794    -0.0362     0.0517     -0.537 1.0000e-12    5.33887    7.62978  232.30262     0.2259     0.3228      9.830    26.3932    26.3809    286.168    17.7522    36.3829 2.9173e-07       29.2 2.8537e-06       0.97 0.0000e+00
    287.000    285.175    17.8096   4.744432     0.5806    -0.0599     0.0498     -0.741 1.0000e-12    5.33803    7.62859  232.26663     0.2291     0.3274      9.968    26.3920    26.3798    285.175    17.7601    36.3840 2.5706e-07       25.7 2.5146e-06       0.91 0.0000e+00
    286.000    284.182    17.8103   4.744493     0.5815     0.0213     0.0491     -0.886 1.0000e-12    5.33796    7.62847  232.26324     0.2313     0.3306     10.065    26.3920    26.3798    284.182    17.7610    36.3843 2.4801e-07       24.8 2.4260e-06       0.89 0.0000e+00
    285.000    283.189    17.8109   4.744532     0.5829    -0.0872     0.0484     -0.481 1.0000e-12    5.33789    7.62838  232.26027     0.2347     0.3355     10.214    26.3920    26.3798    283.189    17.7618    36.3845 2.5774e-07       25.8 2.5213e-06       0.91 0.0000e+00
    284.000    282.196    17.8122   4.744633     0.5828     0.0056     0.0511     -0.723 1.0000e-12    5.33775    7.62818  232.25438     0.2343     0.3349     10.196    26.3917    26.3796    282.196    17.7632    36.3846 2.6866e-07       26.9 2.6280e-06       0.93 0.0000e+00
    283.000    281.203    17.8138   4.744795     0.5834    -0.0417     0.0482     -0.888 1.0000e-12    5.33758    7.62793  232.24684     0.2359     0.3371     10.263    26.3915    26.3795    281.203    17.7650    36.3849 2.8521e-07       28.5 2.7899e-06       0.96 0.0000e+00
    282.000    280.210    17.8153   4.744929     0.5845    -0.0429     0.0500     -0.669 1.0000e-12    5.33741    7.62770  232.23984     0.2387     0.3412     10.386    26.3913    26.3792    280.210    17.7667    36.3851 2.6998e-07       27.0 2.6409e-06       0.93 0.0000e+00
    281.000    279.217    17.8184   4.745278     0.5858     0.0007     0.0485     -0.481 1.0000e-12    5.33708    7.62722  232.22545     0.2418     0.3456     10.521    26.3909    26.3790    279.217    17.7699    36.3857 2.7333e-07       27.3 2.6737e-06       0.94 0.0000e+00
    280.000    278.224    17.8214   4.745584     0.5866    -0.1338     0.0514     -0.971 1.0000e-12    5.33676    7.62677  232.21164     0.2439     0.3486     10.614    26.3904    26.3785    278.224    17.7731    36.3861 2.5638e-07       25.6 2.5079e-06       0.91 0.0000e+00
    279.000    277.231    17.8224   4.745654     0.5876    -0.0247     0.0501     -0.644 1.0000e-12    5.33666    7.62662  232.20728     0.2465     0.3522     10.724    26.3902    26.3783    277.231    17.7743    36.3862 2.5833e-07       25.8 2.5270e-06       0.91 0.0000e+00
    278.000    276.238    17.8244   4.745859     0.5878    -0.1296     0.0496     -0.376 1.0000e-12    5.33645    7.62632  232.19801     0.2469     0.3528     10.742    26.3899    26.3781    276.238    17.7765    36.3865 2.5548e-07       25.5 2.4991e-06       0.91 0.0000e+00
    277.000    275.245    17.8265   4.746061     0.5876     0.0195     0.0499     -1.026 1.0000e-12    5.33622    7.62599  232.18817     0.2464     0.3521     10.721    26.3896    26.3778    275.245    17.7787    36.3868 2.1684e-07       21.7 2.1211e-06       0.83 0.0000e+00
    276.000    274.252    17.8257   4.745940     0.5882    -0.0072     0.0501     -0.914 1.0000e-12    5.33630    7.62611  232.19164     0.2478     0.3541     10.781    26.3898    26.3780    274.252    17.7781    36.3869 2.0907e-07       20.9 2.0451e-06       0.82 0.0000e+00
    275.000    273.260    17.8262   4.745973     0.5892    -0.1684     0.0497     -0.256 1.0000e-12    5.33624    7.62602  232.18909     0.2503     0.3578     10.892    26.3898    26.3780    273.259    17.7788    36.3871 2.0117e-07       20.1 1.9678e-06       0.80 0.0000e+00
    274.000    272.266    17.8309   4.746477     0.5893    -0.0856     0.0499     -0.874 1.0000e-12    5.33575    7.62532  232.16792     0.2505     0.3580     10.900    26.3890    26.3773    272.266    17.7836    36.3876 2.0194e-07       20.2 1.9754e-06       0.81 0.0000e+00
    273.000    271.273    17.8323   4.746617     0.5909     0.0298     0.0505     -0.956 1.0000e-12    5.33560    7.62510  232.16124     0.2545     0.3637     11.074    26.3888    26.3772    271.273    17.7852    36.3879 1.9439e-07       19.4 1.9015e-06       0.79 0.0000e+00
    272.000    270.281    17.8315   4.746527     0.5923     0.0444     0.0507     -0.309 1.0000e-12    5.33567    7.62520  232.16428     0.2580     0.3687     11.228    26.3892    26.3777    270.280    17.7846    36.3883 1.9240e-07       19.2 1.8821e-06       0.79 0.0000e+00
    271.000    269.287    17.8371   4.747158     0.5934    -0.0035     0.0508     -0.564 1.0000e-12    5.33507    7.62435  232.13843     0.2608     0.3726     11.345    26.3885    26.3769    269.287    17.7903    36.3891 2.0426e-07       20.4 1.9981e-06       0.81 0.0000e+00
    270.000    268.294    17.8384   4.747290     0.5952     0.0177     0.0515     -0.305 1.0000e-12    5.33493    7.62414  232.13221     0.2653     0.3792     11.544    26.3884    26.3769    268.294    17.7918    36.3894 1.8716e-07       18.7 1.8308e-06       0.78 0.0000e+00
    269.000    267.301    17.8397   4.747406     0.5952    -0.1054     0.0516     -0.536 1.0000e-12    5.33478    7.62394  232.12611     0.2652     0.3790     11.539    26.3882    26.3767    267.301    17.7933    36.3897 1.6234e-07       16.2 1.5880e-06       0.72 0.0000e+00
    268.000    266.308    17.8405   4.747478     0.5955    -0.0595     0.0520     -0.772 1.0000e-12    5.33470    7.62381  232.12225     0.2661     0.3802     11.576    26.3882    26.3767    266.308    17.7943    36.3900 1.7918e-07       17.9 1.7527e-06       0.76 0.0000e+00
    267.000    265.315    17.8410   4.747491     0.5953    -0.0316     0.0535     -0.587 1.0000e-12    5.33464    7.62373  232.11974     0.2654     0.3794     11.551    26.3880    26.3766    265.315    17.7949    36.3900 2.3314e-07       23.3 2.2806e-06       0.87 0.0000e+00
    266.000    264.322    17.8417   4.747504     0.5952    -0.0348     0.0520     -0.416 1.0000e-12    5.33457    7.62364  232.11701     0.2651     0.3788     11.533    26.3877    26.3764    264.322    17.7958    36.3899 2.6823e-07       26.8 2.6239e-06       0.93 0.0000e+00
    265.000    263.329    17.8428   4.747623     0.5954     0.0894     0.0514     -0.899 1.0000e-12    5.33445    7.62346  232.11163     0.2655     0.3794     11.550    26.3877    26.3764    263.329    17.7971    36.3903 3.1194e-07       31.2 3.0514e-06       1.00 0.0000e+00
    264.000    262.336    17.8445   4.747788     0.5975     0.0437     0.0514     -1.046 1.0000e-12    5.33427    7.62320  232.10378     0.2708     0.3869     11.781    26.3875    26.3762    262.336    17.7989    36.3906 3.4597e-07       34.6 3.3843e-06       1.05 0.0000e+00
    263.000    261.343    17.8493   4.748365     0.6005    -0.0520     0.0521     -0.737 1.0000e-12    5.33374    7.62245  232.08101     0.2784     0.3979     12.115    26.3871    26.3759    261.343    17.8039    36.3917 3.7523e-07       37.5 3.6705e-06       1.10 0.0000e+00
    262.000    260.350    17.8584   4.749459     0.6025     0.0074     0.0533     -0.649 1.0000e-12    5.33276    7.62105  232.03849     0.2834     0.4050     12.330    26.3861    26.3749    260.350    17.8132    36.3934 3.7031e-07       37.0 3.6224e-06       1.09 0.0000e+00
    261.000    259.357    17.8610   4.749687     0.6046    -0.0224     0.0532     -0.691 1.0000e-12    5.33250    7.62067  232.02723     0.2886     0.4124     12.555    26.3854    26.3743    259.357    17.8159    36.3934 3.6850e-07       36.9 3.6047e-06       1.09 0.0000e+00
    260.000    258.363    17.8626   4.749886     0.6060     0.0165     0.0521     -0.696 1.0000e-12    5.33231    7.62041  232.01916     0.2920     0.4173     12.706    26.3855    26.3744    258.364    17.8177    36.3940 3.7557e-07       37.6 3.6738e-06       1.10 0.0000e+00
    259.000    257.370    17.8643   4.750048     0.6072    -0.0752     0.0524     -0.903 1.0000e-12    5.33213    7.62015  232.01127     0.2951     0.4217     12.840    26.3852    26.3742    257.371    17.8196    36.3943 3.6847e-07       36.8 3.6044e-06       1.09 0.0000e+00
    258.000    256.377    17.8653   4.750093     0.6102     0.0573     0.0526     -0.477 1.0000e-12    5.33204    7.62001  232.00724     0.3026     0.4325     13.168    26.3849    26.3738    256.378    17.8208    36.3942 3.4412e-07       34.4 3.3661e-06       1.05 0.0000e+00
    257.000    255.384    17.8678   4.750422     0.6120     0.0556     0.0522     -0.625 1.0000e-12    5.33174    7.61960  231.99455     0.3070     0.4386     13.355    26.3849    26.3740    255.384    17.8234    36.3952 3.1380e-07       31.4 3.0696e-06       1.00 0.0000e+00
    256.000    254.391    17.8719   4.750881     0.6116     0.0287     0.0524     -0.607 1.0000e-12    5.33131    7.61897  231.97561     0.3059     0.4371     13.309    26.3844    26.3735    254.391    17.8277    36.3959 3.2319e-07       32.3 3.1615e-06       1.02 0.0000e+00
