CTD_data/C224_1.cnv
* Sea-Bird SBE 25 Data File:
* FileName = C:\CTD_Data\C224\C224_1.hex
* Software Version Seasave V 7.19
* Temperature SN = 4430
* Conductivity SN = 3138
* System UpLoad Time = Nov 14 2015 21:47:33
** Ship: Gines
** Station: Cariaco
** Operator: alberto rosales
** Latitude:
** Longitude:
** 1er Perfil
# nquan = 25                                
# nvalues = 797                         
# units = specified
# name 0 = prSM: Pressure, Strain Gauge [db]
# name 1 = depSM: Depth [salt water, m], lat = 10.50
# name 2 = t090C: Temperature [ITS-90, deg C]
# name 3 = c0S/m: Conductivity [S/m]
# name 4 = sbeox0V: Oxygen raw, SBE 43 [V]
# name 5 = flECO-AFL: Fluorescence, WET Labs ECO-AFL/FL [mg/m^3]
# name 6 = bat: Beam Attenuation, Chelsea/Seatech [1/m]
# name 7 = dz/dtM: Descent Rate [m/s]
# name 8 = par: PAR/Irradiance, Biospherical/Licor
# name 9 = oxsatML/L: Oxygen Saturation, Weiss [ml/l]
# name 10 = oxsatMg/L: Oxygen Saturation, Weiss [mg/l]
# name 11 = oxsatMm/Kg: Oxygen Saturation, Weiss [umol/kg]
# name 12 = sbeox0ML/L: Oxygen, SBE 43 [ml/l], WS = 2
# name 13 = sbeox0Mg/L: Oxygen, SBE 43 [mg/l], WS = 2
# name 14 = sbeox0Mm/Kg: Oxygen, SBE 43 [umol/kg], WS = 2
# name 15 = sigma-é00: Density [sigma-theta, kg/m^3]
# name 16 = sigma-t00: Density [sigma-t, kg/m^3 ]
# name 17 = depSM: Depth [salt water, m], lat = 10.5
# name 18 = potemp090C: Potential Temperature [ITS-90, deg C]
# name 19 = sal00: Salinity, Practical [PSU]
# name 20 = E: stability, E [rad^2/m]
# name 21 = E10^-8: stability, E [10^-8 rad^2/m]
# name 22 = N^2: buoyancy frequency, N^2 [rad^2/s^2]
# name 23 = N: buoyancy frequency, N [cycles/h]
# name 24 = flag: flag
# span 0 =      2.000,    402.000       
# span 1 =      1.989,    399.333       
# span 2 =    17.5509,    26.1199       
# span 3 =   4.717073,   5.676105       
# span 4 =     0.5214,     2.5591       
# span 5 =    -0.2767,     0.5447       
# span 6 =     0.0322,     0.1589       
# span 7 =     -1.870,      1.598       
# span 8 = 1.0000e-12, 1.0000e-12       
# span 9 =    4.58960,    5.36613       
# span 10 =    6.55899,    7.66874      
# span 11 =  200.09344,  233.48223      
# span 12 =     0.0794,     4.3899      
# span 13 =     0.1134,     6.2736      
# span 14 =      3.454,    191.384      
# span 15 =    24.3784,    26.4227      
# span 16 =    24.3771,    26.4059      
# span 17 =      1.989,    399.333      
# span 18 =    17.4821,    26.1158      
# span 19 =    36.3347,    36.9492      
# span 20 = -2.248e-07, 4.8102e-05      
# span 21 =      -22.5,     4810.2      
# span 22 = -2.199e-06, 4.7054e-04      
# span 23 =      -0.85,      12.43      
# span 24 = 0.0000e+00, 0.0000e+00      
# interval = decibars: 1                
# start_time = Nov 14 2015 21:47:33 [System UpLoad Time]
# bad_flag = -9.990e-29
*END*
[from data line 580]
    218.000    216.650    18.0463   4.770731     0.6415    -0.0353     0.0396     -0.292 1.0000e-12    5.31268    7.59235  231.16994     0.3783     0.5407     16.463    26.3623    26.3529    216.650    18.0084    36.4255 6.1727e-07       61.7 6.0381e-06       1.41 0.0000e+00
    217.000    215.657    18.0522   4.771399     0.6403    -0.0235     0.0408     -0.680 1.0000e-12    5.31205    7.59145  231.14294     0.3752     0.5362     16.327    26.3614    26.3520    215.657    18.0145    36.4264 6.1727e-07       61.7 6.0381e-06       1.41 0.0000e+00
    216.000    214.663    18.0633   4.772723     0.6400     0.0342     0.0404     -1.138 1.0000e-12    5.31087    7.58977  231.09189     0.3742     0.5348     16.284    26.3601    26.3507    214.663    18.0258    36.4282 6.0168e-07       60.2 5.8856e-06       1.39 0.0000e+00
    215.000    213.670    18.0676   4.773176     0.6411    -0.0119     0.0400     -0.783 1.0000e-12    5.31043    7.58913  231.07260     0.3770     0.5388     16.404    26.3593    26.3500    213.670    18.0302    36.4286 6.7064e-07       67.1 6.5602e-06       1.47 0.0000e+00
    214.000    212.677    18.0698   4.773480     0.6421    -0.0761     0.0397     -0.312 1.0000e-12    5.31017    7.58876  231.06131     0.3793     0.5420     16.503    26.3595    26.3502    212.677    18.0326    36.4297 6.4702e-07       64.7 6.3292e-06       1.44 0.0000e+00
    213.000    211.683    18.0750   4.774019     0.6421    -0.0129     0.0392     -0.966 1.0000e-12    5.30963    7.58799  231.03808     0.3794     0.5421     16.507    26.3584    26.3492    211.684    18.0380    36.4301 7.9609e-07       79.6 7.7874e-06       1.60 0.0000e+00
    212.000    210.690    18.0740   4.773885     0.6500    -0.0143     0.0396     -0.512 1.0000e-12    5.30972    7.58813  231.04232     0.3989     0.5701     17.357    26.3587    26.3495    210.690    18.0371    36.4302 9.2915e-07       92.9 9.0890e-06       1.73 0.0000e+00
    211.000    209.697    18.0851   4.775354     0.6557    -0.0150     0.0395     -0.489 1.0000e-12    5.30851    7.58638  230.98935     0.4130     0.5902     17.971    26.3583    26.3491    209.697    18.0484    36.4333 1.0271e-06      102.7 1.0047e-05       1.82 0.0000e+00
    210.000    208.704    18.1016   4.777243     0.6603     0.0064     0.0400     -1.001 1.0000e-12    5.30678    7.58392  230.91502     0.4243     0.6063     18.461    26.3556    26.3464    208.704    18.0650    36.4351 1.1702e-06      117.0 1.1447e-05       1.94 0.0000e+00
    209.000    207.710    18.1004   4.777225     0.6889    -0.1233     0.0398     -0.197 1.0000e-12    5.30686    7.58404  230.91823     0.4956     0.7083     21.565    26.3568    26.3477    207.710    18.0640    36.4364 1.2939e-06      129.4 1.2656e-05       2.04 0.0000e+00
    208.000    206.717    18.1410   4.782213     0.6987    -0.1398     0.0407     -0.671 1.0000e-12    5.30255    7.57787  230.73155     0.5196     0.7426     22.609    26.3520    26.3429    206.717    18.1047    36.4434 1.4795e-06      147.9 1.4472e-05       2.18 0.0000e+00
    207.000    205.724    18.1470   4.782845     0.7068    -0.1417     0.0403     -0.955 1.0000e-12    5.30193    7.57698  230.70481     0.5397     0.7713     23.485    26.3508    26.3418    205.724    18.1109    36.4439 1.6709e-06      167.1 1.6345e-05       2.32 0.0000e+00
    206.000    204.730    18.1530   4.783587     0.7299    -0.1534     0.0401     -0.298 1.0000e-12    5.30128    7.57606  230.67667     0.5970     0.8532     25.979    26.3503    26.3413    204.730    18.1171    36.4452 1.7537e-06      175.4 1.7154e-05       2.37 0.0000e+00
    205.000    203.737    18.1690   4.785582     0.7527    -0.0080     0.0395     -0.619 1.0000e-12    5.29957    7.57361  230.60263     0.6537     0.9342     28.445    26.3488    26.3398    203.737    18.1332    36.4485 1.7101e-06      171.0 1.6728e-05       2.34 0.0000e+00
    204.000    202.744    18.1836   4.787492     0.7663     0.0792     0.0399     -0.859 1.0000e-12    5.29798    7.57134  230.53369     0.6872     0.9821     29.904    26.3479    26.3390    202.744    18.1480    36.4522 1.6299e-06      163.0 1.5944e-05       2.29 0.0000e+00
    203.000    201.750    18.2084   4.790375     0.7871     0.0364     0.0393     -0.513 1.0000e-12    5.29539    7.56764  230.42195     0.7384     1.0552     32.130    26.3440    26.3351    201.750    18.1729    36.4552 1.5374e-06      153.7 1.5039e-05       2.22 0.0000e+00
    202.000    200.757    18.2303   4.793151     0.8078    -0.0610     0.0385     -0.233 1.0000e-12    5.29304    7.56429  230.32027     0.7896     1.1284     34.357    26.3420    26.3331    200.757    18.1950    36.4598 1.5058e-06      150.6 1.4729e-05       2.20 0.0000e+00
    201.000    199.764    18.2401   4.794312     0.8051    -0.0746     0.0395     -1.011 1.0000e-12    5.29201    7.56281  230.27555     0.7827     1.1185     34.058    26.3407    26.3319    199.763    18.2049    36.4614 1.4676e-06      146.8 1.4356e-05       2.17 0.0000e+00
    200.000    198.770    18.2427   4.794601     0.8148    -0.0433     0.0396     -0.867 1.0000e-12    5.29173    7.56242  230.26354     0.8065     1.1526     35.096    26.3404    26.3316    198.770    18.2077    36.4619 1.3312e-06      133.1 1.3022e-05       2.07 0.0000e+00
    199.000    197.777    18.2489   4.795523     0.8364    -0.0659     0.0397     -0.230 1.0000e-12    5.29103    7.56141  230.23278     0.8599     1.2289     37.420    26.3409    26.3322    197.777    18.2141    36.4647 1.1723e-06      117.2 1.1468e-05       1.94 0.0000e+00
    198.000    196.783    18.2742   4.798454     0.8370    -0.0865     0.0398     -1.115 1.0000e-12    5.28840    7.55765  230.11915     0.8610     1.2305     37.467    26.3368    26.3281    196.783    18.2395    36.4676 9.7513e-07       97.5 9.5388e-06       1.77 0.0000e+00
    197.000    195.790    18.2732   4.798343     0.8503    -0.0562     0.0391     -0.521 1.0000e-12    5.28848    7.55778  230.12298     0.8940     1.2776     38.903    26.3372    26.3286    195.790    18.2387    36.4679 9.1197e-07       91.2 8.9209e-06       1.71 0.0000e+00
    196.000    194.796    18.2831   4.799487     0.8603    -0.0582     0.0387     -0.537 1.0000e-12    5.28745    7.55630  230.07831     0.9185     1.3126     39.967    26.3357    26.3271    194.797    18.2487    36.4693 8.5547e-07       85.5 8.3682e-06       1.66 0.0000e+00
    195.000    193.803    18.2871   4.799997     0.8632     0.0992     0.0387     -0.954 1.0000e-12    5.28701    7.55567  230.05917     0.9255     1.3227     40.274    26.3356    26.3270    193.803    18.2529    36.4704 8.2085e-07       82.1 8.0296e-06       1.62 0.0000e+00
    194.000    192.810    18.2922   4.800586     0.8704    -0.0547     0.0382     -0.572 1.0000e-12    5.28647    7.55490  230.03585     0.9430     1.3477     41.035    26.3349    26.3264    192.810    18.2582    36.4713 8.0603e-07       80.6 7.8846e-06       1.61 0.0000e+00
    193.000    191.816    18.3004   4.801584     0.8805    -0.0616     0.0382     -0.437 1.0000e-12    5.28560    7.55365  229.99807     0.9680     1.3834     42.121    26.3341    26.3256    191.816    18.2666    36.4729 7.3028e-07       73.0 7.1436e-06       1.53 0.0000e+00
    192.000    190.823    18.3061   4.802203     0.8813    -0.0741     0.0387     -0.947 1.0000e-12    5.28501    7.55281  229.97270     0.9697     1.3857     42.193    26.3331    26.3246    190.823    18.2724    36.4735 8.9219e-07       89.2 8.7274e-06       1.69 0.0000e+00
    191.000    189.830    18.3074   4.802360     0.8921    -0.0223     0.0386     -0.700 1.0000e-12    5.28487    7.55260  229.96634     0.9964     1.4239     43.357    26.3331    26.3247    189.830    18.2739    36.4741 9.6142e-07       96.1 9.4046e-06       1.76 0.0000e+00
    190.000    188.836    18.3192   4.803892     0.9060    -0.0194     0.0385     -0.376 1.0000e-12    5.28359    7.55078  229.91109     1.0304     1.4726     44.839    26.3324    26.3240    188.836    18.2859    36.4771 1.0417e-06      104.2 1.0190e-05       1.83 0.0000e+00
    189.000    187.843    18.3290   4.804991     0.9139    -0.0480     0.0387     -0.887 1.0000e-12    5.28257    7.54932  229.86716     1.0495     1.4999     45.670    26.3307    26.3223    187.843    18.2958    36.4781 1.1722e-06      117.2 1.1466e-05       1.94 0.0000e+00
    188.000    186.849    18.3404   4.806392     0.9293    -0.0585     0.0389     -0.554 1.0000e-12    5.28137    7.54760  229.81492     1.0875     1.5541     47.320    26.3295    26.3212    186.849    18.3074    36.4803 1.2081e-06      120.8 1.1818e-05       1.97 0.0000e+00
    187.000    185.856    18.3619   4.809030     0.9347    -0.1313     0.0386     -0.402 1.0000e-12    5.27910    7.54436  229.71675     1.1002     1.5723     47.876    26.3269    26.3186    185.856    18.3290    36.4841 1.3519e-06      135.2 1.3225e-05       2.08 0.0000e+00
    186.000    184.863    18.3678   4.809763     0.9371    -0.1374     0.0388     -1.002 1.0000e-12    5.27847    7.54346  229.68939     1.1060     1.5805     48.125    26.3264    26.3182    184.862    18.3351    36.4855 1.4958e-06      149.6 1.4632e-05       2.19 0.0000e+00
    185.000    183.869    18.3730   4.810375     0.9631    -0.1785     0.0389     -0.408 1.0000e-12    5.27791    7.54266  229.66538     1.1699     1.6719     50.907    26.3258    26.3176    183.869    18.3405    36.4864 1.5091e-06      150.9 1.4762e-05       2.20 0.0000e+00
    184.000    182.876    18.3945   4.812970     0.9827    -0.1956     0.0390     -0.526 1.0000e-12    5.27566    7.53945  229.56821     1.2178     1.7403     52.991    26.3230    26.3148    182.876    18.3621    36.4898 1.4320e-06      143.2 1.4008e-05       2.14 0.0000e+00
    183.000    181.883    18.4063   4.814665     0.9870    -0.2501     0.0389     -1.178 1.0000e-12    5.27435    7.53757  229.51085     1.2279     1.7548     53.430    26.3233    26.3152    181.882    18.3741    36.4942 1.4011e-06      140.1 1.3706e-05       2.12 0.0000e+00
    182.000    180.888    18.4265   4.816956     0.9960    -0.1963     0.0387     -0.848 1.0000e-12    5.27227    7.53461  229.42145     1.2496     1.7857     54.374    26.3196    26.3115    180.889    18.3944    36.4961 1.6142e-06      161.4 1.5790e-05       2.28 0.0000e+00
    181.000    179.895    18.4376   4.818243     1.0077    -0.0971     0.0390     -0.143 1.0000e-12    5.27112    7.53295  229.37151     1.2781     1.8265     55.616    26.3179    26.3099    179.895    18.4057    36.4976 1.9661e-06      196.6 1.9232e-05       2.51 0.0000e+00
    180.000    178.902    18.4403   4.818549     1.0139    -0.0512     0.0393     -0.959 1.0000e-12    5.27083    7.53254  229.35912     1.2931     1.8479     56.268    26.3177    26.3096    178.902    18.4086    36.4982 2.2903e-06      229.0 2.2404e-05       2.71 0.0000e+00
    179.000    177.909    18.4459   4.819273     1.0291    -0.0055     0.0387     -1.178 1.0000e-12    5.27022    7.53168  229.33267     1.3305     1.9014     57.895    26.3174    26.3094    177.908    18.4143    36.4998 2.4555e-06      245.5 2.4020e-05       2.81 0.0000e+00
    178.000    176.915    18.4682   4.822138     1.0563    -0.0420     0.0393     -0.345 1.0000e-12    5.26785    7.52828  229.22979     1.3968     1.9962     60.782    26.3155    26.3076    176.915    18.4368    36.5047 2.6249e-06      262.5 2.5677e-05       2.90 0.0000e+00
    177.000    175.922    18.5203   4.828488     1.0692    -0.0570     0.0395     -0.752 1.0000e-12    5.26241    7.52051  228.99467     1.4271     2.0394     62.100    26.3086    26.3006    175.921    18.4890    36.5129 2.6850e-06      268.5 2.6265e-05       2.94 0.0000e+00
    176.000    174.928    18.5509   4.832200     1.0900    -0.2033     0.0392     -0.507 1.0000e-12    5.25922    7.51596  228.85702     1.4771     2.1110     64.278    26.3044    26.2965    174.928    18.5197    36.5176 2.7732e-06      277.3 2.7128e-05       2.98 0.0000e+00
    175.000    173.935    18.5698   4.834348     1.0973    -0.2098     0.0404     -0.612 1.0000e-12    5.25729    7.51319  228.77355     1.4945     2.1358     65.035    26.3010    26.2931    173.934    18.5388    36.5195 2.7753e-06      277.5 2.7148e-05       2.99 0.0000e+00
    174.000    172.941    18.5824   4.835996     1.1039    -0.0888     0.0408     -1.140 1.0000e-12    5.25594    7.51127  228.71516     1.5101     2.1581     65.714    26.3002    26.2924    172.941    18.5516    36.5227 2.6258e-06      262.6 2.5686e-05       2.90 0.0000e+00
    173.000    171.948    18.5903   4.836812     1.1173     0.0521     0.0411     -0.846 1.0000e-12    5.25515    7.51013  228.68095     1.5427     2.2047     67.133    26.2984    26.2906    171.947    18.5596    36.5230 2.4569e-06      245.7 2.4034e-05       2.81 0.0000e+00
    172.000    170.954    18.6177   4.840270     1.1408    -0.1560     0.0418     -0.299 1.0000e-12    5.25226    7.50601  228.55602     1.5995     2.2858     69.602    26.2956    26.2878    170.954    18.5872    36.5284 2.2569e-06      225.7 2.2077e-05       2.69 0.0000e+00
    171.000    169.961    18.6300   4.841716     1.1501    -0.1034     0.0427     -0.789 1.0000e-12    5.25099    7.50419  228.50112     1.6217     2.3177     70.572    26.2937    26.2860    169.960    18.5996    36.5302 2.4509e-06      245.1 2.3975e-05       2.81 0.0000e+00
    170.000    168.967    18.6405   4.842998     1.1549    -0.0337     0.0425     -1.136 1.0000e-12    5.24989    7.50262  228.45366     1.6331     2.3339     71.067    26.2925    26.2848    168.967    18.6103    36.5321 2.8303e-06      283.0 2.7686e-05       3.01 0.0000e+00
    169.000    167.974    18.6624   4.845895     1.1583    -0.0160     0.0438     -1.453 1.0000e-12    5.24755    7.49928  228.35212     1.6405     2.3445     71.388    26.2911    26.2835    167.973    18.6324    36.5376 3.2249e-06      322.5 3.1546e-05       3.22 0.0000e+00
    168.000    166.980    18.6829   4.848089     1.1847     0.0289     0.0444     -0.693 1.0000e-12    5.24551    7.49635  228.26408     1.7044     2.4357     74.167    26.2865    26.2789    166.980    18.6530    36.5384 3.3541e-06      335.4 3.2810e-05       3.28 0.0000e+00
    167.000    165.986    18.7200   4.852901     1.2200    -0.1074     0.0437     -0.288 1.0000e-12    5.24159    7.49075  228.09416     1.7897     2.5577     77.882    26.2833    26.2757    165.986    18.6903    36.5467 3.3830e-06      338.3 3.3093e-05       3.30 0.0000e+00
    166.000    164.993    18.7631   4.858013     1.2226    -0.0254     0.0436     -1.061 1.0000e-12    5.23717    7.48444  227.90344     1.7943     2.5642     78.080    26.2765    26.2689    164.993    18.7335    36.5522 3.4003e-06      340.0 3.3262e-05       3.30 0.0000e+00
    165.000    163.999    18.8012   4.862617     1.2254    -0.0326     0.0446     -1.475 1.0000e-12    5.23325    7.47884  227.73406     1.7996     2.5717     78.312    26.2710    26.2634    163.999    18.7717    36.5578 3.2188e-06      321.9 3.1487e-05       3.22 0.0000e+00
    164.000    163.006    18.8155   4.864183     1.2330     0.0240     0.0448     -1.298 1.0000e-12    5.23181    7.47679  227.67229     1.8177     2.5976     79.100    26.2680    26.2605    163.006    18.7862    36.5587 3.0568e-06      305.7 2.9902e-05       3.13 0.0000e+00
    163.000    162.012    18.8160   4.864247     1.2614    -0.0679     0.0445      0.030 1.0000e-12    5.23175    7.47669  227.66943     1.8868     2.6965     82.109    26.2682    26.2608    162.012    18.7869    36.5592 3.0583e-06      305.8 2.9917e-05       3.13 0.0000e+00
    162.000    161.018    18.8348   4.866606     1.2600    -0.0787     0.0437     -0.755 1.0000e-12    5.22979    7.47389  227.58456     1.8824     2.6902     81.917    26.2662    26.2588    161.019    18.8058    36.5629 2.9628e-06      296.3 2.8982e-05       3.08 0.0000e+00
