CTD_data/C224_3.cnv
* Sea-Bird SBE 25 Data File:
* FileName = C:\CTD_Data\C224\C224_3.hex
* Software Version Seasave V 7.19
* Temperature SN = 4430
* Conductivity SN = 3138
* System UpLoad Time = Nov 15 2015 07:31:40
** Ship: Hno  gines
** Station: CARIACO
** Operator: Alberto Rosales
** Latitude:
** Longitude:
** 3er cast
# nquan = 25                                
# nvalues = 2599                        
# units = specified
# name 0 = prSM: Pressure, Strain Gauge [db]
# name 1 = depSM: Depth [salt water, m], lat = 10.50
# name 2 = t090C: Temperature [ITS-90, deg C]
# name 3 = c0S/m: Conductivity [S/m]
# name 4 = sbeox0V: Oxygen raw, SBE 43 [V]
# name 5 = flECO-AFL: Fluorescence, WET Labs ECO-AFL/FL [mg/m^3]
# name 6 = bat: Beam Attenuation, Chelsea/Seatech [1/m]
# name 7 = dz/dtM: Descent Rate [m/s]
# name 8 = par: PAR/Irradiance, Biospherical/Licor
# name 9 = oxsatML/L: Oxygen Saturation, Weiss [ml/l]
# name 10 = oxsatMg/L: Oxygen Saturation, Weiss [mg/l]
# name 11 = oxsatMm/Kg: Oxygen Saturation, Weiss [umol/kg]
# name 12 = sbeox0ML/L: Oxygen, SBE 43 [ml/l], WS = 2
# name 13 = sbeox0Mg/L: Oxygen, SBE 43 [mg/l], WS = 2
# name 14 = sbeox0Mm/Kg: Oxygen, SBE 43 [umol/kg], WS = 2
# name 15 = sigma-é00: Density [sigma-theta, kg/m^3]
# name 16 = sigma-t00: Density [sigma-t, kg/m^3 ]
# name 17 = depSM: Depth [salt water, m], lat = 10.5
# name 18 = potemp090C: Potential Temperature [ITS-90, deg C]
# name 19 = sal00: Salinity, Practical [PSU]
# name 20 = E: stability, E [rad^2/m]
# name 21 = E10^-8: stability, E [10^-8 rad^2/m]
# name 22 = N^2: buoyancy frequency, N^2 [rad^2/s^2]
# name 23 = N: buoyancy frequency, N [cycles/h]
# name 24 = flag: flag
# span 0 =      2.000,   1301.000       
# span 1 =      1.988,   1289.594       
# span 2 =    17.2603,    25.9498       
# span 3 =   4.693854,   5.655644       
# span 4 =     0.5212,     2.5166       
# span 5 =    -0.2517,    30.4289       
# span 6 =    55.2620,    55.2620       
# span 7 =     -1.547,      1.376       
# span 8 = 1.0000e-12, 1.0000e-12       
# span 9 =    4.60289,    5.39843       
# span 10 =    6.57800,    7.71490      
# span 11 =  200.66415,  234.87941      
# span 12 =     0.0811,     4.3102      
# span 13 =     0.1159,     6.1597      
# span 14 =      3.530,    187.899      
# span 15 =    24.4247,    26.4614      
# span 16 =    24.4245,    26.4268      
# span 17 =      1.989,   1289.594      
# span 18 =    17.0784,    25.9494      
# span 19 =    36.2574,    36.9734      
# span 20 = -4.271e-08, 5.6105e-05      
# span 21 =       -4.3,     5610.5      
# span 22 = -4.178e-07, 5.4882e-04      
# span 23 =      -0.37,      13.42      
# span 24 = 0.0000e+00, 0.0000e+00      
# interval = decibars: 1                
# start_time = Nov 15 2015 07:31:40 [System UpLoad Time]
# bad_flag = -9.990e-29
*END*
[from data line 1508]
   1092.000   1082.965    17.2787   4.710303     0.5225    -0.0368    55.2620     -0.742 1.0000e-12    5.39671    7.71244  234.80418     0.0914     0.1306      3.976    26.4605    26.4151   1082.965    17.0909    36.2607 -4.637e-09       -0.5 -4.535e-08      -0.12 0.0000e+00
   1091.000   1081.975    17.2786   4.710255     0.5224    -0.0508    55.2620     -0.678 1.0000e-12    5.39672    7.71245  234.80444     0.0911     0.1301      3.961    26.4605    26.4152   1081.975    17.0910    36.2607 -4.840e-09       -0.5 -4.734e-08      -0.12 0.0000e+00
   1090.000   1080.986    17.2785   4.710192     0.5227    -0.1086    55.2620     -0.853 1.0000e-12    5.39674    7.71247  234.80519     0.0918     0.1312      3.994    26.4604    26.4152   1080.986    17.0911    36.2606 -9.801e-09       -1.0 -9.587e-08      -0.18 0.0000e+00
   1089.000   1079.997    17.2783   4.710116     0.5225    -0.1077    55.2620     -0.892 1.0000e-12    5.39676    7.71251  234.80629     0.0913     0.1306      3.975    26.4603    26.4151   1079.997    17.0911    36.2605 -5.494e-09       -0.5 -5.374e-08      -0.13 0.0000e+00
   1088.000   1079.008    17.2782   4.710084     0.5225    -0.1149    55.2620     -0.668 1.0000e-12    5.39676    7.71251  234.80636     0.0913     0.1306      3.976    26.4605    26.4153   1079.008    17.0912    36.2607 -1.379e-09       -0.1 -1.349e-08      -0.07 0.0000e+00
   1087.000   1078.019    17.2780   4.710037     0.5226    -0.1139    55.2620     -0.771 1.0000e-12    5.39678    7.71254  234.80700     0.0914     0.1307      3.979    26.4606    26.4154   1078.019    17.0911    36.2608 1.3321e-08        1.3 1.3031e-07       0.21 0.0000e+00
   1086.000   1077.029    17.2780   4.709982     0.5224    -0.1085    55.2620     -0.996 1.0000e-12    5.39678    7.71255  234.80727     0.0910     0.1301      3.960    26.4604    26.4153   1077.030    17.0913    36.2607 1.5130e-08        1.5 1.4800e-07       0.22 0.0000e+00
   1085.000   1076.040    17.2778   4.709911     0.5224    -0.1095    55.2620     -1.113 1.0000e-12    5.39681    7.71258  234.80828     0.0910     0.1300      3.959    26.4604    26.4153   1076.040    17.0913    36.2607 1.4431e-08        1.4 1.4116e-07       0.22 0.0000e+00
   1084.000   1075.051    17.2777   4.709863     0.5227    -0.1090    55.2620     -0.504 1.0000e-12    5.39682    7.71259  234.80866     0.0919     0.1314      4.000    26.4604    26.4154   1075.051    17.0914    36.2607 1.3549e-08        1.4 1.3254e-07       0.21 0.0000e+00
   1083.000   1074.062    17.2776   4.709813     0.5226    -0.1078    55.2620     -0.718 1.0000e-12    5.39682    7.71260  234.80903     0.0916     0.1308      3.982    26.4604    26.4154   1074.062    17.0914    36.2607 1.9411e-08        1.9 1.8988e-07       0.25 0.0000e+00
   1082.000   1073.073    17.2776   4.709753     0.5226    -0.1019    55.2620     -1.183 1.0000e-12    5.39683    7.71261  234.80931     0.0915     0.1307      3.979    26.4602    26.4153   1073.073    17.0916    36.2606 1.6672e-08        1.7 1.6309e-07       0.23 0.0000e+00
   1081.000   1072.084    17.2774   4.709698     0.5227    -0.1079    55.2620     -1.318 1.0000e-12    5.39685    7.71264  234.81021     0.0918     0.1312      3.993    26.4603    26.4154   1072.084    17.0916    36.2606 3.7866e-09        0.4 3.7041e-08       0.11 0.0000e+00
   1080.000   1071.094    17.2771   4.709625     0.5224    -0.1119    55.2620     -0.962 1.0000e-12    5.39688    7.71269  234.81160     0.0909     0.1300      3.957    26.4603    26.4155   1071.094    17.0915    36.2606 8.8150e-09        0.9 8.6229e-08       0.17 0.0000e+00
   1079.000   1070.105    17.2772   4.709614     0.5226    -0.1011    55.2620     -0.816 1.0000e-12    5.39686    7.71266  234.81071     0.0914     0.1306      3.977    26.4604    26.4156   1070.105    17.0918    36.2608 1.0045e-08        1.0 9.8264e-08       0.18 0.0000e+00
   1078.000   1069.116    17.2770   4.709537     0.5224    -0.1080    55.2620     -1.156 1.0000e-12    5.39689    7.71269  234.81180     0.0909     0.1299      3.957    26.4603    26.4156   1069.116    17.0917    36.2607 3.2974e-09        0.3 3.2256e-08       0.10 0.0000e+00
   1077.000   1068.127    17.2767   4.709462     0.5226    -0.1020    55.2620     -0.757 1.0000e-12    5.39692    7.71273  234.81313     0.0916     0.1309      3.985    26.4603    26.4156   1068.127    17.0916    36.2607 -7.336e-10       -0.1 -7.176e-09      -0.05 0.0000e+00
   1076.000   1067.138    17.2767   4.709449     0.5227    -0.1226    55.2620     -0.472 1.0000e-12    5.39691    7.71273  234.81282     0.0919     0.1313      3.997    26.4605    26.4158   1067.138    17.0918    36.2609 -1.371e-09       -0.1 -1.341e-08      -0.07 0.0000e+00
   1075.000   1066.148    17.2770   4.709414     0.5226    -0.1065    55.2620     -1.096 1.0000e-12    5.39689    7.71269  234.81188     0.0914     0.1306      3.976    26.4602    26.4156   1066.148    17.0923    36.2607 2.9335e-09        0.3 2.8696e-08       0.10 0.0000e+00
   1074.000   1065.159    17.2773   4.709427     0.5228    -0.1158    55.2620     -1.183 1.0000e-12    5.39685    7.71264  234.81007     0.0922     0.1317      4.009    26.4603    26.4157   1065.159    17.0927    36.2609 1.3288e-08        1.3 1.2998e-07       0.21 0.0000e+00
   1073.000   1064.170    17.2768   4.709344     0.5226    -0.1011    55.2620     -0.595 1.0000e-12    5.39689    7.71270  234.81211     0.0915     0.1307      3.979    26.4604    26.4159   1064.170    17.0924    36.2610 9.4144e-09        0.9 9.2092e-08       0.17 0.0000e+00
   1072.000   1063.181    17.2768   4.709297     0.5225    -0.1147    55.2620     -0.549 1.0000e-12    5.39690    7.71271  234.81227     0.0911     0.1302      3.965    26.4603    26.4158   1063.181    17.0926    36.2610 7.1155e-09        0.7 6.9604e-08       0.15 0.0000e+00
   1071.000   1062.192    17.2767   4.709257     0.5226    -0.1124    55.2620     -0.712 1.0000e-12    5.39690    7.71271  234.81249     0.0915     0.1308      3.983    26.4604    26.4159   1062.191    17.0927    36.2611 6.3395e-09        0.6 6.2013e-08       0.14 0.0000e+00
   1070.000   1061.202    17.2766   4.709191     0.5225    -0.1161    55.2620     -0.692 1.0000e-12    5.39692    7.71274  234.81321     0.0912     0.1304      3.969    26.4603    26.4159   1061.202    17.0927    36.2610 4.4561e-09        0.4 4.3590e-08       0.12 0.0000e+00
   1069.000   1060.213    17.2765   4.709121     0.5225    -0.1194    55.2620     -0.274 1.0000e-12    5.39694    7.71277  234.81406     0.0910     0.1301      3.962    26.4602    26.4158   1060.213    17.0928    36.2608 1.5270e-08        1.5 1.4937e-07       0.22 0.0000e+00
   1068.000   1059.224    17.2762   4.709071     0.5223    -0.1196    55.2620     -0.740 1.0000e-12    5.39696    7.71279  234.81485     0.0905     0.1293      3.937    26.4603    26.4160   1059.224    17.0927    36.2610 1.8026e-08        1.8 1.7633e-07       0.24 0.0000e+00
   1067.000   1058.234    17.2762   4.709039     0.5224    -0.1049    55.2620     -0.697 1.0000e-12    5.39696    7.71279  234.81474     0.0908     0.1298      3.951    26.4604    26.4161   1058.234    17.0929    36.2611 1.4646e-08        1.5 1.4327e-07       0.22 0.0000e+00
   1066.000   1057.245    17.2760   4.708963     0.5224    -0.1071    55.2620     -0.923 1.0000e-12    5.39698    7.71282  234.81579     0.0908     0.1297      3.950    26.4603    26.4160   1057.245    17.0928    36.2610 1.6471e-08        1.6 1.6112e-07       0.23 0.0000e+00
   1065.000   1056.256    17.2760   4.708911     0.5225    -0.1066    55.2620     -0.158 1.0000e-12    5.39699    7.71284  234.81623     0.0911     0.1302      3.963    26.4602    26.4160   1056.256    17.0930    36.2609 1.0847e-08        1.1 1.0610e-07       0.19 0.0000e+00
   1064.000   1055.266    17.2759   4.708859     0.5224    -0.1088    55.2620     -0.858 1.0000e-12    5.39700    7.71285  234.81666     0.0908     0.1297      3.950    26.4602    26.4160   1055.267    17.0931    36.2609 1.8342e-08        1.8 1.7942e-07       0.24 0.0000e+00
   1063.000   1054.277    17.2758   4.708830     0.5225    -0.1097    55.2620     -0.723 1.0000e-12    5.39700    7.71285  234.81654     0.0911     0.1301      3.962    26.4603    26.4162   1054.277    17.0932    36.2611 2.8300e-08        2.8 2.7683e-07       0.30 0.0000e+00
   1062.000   1053.288    17.2758   4.708781     0.5227    -0.1087    55.2620     -0.727 1.0000e-12    5.39700    7.71285  234.81676     0.0915     0.1308      3.981    26.4602    26.4161   1053.288    17.0934    36.2611 2.3988e-08        2.4 2.3465e-07       0.28 0.0000e+00
   1061.000   1052.299    17.2757   4.708721     0.5226    -0.1122    55.2620     -0.790 1.0000e-12    5.39701    7.71287  234.81721     0.0913     0.1306      3.976    26.4601    26.4161   1052.299    17.0934    36.2610 1.3819e-08        1.4 1.3517e-07       0.21 0.0000e+00
   1060.000   1051.309    17.2756   4.708673     0.5223    -0.1147    55.2620     -0.369 1.0000e-12    5.39702    7.71289  234.81777     0.0903     0.1291      3.932    26.4602    26.4162   1051.309    17.0935    36.2611 1.6989e-08        1.7 1.6618e-07       0.23 0.0000e+00
   1059.000   1050.320    17.2757   4.708626     0.5226    -0.1093    55.2620     -0.861 1.0000e-12    5.39702    7.71288  234.81761     0.0912     0.1303      3.967    26.4600    26.4160   1050.320    17.0938    36.2609 1.0907e-08        1.1 1.0669e-07       0.19 0.0000e+00
   1058.000   1049.331    17.2755   4.708569     0.5224    -0.1031    55.2620     -1.083 1.0000e-12    5.39704    7.71290  234.81834     0.0907     0.1296      3.947    26.4600    26.4161   1049.331    17.0938    36.2610 1.7454e-08        1.7 1.7074e-07       0.24 0.0000e+00
   1057.000   1048.342    17.2753   4.708520     0.5223    -0.0998    55.2620     -0.656 1.0000e-12    5.39705    7.71293  234.81910     0.0905     0.1293      3.935    26.4601    26.4163   1048.341    17.0937    36.2611 7.2600e-09        0.7 7.1018e-08       0.15 0.0000e+00
   1056.000   1047.352    17.2752   4.708484     0.5224    -0.1031    55.2620     -0.533 1.0000e-12    5.39706    7.71294  234.81925     0.0907     0.1296      3.945    26.4602    26.4164   1047.352    17.0938    36.2612 9.4920e-09        0.9 9.2851e-08       0.17 0.0000e+00
   1055.000   1046.363    17.2754   4.708429     0.5226    -0.1008    55.2620     -0.984 1.0000e-12    5.39705    7.71292  234.81880     0.0912     0.1303      3.966    26.4599    26.4161   1046.363    17.0942    36.2610 5.8260e-09        0.6 5.6990e-08       0.14 0.0000e+00
   1054.000   1045.374    17.2753   4.708427     0.5226    -0.0945    55.2620     -1.188 1.0000e-12    5.39704    7.71291  234.81853     0.0912     0.1303      3.965    26.4602    26.4165   1045.374    17.0943    36.2614 -2.564e-09       -0.3 -2.508e-08      -0.09 0.0000e+00
   1053.000   1044.384    17.2752   4.708346     0.5227    -0.1147    55.2620     -1.156 1.0000e-12    5.39706    7.71294  234.81948     0.0914     0.1306      3.976    26.4600    26.4163   1044.384    17.0943    36.2611 5.7953e-09        0.6 5.6690e-08       0.14 0.0000e+00
   1052.000   1043.395    17.2749   4.708291     0.5224    -0.1158    55.2620     -0.864 1.0000e-12    5.39708    7.71297  234.82038     0.0906     0.1295      3.943    26.4602    26.4165   1043.395    17.0942    36.2613 9.8395e-09        1.0 9.6250e-08       0.18 0.0000e+00
   1051.000   1042.405    17.2748   4.708203     0.5226    -0.1155    55.2620     -0.993 1.0000e-12    5.39711    7.71301  234.82143     0.0911     0.1302      3.963    26.4599    26.4163   1042.406    17.0943    36.2610 1.1136e-08        1.1 1.0893e-07       0.19 0.0000e+00
   1050.000   1041.416    17.2745   4.708154     0.5225    -0.1140    55.2620     -0.947 1.0000e-12    5.39713    7.71304  234.82246     0.0909     0.1299      3.953    26.4601    26.4166   1041.416    17.0942    36.2612 -2.473e-09       -0.2 -2.419e-08      -0.09 0.0000e+00
   1049.000   1040.427    17.2745   4.708117     0.5224    -0.1016    55.2620     -0.410 1.0000e-12    5.39713    7.71304  234.82245     0.0906     0.1295      3.942    26.4601    26.4166   1040.427    17.0943    36.2613 1.5797e-09        0.2 1.5453e-08       0.07 0.0000e+00
   1048.000   1039.438    17.2745   4.708073     0.5227    -0.1161    55.2620     -0.945 1.0000e-12    5.39713    7.71304  234.82254     0.0915     0.1308      3.982    26.4601    26.4166   1039.438    17.0945    36.2612 -1.175e-08       -1.2 -1.149e-07      -0.19 0.0000e+00
   1047.000   1038.448    17.2743   4.708006     0.5227    -0.1028    55.2620     -1.266 1.0000e-12    5.39716    7.71307  234.82350     0.0914     0.1306      3.978    26.4600    26.4166   1038.448    17.0945    36.2612 -6.758e-09       -0.7 -6.611e-08      -0.15 0.0000e+00
   1046.000   1037.459    17.2740   4.707919     0.5224    -0.1092    55.2620     -0.830 1.0000e-12    5.39719    7.71313  234.82505     0.0906     0.1293      3.938    26.4600    26.4166   1037.459    17.0944    36.2611 -6.525e-09       -0.7 -6.383e-08      -0.14 0.0000e+00
   1045.000   1036.469    17.2738   4.707894     0.5224    -0.1113    55.2620     -0.810 1.0000e-12    5.39720    7.71313  234.82527     0.0906     0.1294      3.940    26.4602    26.4169   1036.469    17.0944    36.2614 4.9925e-09        0.5 4.8837e-08       0.13 0.0000e+00
   1044.000   1035.480    17.2737   4.707825     0.5225    -0.1074    55.2620     -0.913 1.0000e-12    5.39721    7.71316  234.82606     0.0907     0.1297      3.949    26.4601    26.4168   1035.480    17.0944    36.2613 3.6127e-09        0.4 3.5339e-08       0.11 0.0000e+00
   1043.000   1034.491    17.2735   4.707778     0.5224    -0.1089    55.2620     -0.403 1.0000e-12    5.39723    7.71318  234.82673     0.0905     0.1294      3.938    26.4602    26.4170   1034.491    17.0944    36.2614 -2.257e-09       -0.2 -2.208e-08      -0.09 0.0000e+00
   1042.000   1033.501    17.2735   4.707727     0.5224    -0.1078    55.2620     -0.789 1.0000e-12    5.39723    7.71319  234.82683     0.0905     0.1294      3.938    26.4601    26.4169   1033.501    17.0946    36.2613 1.6093e-08        1.6 1.5742e-07       0.23 0.0000e+00
   1041.000   1032.512    17.2734   4.707664     0.5227    -0.1040    55.2620     -1.225 1.0000e-12    5.39724    7.71320  234.82730     0.0915     0.1308      3.981    26.4600    26.4169   1032.512    17.0947    36.2612 1.8821e-08        1.9 1.8410e-07       0.25 0.0000e+00
   1040.000   1031.522    17.2732   4.707592     0.5228    -0.1186    55.2620     -1.262 1.0000e-12    5.39727    7.71324  234.82849     0.0916     0.1309      3.986    26.4600    26.4168   1031.523    17.0946    36.2612 1.6778e-08        1.7 1.6412e-07       0.23 0.0000e+00
   1039.000   1030.533    17.2730   4.707546     0.5224    -0.1085    55.2620     -0.575 1.0000e-12    5.39729    7.71326  234.82927     0.0905     0.1293      3.936    26.4601    26.4170   1030.533    17.0946    36.2613 1.1570e-08        1.2 1.1318e-07       0.19 0.0000e+00
   1038.000   1029.544    17.2729   4.707501     0.5220    -0.1093    55.2620     -0.449 1.0000e-12    5.39729    7.71327  234.82939     0.0895     0.1279      3.893    26.4601    26.4171   1029.544    17.0947    36.2614 3.6606e-09        0.4 3.5808e-08       0.11 0.0000e+00
   1037.000   1028.554    17.2731   4.707434     0.5224    -0.1019    55.2620     -1.005 1.0000e-12    5.39729    7.71327  234.82935     0.0905     0.1293      3.936    26.4597    26.4167   1028.554    17.0951    36.2610 -4.256e-09       -0.4 -4.164e-08      -0.12 0.0000e+00
   1036.000   1027.565    17.2727   4.707384     0.5223    -0.1053    55.2620     -1.202 1.0000e-12    5.39732    7.71330  234.83050     0.0902     0.1289      3.924    26.4600    26.4170   1027.565    17.0948    36.2613 -9.671e-09       -1.0 -9.460e-08      -0.18 0.0000e+00
