CTD_data/C224_3.cnv
* Sea-Bird SBE 25 Data File:
* FileName = C:\CTD_Data\C224\C224_3.hex
* Software Version Seasave V 7.19
* Temperature SN = 4430
* Conductivity SN = 3138
* System UpLoad Time = Nov 15 2015 07:31:40
** Ship: Hno  gines
** Station: CARIACO
** Operator: Alberto Rosales
** Latitude:
** Longitude:
** 3er cast
# nquan = 25                                
# nvalues = 2599                        
# units = specified
# name 0 = prSM: Pressure, Strain Gauge [db]
# name 1 = depSM: Depth [salt water, m], lat = 10.50
# name 2 = t090C: Temperature [ITS-90, deg C]
# name 3 = c0S/m: Conductivity [S/m]
# name 4 = sbeox0V: Oxygen raw, SBE 43 [V]
# name 5 = flECO-AFL: Fluorescence, WET Labs ECO-AFL/FL [mg/m^3]
# name 6 = bat: Beam Attenuation, Chelsea/Seatech [1/m]
# name 7 = dz/dtM: Descent Rate [m/s]
# name 8 = par: PAR/Irradiance, Biospherical/Licor
# name 9 = oxsatML/L: Oxygen Saturation, Weiss [ml/l]
# name 10 = oxsatMg/L: Oxygen Saturation, Weiss [mg/l]
# name 11 = oxsatMm/Kg: Oxygen Saturation, Weiss [umol/kg]
# name 12 = sbeox0ML/L: Oxygen, SBE 43 [ml/l], WS = 2
# name 13 = sbeox0Mg/L: Oxygen, SBE 43 [mg/l], WS = 2
# name 14 = sbeox0Mm/Kg: Oxygen, SBE 43 [umol/kg], WS = 2
# name 15 = sigma-é00: Density [sigma-theta, kg/m^3]
# name 16 = sigma-t00: Density [sigma-t, kg/m^3 ]
# name 17 = depSM: Depth [salt water, m], lat = 10.5
# name 18 = potemp090C: Potential Temperature [ITS-90, deg C]
# name 19 = sal00: Salinity, Practical [PSU]
# name 20 = E: stability, E [rad^2/m]
# name 21 = E10^-8: stability, E [10^-8 rad^2/m]
# name 22 = N^2: buoyancy frequency, N^2 [rad^2/s^2]
# name 23 = N: buoyancy frequency, N [cycles/h]
# name 24 = flag: flag
# span 0 =      2.000,   1301.000       
# span 1 =      1.988,   1289.594       
# span 2 =    17.2603,    25.9498       
# span 3 =   4.693854,   5.655644       
# span 4 =     0.5212,     2.5166       
# span 5 =    -0.2517,    30.4289       
# span 6 =    55.2620,    55.2620       
# span 7 =     -1.547,      1.376       
# span 8 = 1.0000e-12, 1.0000e-12       
# span 9 =    4.60289,    5.39843       
# span 10 =    6.57800,    7.71490      
# span 11 =  200.66415,  234.87941      
# span 12 =     0.0811,     4.3102      
# span 13 =     0.1159,     6.1597      
# span 14 =      3.530,    187.899      
# span 15 =    24.4247,    26.4614      
# span 16 =    24.4245,    26.4268      
# span 17 =      1.989,   1289.594      
# span 18 =    17.0784,    25.9494      
# span 19 =    36.2574,    36.9734      
# span 20 = -4.271e-08, 5.6105e-05      
# span 21 =       -4.3,     5610.5      
# span 22 = -4.178e-07, 5.4882e-04      
# span 23 =      -0.37,      13.42      
# span 24 = 0.0000e+00, 0.0000e+00      
# interval = decibars: 1                
# start_time = Nov 15 2015 07:31:40 [System UpLoad Time]
# bad_flag = -9.990e-29
*END*
[from data line 1972]
    628.000    623.495    17.2959   4.694408     0.5224    -0.1236    55.2620     -0.803 1.0000e-12    5.39429    7.70898  234.70080     0.0859     0.1228      3.738    26.4518    26.4259    623.495    17.1890    36.2802 1.3417e-07       13.4 1.3125e-06       0.66 0.0000e+00
    627.000    622.503    17.2961   4.694419     0.5221    -0.1232    55.2620     -0.774 1.0000e-12    5.39426    7.70894  234.69935     0.0853     0.1219      3.710    26.4519    26.4261    622.504    17.1894    36.2805 1.4211e-07       14.2 1.3902e-06       0.68 0.0000e+00
    626.000    621.512    17.2959   4.694361     0.5224    -0.1249    55.2620     -0.216 1.0000e-12    5.39428    7.70897  234.70030     0.0859     0.1228      3.738    26.4520    26.4262    621.512    17.1893    36.2805 1.4125e-07       14.1 1.3817e-06       0.67 0.0000e+00
    625.000    620.521    17.2989   4.694700     0.5224    -0.1182    55.2620     -0.700 1.0000e-12    5.39395    7.70849  234.68577     0.0859     0.1227      3.736    26.4517    26.4259    620.521    17.1925    36.2811 1.4194e-07       14.2 1.3885e-06       0.68 0.0000e+00
    624.000    619.530    17.3009   4.694904     0.5224    -0.1253    55.2620     -0.805 1.0000e-12    5.39372    7.70817  234.67611     0.0858     0.1226      3.733    26.4515    26.4257    619.530    17.1947    36.2815 1.2140e-07       12.1 1.1876e-06       0.62 0.0000e+00
    623.000    618.538    17.3021   4.694994     0.5226    -0.1183    55.2620     -0.884 1.0000e-12    5.39360    7.70799  234.67086     0.0865     0.1236      3.763    26.4512    26.4255    618.538    17.1960    36.2816 1.2191e-07       12.2 1.1925e-06       0.63 0.0000e+00
    622.000    617.547    17.3023   4.694996     0.5226    -0.1170    55.2620     -0.729 1.0000e-12    5.39357    7.70795  234.66951     0.0864     0.1235      3.761    26.4513    26.4256    617.547    17.1964    36.2818 1.2029e-07       12.0 1.1767e-06       0.62 0.0000e+00
    621.000    616.556    17.3024   4.694976     0.5224    -0.1094    55.2620     -0.619 1.0000e-12    5.39356    7.70793  234.66897     0.0859     0.1228      3.738    26.4513    26.4257    616.556    17.1967    36.2819 1.1122e-07       11.1 1.0880e-06       0.60 0.0000e+00
    620.000    615.564    17.3038   4.695099     0.5225    -0.1231    55.2620     -0.542 1.0000e-12    5.39340    7.70771  234.66229     0.0861     0.1231      3.747    26.4511    26.4255    615.564    17.1982    36.2821 8.8363e-08        8.8 8.6437e-07       0.53 0.0000e+00
    619.000    614.573    17.3030   4.694956     0.5223    -0.1127    55.2620     -0.902 1.0000e-12    5.39350    7.70784  234.66629     0.0857     0.1225      3.728    26.4511    26.4256    614.573    17.1976    36.2820 9.0493e-08        9.0 8.8520e-07       0.54 0.0000e+00
    618.000    613.581    17.3073   4.695472     0.5223    -0.1190    55.2620     -0.946 1.0000e-12    5.39301    7.70716  234.64546     0.0855     0.1221      3.718    26.4508    26.4253    613.581    17.2021    36.2830 1.0180e-07       10.2 9.9584e-07       0.57 0.0000e+00
    617.000    612.590    17.3068   4.695394     0.5223    -0.1151    55.2620     -0.629 1.0000e-12    5.39306    7.70722  234.64725     0.0855     0.1221      3.717    26.4510    26.4256    612.590    17.2017    36.2831 1.0648e-07       10.6 1.0416e-06       0.58 0.0000e+00
    616.000    611.599    17.3071   4.695360     0.5223    -0.1221    55.2620     -0.566 1.0000e-12    5.39303    7.70718  234.64620     0.0855     0.1221      3.717    26.4507    26.4253    611.599    17.2022    36.2830 1.0666e-07       10.7 1.0434e-06       0.59 0.0000e+00
    615.000    610.607    17.3080   4.695455     0.5225    -0.1156    55.2620     -0.829 1.0000e-12    5.39293    7.70703  234.64155     0.0861     0.1231      3.746    26.4508    26.4254    610.607    17.2033    36.2834 1.0340e-07       10.3 1.0114e-06       0.58 0.0000e+00
    614.000    609.616    17.3107   4.695738     0.5225    -0.1101    55.2620     -0.989 1.0000e-12    5.39263    7.70661  234.62891     0.0860     0.1230      3.745    26.4504    26.4251    609.616    17.2061    36.2838 1.0863e-07       10.9 1.0626e-06       0.59 0.0000e+00
    613.000    608.624    17.3113   4.695753     0.5225    -0.1184    55.2620     -0.951 1.0000e-12    5.39257    7.70652  234.62629     0.0860     0.1229      3.743    26.4502    26.4249    608.625    17.2069    36.2838 8.9203e-08        8.9 8.7259e-07       0.54 0.0000e+00
    612.000    607.633    17.3094   4.695490     0.5224    -0.1151    55.2620     -0.426 1.0000e-12    5.39278    7.70682  234.63528     0.0858     0.1226      3.733    26.4505    26.4252    607.633    17.2052    36.2835 8.4625e-08        8.5 8.2781e-07       0.52 0.0000e+00
    611.000    606.642    17.3104   4.695562     0.5222    -0.1122    55.2620     -0.746 1.0000e-12    5.39267    7.70667  234.63065     0.0852     0.1218      3.708    26.4503    26.4251    606.642    17.2064    36.2837 6.0604e-08        6.1 5.9283e-07       0.44 0.0000e+00
    610.000    605.650    17.3108   4.695564     0.5222    -0.1200    55.2620     -1.010 1.0000e-12    5.39263    7.70660  234.62877     0.0853     0.1219      3.711    26.4502    26.4250    605.650    17.2069    36.2837 4.3287e-08        4.3 4.2344e-07       0.37 0.0000e+00
    609.000    604.659    17.3115   4.695609     0.5224    -0.1206    55.2620     -0.845 1.0000e-12    5.39255    7.70650  234.62549     0.0857     0.1225      3.729    26.4501    26.4250    604.659    17.2078    36.2838 2.8277e-08        2.8 2.7660e-07       0.30 0.0000e+00
    608.000    603.668    17.3110   4.695533     0.5225    -0.1170    55.2620     -0.628 1.0000e-12    5.39260    7.70656  234.62736     0.0860     0.1229      3.741    26.4503    26.4252    603.667    17.2075    36.2840 2.1835e-08        2.2 2.1359e-07       0.26 0.0000e+00
    607.000    602.676    17.3109   4.695472     0.5224    -0.1194    55.2620     -0.774 1.0000e-12    5.39261    7.70658  234.62799     0.0857     0.1225      3.728    26.4502    26.4252    602.676    17.2076    36.2839 3.6918e-08        3.7 3.6113e-07       0.34 0.0000e+00
    606.000    601.685    17.3106   4.695405     0.5224    -0.1099    55.2620     -0.651 1.0000e-12    5.39264    7.70662  234.62927     0.0858     0.1225      3.730    26.4503    26.4253    601.685    17.2074    36.2840 4.7838e-08        4.8 4.6795e-07       0.39 0.0000e+00
    605.000    600.693    17.3116   4.695495     0.5221    -0.1151    55.2620     -0.642 1.0000e-12    5.39252    7.70646  234.62427     0.0849     0.1213      3.693    26.4502    26.4253    600.693    17.2086    36.2843 7.8276e-08        7.8 7.6570e-07       0.50 0.0000e+00
    604.000    599.702    17.3126   4.695564     0.5224    -0.1134    55.2620     -0.818 1.0000e-12    5.39242    7.70630  234.61966     0.0856     0.1224      3.726    26.4500    26.4251    599.702    17.2098    36.2844 9.2829e-08        9.3 9.0806e-07       0.55 0.0000e+00
    603.000    598.710    17.3119   4.695451     0.5224    -0.1127    55.2620     -0.283 1.0000e-12    5.39249    7.70641  234.62286     0.0857     0.1224      3.727    26.4501    26.4253    598.710    17.2092    36.2844 1.2244e-07       12.2 1.1977e-06       0.63 0.0000e+00
    602.000    597.719    17.3142   4.695693     0.5225    -0.1212    55.2620     -0.815 1.0000e-12    5.39224    7.70604  234.61174     0.0859     0.1228      3.739    26.4499    26.4250    597.719    17.2117    36.2848 1.4327e-07       14.3 1.4015e-06       0.68 0.0000e+00
    601.000    596.727    17.3162   4.695902     0.5222    -0.1242    55.2620     -0.980 1.0000e-12    5.39202    7.70573  234.60236     0.0852     0.1217      3.705    26.4497    26.4249    596.727    17.2139    36.2852 1.5025e-07       15.0 1.4698e-06       0.69 0.0000e+00
    600.000    595.736    17.3175   4.695985     0.5223    -0.1234    55.2620     -0.884 1.0000e-12    5.39188    7.70554  234.59660     0.0853     0.1218      3.709    26.4493    26.4245    595.736    17.2153    36.2851 1.5774e-07       15.8 1.5431e-06       0.71 0.0000e+00
    599.000    594.744    17.3186   4.696140     0.5225    -0.1171    55.2620     -0.798 1.0000e-12    5.39174    7.70534  234.59034     0.0859     0.1227      3.735    26.4495    26.4248    594.744    17.2166    36.2859 1.7131e-07       17.1 1.6757e-06       0.74 0.0000e+00
    598.000    593.753    17.3200   4.696258     0.5221    -0.1169    55.2620     -0.588 1.0000e-12    5.39159    7.70513  234.58406     0.0849     0.1213      3.693    26.4493    26.4246    593.753    17.2182    36.2860 1.5921e-07       15.9 1.5574e-06       0.72 0.0000e+00
    597.000    592.761    17.3206   4.696261     0.5223    -0.1230    55.2620     -0.817 1.0000e-12    5.39153    7.70504  234.58150     0.0852     0.1218      3.708    26.4490    26.4243    592.762    17.2189    36.2859 1.4181e-07       14.2 1.3872e-06       0.67 0.0000e+00
    596.000    591.770    17.3214   4.696358     0.5224    -0.1233    55.2620     -0.814 1.0000e-12    5.39144    7.70490  234.57722     0.0855     0.1222      3.719    26.4491    26.4245    591.770    17.2199    36.2864 1.4994e-07       15.0 1.4668e-06       0.69 0.0000e+00
    595.000    590.778    17.3264   4.696969     0.5224    -0.1200    55.2620     -0.904 1.0000e-12    5.39088    7.70411  234.55302     0.0855     0.1222      3.719    26.4488    26.4242    590.779    17.2251    36.2876 1.5215e-07       15.2 1.4884e-06       0.70 0.0000e+00
    594.000    589.787    17.3272   4.696979     0.5224    -0.1214    55.2620     -0.819 1.0000e-12    5.39080    7.70399  234.54972     0.0855     0.1222      3.720    26.4484    26.4239    589.787    17.2260    36.2874 1.7753e-07       17.8 1.7366e-06       0.76 0.0000e+00
    593.000    588.796    17.3253   4.696737     0.5222    -0.1212    55.2620     -0.439 1.0000e-12    5.39100    7.70428  234.55835     0.0850     0.1215      3.699    26.4488    26.4243    588.796    17.2243    36.2874 1.6034e-07       16.0 1.5684e-06       0.72 0.0000e+00
    592.000    587.804    17.3279   4.697028     0.5226    -0.1201    55.2620     -0.862 1.0000e-12    5.39071    7.70387  234.54589     0.0860     0.1229      3.741    26.4486    26.4241    587.804    17.2271    36.2879 1.5201e-07       15.2 1.4870e-06       0.70 0.0000e+00
    591.000    586.812    17.3330   4.697616     0.5226    -0.1177    55.2620     -0.858 1.0000e-12    5.39016    7.70307  234.52167     0.0860     0.1229      3.743    26.4480    26.4236    586.813    17.2323    36.2889 1.6265e-07       16.3 1.5911e-06       0.72 0.0000e+00
    590.000    585.821    17.3331   4.697593     0.5225    -0.1207    55.2620     -0.684 1.0000e-12    5.39013    7.70304  234.52085     0.0857     0.1225      3.728    26.4480    26.4236    585.821    17.2326    36.2890 1.3880e-07       13.9 1.3578e-06       0.67 0.0000e+00
    589.000    584.829    17.3331   4.697507     0.5226    -0.1223    55.2620     -0.612 1.0000e-12    5.39015    7.70307  234.52168     0.0860     0.1229      3.742    26.4477    26.4234    584.830    17.2328    36.2886 1.2945e-07       12.9 1.2662e-06       0.64 0.0000e+00
    588.000    583.838    17.3334   4.697553     0.5226    -0.1159    55.2620     -0.829 1.0000e-12    5.39010    7.70299  234.51927     0.0859     0.1228      3.739    26.4480    26.4237    583.838    17.2332    36.2891 1.3802e-07       13.8 1.3501e-06       0.67 0.0000e+00
    587.000    582.846    17.3345   4.697646     0.5222    -0.1282    55.2620     -0.596 1.0000e-12    5.38998    7.70283  234.51430     0.0849     0.1213      3.693    26.4478    26.4236    582.847    17.2345    36.2893 1.0865e-07       10.9 1.0628e-06       0.59 0.0000e+00
    586.000    581.855    17.3357   4.697712     0.5226    -0.1223    55.2620     -0.668 1.0000e-12    5.38986    7.70265  234.50913     0.0860     0.1228      3.740    26.4474    26.4232    581.855    17.2359    36.2892 9.6878e-08        9.7 9.4766e-07       0.56 0.0000e+00
    585.000    580.863    17.3354   4.697677     0.5226    -0.1152    55.2620     -0.759 1.0000e-12    5.38988    7.70268  234.50992     0.0859     0.1228      3.739    26.4477    26.4235    580.863    17.2358    36.2895 1.2522e-07       12.5 1.2249e-06       0.63 0.0000e+00
    584.000    579.872    17.3363   4.697738     0.5222    -0.1238    55.2620     -0.537 1.0000e-12    5.38978    7.70254  234.50559     0.0849     0.1213      3.693    26.4475    26.4234    579.872    17.2368    36.2896 1.5610e-07       15.6 1.5270e-06       0.71 0.0000e+00
    583.000    578.881    17.3385   4.697975     0.5226    -0.1176    55.2620     -0.675 1.0000e-12    5.38954    7.70219  234.49515     0.0859     0.1228      3.738    26.4473    26.4232    578.880    17.2392    36.2901 1.9062e-07       19.1 1.8647e-06       0.78 0.0000e+00
    582.000    577.889    17.3383   4.697925     0.5224    -0.1207    55.2620     -0.600 1.0000e-12    5.38956    7.70222  234.49591     0.0853     0.1219      3.711    26.4474    26.4233    577.889    17.2392    36.2902 2.0734e-07       20.7 2.0282e-06       0.82 0.0000e+00
    581.000    576.897    17.3410   4.698218     0.5226    -0.1216    55.2620     -0.547 1.0000e-12    5.38926    7.70180  234.48310     0.0859     0.1227      3.736    26.4471    26.4231    576.897    17.2420    36.2907 2.2349e-07       22.3 2.1862e-06       0.85 0.0000e+00
    580.000    575.906    17.3470   4.698934     0.5226    -0.1242    55.2620     -0.831 1.0000e-12    5.38859    7.70084  234.45424     0.0859     0.1227      3.736    26.4465    26.4226    575.906    17.2482    36.2920 2.4102e-07       24.1 2.3577e-06       0.88 0.0000e+00
    579.000    574.914    17.3493   4.699163     0.5224    -0.1291    55.2620     -0.546 1.0000e-12    5.38835    7.70049  234.44358     0.0852     0.1218      3.708    26.4462    26.4222    574.914    17.2506    36.2923 2.1826e-07       21.8 2.1350e-06       0.84 0.0000e+00
    578.000    573.923    17.3497   4.699180     0.5223    -0.1188    55.2620     -0.747 1.0000e-12    5.38830    7.70042  234.44152     0.0850     0.1215      3.698    26.4462    26.4223    573.923    17.2512    36.2924 2.0922e-07       20.9 2.0466e-06       0.82 0.0000e+00
    577.000    572.931    17.3521   4.699435     0.5227    -0.1187    55.2620     -0.577 1.0000e-12    5.38804    7.70005  234.43006     0.0861     0.1231      3.748    26.4459    26.4220    572.931    17.2538    36.2929 1.9540e-07       19.5 1.9114e-06       0.79 0.0000e+00
    576.000    571.940    17.3538   4.699601     0.5223    -0.1078    55.2620     -0.694 1.0000e-12    5.38785    7.69978  234.42196     0.0850     0.1215      3.700    26.4457    26.4219    571.939    17.2556    36.2932 1.6023e-07       16.0 1.5674e-06       0.72 0.0000e+00
    575.000    570.948    17.3533   4.699495     0.5223    -0.1190    55.2620     -0.927 1.0000e-12    5.38791    7.69986  234.42444     0.0850     0.1214      3.697    26.4457    26.4219    570.948    17.2553    36.2931 1.2744e-07       12.7 1.2466e-06       0.64 0.0000e+00
    574.000    569.956    17.3529   4.699429     0.5226    -0.1233    55.2620     -0.326 1.0000e-12    5.38795    7.69991  234.42603     0.0859     0.1228      3.739    26.4459    26.4221    569.956    17.2551    36.2933 9.9346e-08        9.9 9.7180e-07       0.56 0.0000e+00
    573.000    568.965    17.3546   4.699571     0.5226    -0.1160    55.2620     -0.757 1.0000e-12    5.38776    7.69965  234.41825     0.0857     0.1225      3.730    26.4455    26.4218    568.965    17.2569    36.2933 8.6973e-08        8.7 8.5077e-07       0.53 0.0000e+00
