CTD_data/C224_3.cnv
* Sea-Bird SBE 25 Data File:
* FileName = C:\CTD_Data\C224\C224_3.hex
* Software Version Seasave V 7.19
* Temperature SN = 4430
* Conductivity SN = 3138
* System UpLoad Time = Nov 15 2015 07:31:40
** Ship: Hno  gines
** Station: CARIACO
** Operator: Alberto Rosales
** Latitude:
** Longitude:
** 3er cast
# nquan = 25                                
# nvalues = 2599                        
# units = specified
# name 0 = prSM: Pressure, Strain Gauge [db]
# name 1 = depSM: Depth [salt water, m], lat = 10.50
# name 2 = t090C: Temperature [ITS-90, deg C]
# name 3 = c0S/m: Conductivity [S/m]
# name 4 = sbeox0V: Oxygen raw, SBE 43 [V]
# name 5 = flECO-AFL: Fluorescence, WET Labs ECO-AFL/FL [mg/m^3]
# name 6 = bat: Beam Attenuation, Chelsea/Seatech [1/m]
# name 7 = dz/dtM: Descent Rate [m/s]
# name 8 = par: PAR/Irradiance, Biospherical/Licor
# name 9 = oxsatML/L: Oxygen Saturation, Weiss [ml/l]
# name 10 = oxsatMg/L: Oxygen Saturation, Weiss [mg/l]
# name 11 = oxsatMm/Kg: Oxygen Saturation, Weiss [umol/kg]
# name 12 = sbeox0ML/L: Oxygen, SBE 43 [ml/l], WS = 2
# name 13 = sbeox0Mg/L: Oxygen, SBE 43 [mg/l], WS = 2
# name 14 = sbeox0Mm/Kg: Oxygen, SBE 43 [umol/kg], WS = 2
# name 15 = sigma-é00: Density [sigma-theta, kg/m^3]
# name 16 = sigma-t00: Density [sigma-t, kg/m^3 ]
# name 17 = depSM: Depth [salt water, m], lat = 10.5
# name 18 = potemp090C: Potential Temperature [ITS-90, deg C]
# name 19 = sal00: Salinity, Practical [PSU]
# name 20 = E: stability, E [rad^2/m]
# name 21 = E10^-8: stability, E [10^-8 rad^2/m]
# name 22 = N^2: buoyancy frequency, N^2 [rad^2/s^2]
# name 23 = N: buoyancy frequency, N [cycles/h]
# name 24 = flag: flag
# span 0 =      2.000,   1301.000       
# span 1 =      1.988,   1289.594       
# span 2 =    17.2603,    25.9498       
# span 3 =   4.693854,   5.655644       
# span 4 =     0.5212,     2.5166       
# span 5 =    -0.2517,    30.4289       
# span 6 =    55.2620,    55.2620       
# span 7 =     -1.547,      1.376       
# span 8 = 1.0000e-12, 1.0000e-12       
# span 9 =    4.60289,    5.39843       
# span 10 =    6.57800,    7.71490      
# span 11 =  200.66415,  234.87941      
# span 12 =     0.0811,     4.3102      
# span 13 =     0.1159,     6.1597      
# span 14 =      3.530,    187.899      
# span 15 =    24.4247,    26.4614      
# span 16 =    24.4245,    26.4268      
# span 17 =      1.989,   1289.594      
# span 18 =    17.0784,    25.9494      
# span 19 =    36.2574,    36.9734      
# span 20 = -4.271e-08, 5.6105e-05      
# span 21 =       -4.3,     5610.5      
# span 22 = -4.178e-07, 5.4882e-04      
# span 23 =      -0.37,      13.42      
# span 24 = 0.0000e+00, 0.0000e+00      
# interval = decibars: 1                
# start_time = Nov 15 2015 07:31:40 [System UpLoad Time]
# bad_flag = -9.990e-29
*END*
[from data line 2087]
    513.000    509.461    17.4411   4.708212     0.5223    -0.1240    55.2620     -0.878 1.0000e-12    5.37814    7.68591  234.00145     0.0842     0.1204      3.664    26.4377    26.4164    509.461    17.3535    36.3138 1.9775e-07       19.8 1.9344e-06       0.80 0.0000e+00
    512.000    508.469    17.4395   4.708026     0.5229    -0.1267    55.2620     -0.906 1.0000e-12    5.37830    7.68614  234.00830     0.0858     0.1226      3.732    26.4382    26.4169    508.469    17.3521    36.3140 1.8198e-07       18.2 1.7801e-06       0.76 0.0000e+00
    511.000    507.477    17.4443   4.708666     0.5224    -0.1283    55.2620     -0.525 1.0000e-12    5.37775    7.68535  233.98431     0.0846     0.1208      3.679    26.4383    26.4170    507.477    17.3570    36.3156 1.4895e-07       14.9 1.4571e-06       0.69 0.0000e+00
    510.000    506.485    17.4473   4.709011     0.5226    -0.1250    55.2620     -0.929 1.0000e-12    5.37742    7.68486  233.96975     0.0850     0.1214      3.696    26.4380    26.4168    506.485    17.3602    36.3163 1.7243e-07       17.2 1.6867e-06       0.74 0.0000e+00
    509.000    505.493    17.4572   4.710269     0.5224    -0.1266    55.2620     -1.325 1.0000e-12    5.37632    7.68329  233.92203     0.0845     0.1208      3.678    26.4375    26.4163    505.493    17.3702    36.3187 2.3827e-07       23.8 2.3307e-06       0.87 0.0000e+00
    508.000    504.501    17.4533   4.709663     0.5224    -0.1300    55.2620     -0.656 1.0000e-12    5.37677    7.68394  233.94165     0.0844     0.1207      3.675    26.4373    26.4162    504.501    17.3665    36.3173 2.6934e-07       26.9 2.6347e-06       0.93 0.0000e+00
    507.000    503.509    17.4557   4.709969     0.5226    -0.1270    55.2620     -0.589 1.0000e-12    5.37649    7.68354  233.92957     0.0849     0.1213      3.693    26.4374    26.4163    503.509    17.3691    36.3182 2.8719e-07       28.7 2.8093e-06       0.96 0.0000e+00
    506.000    502.517    17.4604   4.710617     0.5224    -0.1294    55.2620     -1.091 1.0000e-12    5.37594    7.68276  233.90571     0.0845     0.1207      3.676    26.4376    26.4165    502.517    17.3739    36.3200 2.7737e-07       27.7 2.7132e-06       0.94 0.0000e+00
    505.000    501.526    17.4677   4.711363     0.5225    -0.1252    55.2620     -1.026 1.0000e-12    5.37519    7.68168  233.87303     0.0846     0.1208      3.679    26.4360    26.4149    501.526    17.3814    36.3203 2.6335e-07       26.3 2.5761e-06       0.92 0.0000e+00
    504.000    500.534    17.4682   4.711368     0.5225    -0.1249    55.2620     -0.624 1.0000e-12    5.37513    7.68160  233.87073     0.0845     0.1208      3.676    26.4358    26.4148    500.534    17.3821    36.3203 2.4668e-07       24.7 2.4130e-06       0.89 0.0000e+00
    503.000    499.542    17.4659   4.711030     0.5226    -0.1207    55.2620     -0.909 1.0000e-12    5.37538    7.68196  233.88180     0.0849     0.1213      3.691    26.4359    26.4150    499.542    17.3799    36.3198 2.2883e-07       22.9 2.2384e-06       0.86 0.0000e+00
    502.000    498.550    17.4657   4.711003     0.5225    -0.1167    55.2620     -0.691 1.0000e-12    5.37539    7.68197  233.88207     0.0845     0.1208      3.678    26.4362    26.4153    498.550    17.3799    36.3201 2.1430e-07       21.4 2.0963e-06       0.83 0.0000e+00
    501.000    497.558    17.4703   4.711560     0.5228    -0.1343    55.2620     -0.691 1.0000e-12    5.37488    7.68124  233.85991     0.0852     0.1218      3.710    26.4359    26.4150    497.558    17.3847    36.3212 1.8406e-07       18.4 1.8005e-06       0.77 0.0000e+00
    500.000    496.566    17.4797   4.712786     0.5227    -0.1306    55.2620     -0.411 1.0000e-12    5.37382    7.67973  233.81398     0.0851     0.1216      3.703    26.4356    26.4147    496.566    17.3942    36.3238 1.1796e-07       11.8 1.1539e-06       0.62 0.0000e+00
    499.000    495.574    17.4799   4.712733     0.5226    -0.1187    55.2620     -0.759 1.0000e-12    5.37381    7.67972  233.81373     0.0848     0.1212      3.689    26.4353    26.4145    495.574    17.3946    36.3236 1.1628e-07       11.6 1.1374e-06       0.61 0.0000e+00
    498.000    494.582    17.4812   4.712912     0.5226    -0.1200    55.2620     -1.253 1.0000e-12    5.37366    7.67949  233.80670     0.0847     0.1211      3.687    26.4355    26.4147    494.582    17.3960    36.3244 1.1027e-07       11.0 1.0787e-06       0.60 0.0000e+00
    497.000    493.590    17.4833   4.713124     0.5226    -0.1245    55.2620     -1.547 1.0000e-12    5.37343    7.67916  233.79673     0.0848     0.1211      3.688    26.4352    26.4145    493.590    17.3983    36.3247 1.0569e-07       10.6 1.0339e-06       0.58 0.0000e+00
    496.000    492.598    17.4841   4.713172     0.5226    -0.1249    55.2620     -1.463 1.0000e-12    5.37334    7.67905  233.79319     0.0848     0.1211      3.688    26.4350    26.4143    492.598    17.3993    36.3248 7.4510e-08        7.5 7.2886e-07       0.49 0.0000e+00
    495.000    491.606    17.4844   4.713195     0.5228    -0.1271    55.2620     -1.212 1.0000e-12    5.37330    7.67899  233.79139     0.0852     0.1218      3.707    26.4352    26.4145    491.606    17.3998    36.3251 4.3476e-08        4.3 4.2528e-07       0.37 0.0000e+00
    494.000    490.614    17.4839   4.713091     0.5224    -0.1322    55.2620     -1.123 1.0000e-12    5.37335    7.67906  233.79366     0.0843     0.1205      3.668    26.4352    26.4146    490.614    17.3994    36.3250 2.3680e-08        2.4 2.3164e-07       0.28 0.0000e+00
    493.000    489.622    17.4839   4.713072     0.5227    -0.1286    55.2620     -1.070 1.0000e-12    5.37334    7.67905  233.79320     0.0851     0.1217      3.703    26.4353    26.4147    489.622    17.3996    36.3252 1.3763e-08        1.4 1.3463e-07       0.21 0.0000e+00
    492.000    488.630    17.4842   4.713026     0.5227    -0.1276    55.2620     -0.939 1.0000e-12    5.37333    7.67902  233.79261     0.0851     0.1217      3.703    26.4350    26.4145    488.630    17.4001    36.3249 3.3535e-09        0.3 3.2804e-08       0.10 0.0000e+00
    491.000    487.638    17.4834   4.712886     0.5226    -0.1282    55.2620     -0.973 1.0000e-12    5.37342    7.67915  233.79636     0.0847     0.1211      3.685    26.4350    26.4146    487.638    17.3994    36.3248 1.8976e-08        1.9 1.8563e-07       0.25 0.0000e+00
    490.000    486.646    17.4832   4.712843     0.5226    -0.1289    55.2620     -0.961 1.0000e-12    5.37343    7.67917  233.79686     0.0847     0.1210      3.684    26.4352    26.4148    486.646    17.3994    36.3250 3.9626e-08        4.0 3.8762e-07       0.36 0.0000e+00
    489.000    485.655    17.4830   4.712783     0.5227    -0.1235    55.2620     -0.529 1.0000e-12    5.37345    7.67920  233.79776     0.0850     0.1214      3.696    26.4352    26.4148    485.654    17.3994    36.3251 5.1616e-08        5.2 5.0491e-07       0.41 0.0000e+00
    488.000    484.663    17.4840   4.712890     0.5227    -0.1304    55.2620     -0.740 1.0000e-12    5.37333    7.67902  233.79257     0.0851     0.1216      3.701    26.4353    26.4149    484.662    17.4006    36.3255 5.1612e-08        5.2 5.0487e-07       0.41 0.0000e+00
    487.000    483.670    17.4862   4.713119     0.5225    -0.1339    55.2620     -0.883 1.0000e-12    5.37309    7.67868  233.78211     0.0845     0.1207      3.673    26.4350    26.4147    483.670    17.4029    36.3259 5.4724e-08        5.5 5.3531e-07       0.42 0.0000e+00
    486.000    482.678    17.4875   4.713221     0.5223    -0.1314    55.2620     -0.514 1.0000e-12    5.37296    7.67849  233.77642     0.0839     0.1199      3.650    26.4347    26.4144    482.678    17.4044    36.3260 7.0642e-08        7.1 6.9103e-07       0.48 0.0000e+00
    485.000    481.686    17.4871   4.713128     0.5227    -0.1250    55.2620     -0.930 1.0000e-12    5.37299    7.67855  233.77808     0.0850     0.1215      3.699    26.4347    26.4145    481.686    17.4042    36.3259 7.9407e-08        7.9 7.7677e-07       0.50 0.0000e+00
    484.000    480.694    17.4876   4.713164     0.5225    -0.1241    55.2620     -1.004 1.0000e-12    5.37294    7.67847  233.77562     0.0842     0.1204      3.665    26.4347    26.4145    480.694    17.4048    36.3261 7.8209e-08        7.8 7.6504e-07       0.50 0.0000e+00
    483.000    479.702    17.4874   4.713117     0.5224    -0.1236    55.2620     -0.833 1.0000e-12    5.37295    7.67848  233.77611     0.0840     0.1200      3.655    26.4349    26.4147    479.702    17.4048    36.3263 5.8828e-08        5.9 5.7546e-07       0.43 0.0000e+00
    482.000    478.710    17.4871   4.713000     0.5223    -0.1216    55.2620     -0.715 1.0000e-12    5.37300    7.67855  233.77822     0.0838     0.1198      3.648    26.4346    26.4145    478.710    17.4047    36.3259 3.9368e-08        3.9 3.8510e-07       0.36 0.0000e+00
    481.000    477.718    17.4867   4.712896     0.5224    -0.1113    55.2620     -0.923 1.0000e-12    5.37305    7.67861  233.78025     0.0842     0.1203      3.662    26.4345    26.4145    477.718    17.4045    36.3258 1.9776e-08        2.0 1.9345e-07       0.25 0.0000e+00
    480.000    476.726    17.4863   4.712806     0.5225    -0.1195    55.2620     -0.990 1.0000e-12    5.37309    7.67868  233.78212     0.0842     0.1204      3.664    26.4346    26.4145    476.726    17.4042    36.3257 3.0430e-08        3.0 2.9767e-07       0.31 0.0000e+00
    479.000    475.734    17.4858   4.712682     0.5226    -0.1327    55.2620     -0.830 1.0000e-12    5.37315    7.67876  233.78472     0.0846     0.1209      3.679    26.4345    26.4145    475.734    17.4039    36.3255 2.8751e-08        2.9 2.8125e-07       0.30 0.0000e+00
    478.000    474.742    17.4856   4.712644     0.5226    -0.1250    55.2620     -0.844 1.0000e-12    5.37316    7.67878  233.78530     0.0846     0.1209      3.679    26.4346    26.4147    474.742    17.4039    36.3257 3.1237e-08        3.1 3.0556e-07       0.32 0.0000e+00
    477.000    473.750    17.4854   4.712552     0.5226    -0.1256    55.2620     -0.927 1.0000e-12    5.37318    7.67882  233.78638     0.0846     0.1208      3.679    26.4345    26.4146    473.750    17.4039    36.3255 4.4167e-08        4.4 4.3204e-07       0.38 0.0000e+00
    476.000    472.758    17.4851   4.712499     0.5226    -0.1358    55.2620     -0.723 1.0000e-12    5.37321    7.67885  233.78748     0.0845     0.1208      3.679    26.4346    26.4148    472.758    17.4037    36.3257 7.2801e-08        7.3 7.1214e-07       0.48 0.0000e+00
    475.000    471.766    17.4853   4.712431     0.5223    -0.1252    55.2620     -0.680 1.0000e-12    5.37321    7.67885  233.78736     0.0837     0.1196      3.642    26.4343    26.4144    471.766    17.4041    36.3253 9.4990e-08        9.5 9.2919e-07       0.55 0.0000e+00
    474.000    470.774    17.4846   4.712332     0.5226    -0.1249    55.2620     -0.931 1.0000e-12    5.37327    7.67894  233.79002     0.0845     0.1208      3.676    26.4345    26.4147    470.774    17.4036    36.3254 1.1987e-07       12.0 1.1726e-06       0.62 0.0000e+00
    473.000    469.782    17.4843   4.712228     0.5226    -0.1293    55.2620     -0.536 1.0000e-12    5.37331    7.67899  233.79176     0.0845     0.1208      3.676    26.4343    26.4146    469.782    17.4035    36.3252 1.2896e-07       12.9 1.2615e-06       0.64 0.0000e+00
    472.000    468.790    17.4800   4.711516     0.5224    -0.1258    55.2620     -0.651 1.0000e-12    5.37382    7.67972  233.81394     0.0841     0.1202      3.658    26.4338    26.4142    468.790    17.3993    36.3232 1.3782e-07       13.8 1.3482e-06       0.67 0.0000e+00
    471.000    467.798    17.4798   4.711409     0.5226    -0.1300    55.2620     -1.126 1.0000e-12    5.37385    7.67977  233.81557     0.0845     0.1208      3.676    26.4336    26.4139    467.798    17.3993    36.3229 1.3870e-07       13.9 1.3568e-06       0.67 0.0000e+00
    470.000    466.806    17.4794   4.711310     0.5226    -0.1263    55.2620     -1.033 1.0000e-12    5.37390    7.67983  233.81755     0.0845     0.1207      3.675    26.4335    26.4139    466.806    17.3991    36.3228 1.2358e-07       12.4 1.2089e-06       0.63 0.0000e+00
    469.000    465.813    17.4786   4.711130     0.5226    -0.1376    55.2620     -0.826 1.0000e-12    5.37399    7.67997  233.82186     0.0845     0.1207      3.676    26.4333    26.4138    465.814    17.3985    36.3223 1.2003e-07       12.0 1.1741e-06       0.62 0.0000e+00
    468.000    464.822    17.4785   4.711113     0.5226    -0.1283    55.2620     -1.033 1.0000e-12    5.37399    7.67997  233.82162     0.0845     0.1207      3.675    26.4336    26.4141    464.822    17.3985    36.3226 1.0317e-07       10.3 1.0092e-06       0.58 0.0000e+00
    467.000    463.830    17.4761   4.710681     0.5222    -0.1242    55.2620     -0.929 1.0000e-12    5.37428    7.68038  233.83421     0.0833     0.1191      3.625    26.4332    26.4137    463.829    17.3963    36.3214 8.0354e-08        8.0 7.8603e-07       0.51 0.0000e+00
    466.000    462.837    17.4747   4.710459     0.5226    -0.1310    55.2620     -0.607 1.0000e-12    5.37443    7.68060  233.84082     0.0845     0.1208      3.676    26.4332    26.4138    462.837    17.3951    36.3211 7.1315e-08        7.1 6.9761e-07       0.48 0.0000e+00
    465.000    461.846    17.4749   4.710436     0.5225    -0.1290    55.2620     -0.930 1.0000e-12    5.37441    7.68057  233.83994     0.0841     0.1203      3.661    26.4332    26.4138    461.845    17.3955    36.3211 6.1308e-08        6.1 5.9971e-07       0.44 0.0000e+00
    464.000    460.853    17.4750   4.710402     0.5225    -0.1196    55.2620     -0.527 1.0000e-12    5.37440    7.68056  233.83968     0.0842     0.1204      3.664    26.4331    26.4138    460.853    17.3957    36.3211 5.5497e-08        5.5 5.4288e-07       0.42 0.0000e+00
    463.000    459.861    17.4746   4.710280     0.5224    -0.1249    55.2620     -0.691 1.0000e-12    5.37445    7.68063  233.84194     0.0840     0.1201      3.655    26.4329    26.4136    459.861    17.3955    36.3208 5.1822e-08        5.2 5.0693e-07       0.41 0.0000e+00
    462.000    458.869    17.4745   4.710226     0.5226    -0.1208    55.2620     -0.754 1.0000e-12    5.37447    7.68065  233.84244     0.0844     0.1206      3.672    26.4329    26.4136    458.869    17.3956    36.3208 6.1827e-08        6.2 6.0479e-07       0.45 0.0000e+00
    461.000    457.877    17.4743   4.710163     0.5227    -0.1250    55.2620     -0.441 1.0000e-12    5.37448    7.68067  233.84318     0.0846     0.1209      3.683    26.4329    26.4137    457.877    17.3956    36.3208 7.2998e-08        7.3 7.1407e-07       0.48 0.0000e+00
    460.000    456.885    17.4749   4.710224     0.5225    -0.1284    55.2620     -0.583 1.0000e-12    5.37441    7.68057  233.84000     0.0841     0.1202      3.659    26.4330    26.4138    456.885    17.3963    36.3212 8.6677e-08        8.7 8.4787e-07       0.53 0.0000e+00
    459.000    455.893    17.4785   4.710666     0.5227    -0.1282    55.2620     -0.620 1.0000e-12    5.37400    7.67999  233.82240     0.0848     0.1212      3.688    26.4328    26.4137    455.893    17.4001    36.3222 1.1946e-07       11.9 1.1686e-06       0.62 0.0000e+00
    458.000    454.900    17.4835   4.711351     0.5225    -0.1249    55.2620     -0.921 1.0000e-12    5.37343    7.67916  233.79724     0.0840     0.1200      3.654    26.4330    26.4139    454.900    17.4053    36.3240 1.6162e-07       16.2 1.5810e-06       0.72 0.0000e+00
    457.000    453.908    17.4865   4.711638     0.5224    -0.1225    55.2620     -0.865 1.0000e-12    5.37312    7.67872  233.78386     0.0838     0.1198      3.649    26.4324    26.4133    453.908    17.4084    36.3242 1.8865e-07       18.9 1.8454e-06       0.78 0.0000e+00
