CTD_data/C224_1.cnv
* Sea-Bird SBE 25 Data File:
* FileName = C:\CTD_Data\C224\C224_1.hex
* Software Version Seasave V 7.19
* Temperature SN = 4430
* Conductivity SN = 3138
* System UpLoad Time = Nov 14 2015 21:47:33
** Ship: Gines
** Station: Cariaco
** Operator: alberto rosales
** Latitude:
** Longitude:
** 1er Perfil
# nquan = 25                                
# nvalues = 797                         
# units = specified
# name 0 = prSM: Pressure, Strain Gauge [db]
# name 1 = depSM: Depth [salt water, m], lat = 10.50
# name 2 = t090C: Temperature [ITS-90, deg C]
# name 3 = c0S/m: Conductivity [S/m]
# name 4 = sbeox0V: Oxygen raw, SBE 43 [V]
# name 5 = flECO-AFL: Fluorescence, WET Labs ECO-AFL/FL [mg/m^3]
# name 6 = bat: Beam Attenuation, Chelsea/Seatech [1/m]
# name 7 = dz/dtM: Descent Rate [m/s]
# name 8 = par: PAR/Irradiance, Biospherical/Licor
# name 9 = oxsatML/L: Oxygen Saturation, Weiss [ml/l]
# name 10 = oxsatMg/L: Oxygen Saturation, Weiss [mg/l]
# name 11 = oxsatMm/Kg: Oxygen Saturation, Weiss [umol/kg]
# name 12 = sbeox0ML/L: Oxygen, SBE 43 [ml/l], WS = 2
# name 13 = sbeox0Mg/L: Oxygen, SBE 43 [mg/l], WS = 2
# name 14 = sbeox0Mm/Kg: Oxygen, SBE 43 [umol/kg], WS = 2
# name 15 = sigma-é00: Density [sigma-theta, kg/m^3]
# name 16 = sigma-t00: Density [sigma-t, kg/m^3 ]
# name 17 = depSM: Depth [salt water, m], lat = 10.5
# name 18 = potemp090C: Potential Temperature [ITS-90, deg C]
# name 19 = sal00: Salinity, Practical [PSU]
# name 20 = E: stability, E [rad^2/m]
# name 21 = E10^-8: stability, E [10^-8 rad^2/m]
# name 22 = N^2: buoyancy frequency, N^2 [rad^2/s^2]
# name 23 = N: buoyancy frequency, N [cycles/h]
# name 24 = flag: flag
# span 0 =      2.000,    402.000       
# span 1 =      1.989,    399.333       
# span 2 =    17.5509,    26.1199       
# span 3 =   4.717073,   5.676105       
# span 4 =     0.5214,     2.5591       
# span 5 =    -0.2767,     0.5447       
# span 6 =     0.0322,     0.1589       
# span 7 =     -1.870,      1.598       
# span 8 = 1.0000e-12, 1.0000e-12       
# span 9 =    4.58960,    5.36613       
# span 10 =    6.55899,    7.66874      
# span 11 =  200.09344,  233.48223      
# span 12 =     0.0794,     4.3899      
# span 13 =     0.1134,     6.2736      
# span 14 =      3.454,    191.384      
# span 15 =    24.3784,    26.4227      
# span 16 =    24.3771,    26.4059      
# span 17 =      1.989,    399.333      
# span 18 =    17.4821,    26.1158      
# span 19 =    36.3347,    36.9492      
# span 20 = -2.248e-07, 4.8102e-05      
# span 21 =      -22.5,     4810.2      
# span 22 = -2.199e-06, 4.7054e-04      
# span 23 =      -0.85,      12.43      
# span 24 = 0.0000e+00, 0.0000e+00      
# interval = decibars: 1                
# start_time = Nov 14 2015 21:47:33 [System UpLoad Time]
# bad_flag = -9.990e-29
*END*
[from data line 464]
    334.000    331.839    17.6721   4.729171     0.5218    -0.0508     0.0466     -0.082 1.0000e-12    5.35296    7.64991  232.91255     0.0808     0.1155      3.516    26.4072    26.3931    331.839    17.6148    36.3571 1.8385e-07       18.4 1.7984e-06       0.77 0.0000e+00
    333.000    330.846    17.6752   4.729466     0.5217    -0.0142     0.0458     -0.747 1.0000e-12    5.35264    7.64945  232.89873     0.0804     0.1150      3.500    26.4065    26.3924    330.846    17.6180    36.3573 2.0287e-07       20.3 1.9845e-06       0.81 0.0000e+00
    332.000    329.854    17.6756   4.729474     0.5216     0.0621     0.0450     -0.356 1.0000e-12    5.35259    7.64939  232.89682     0.0802     0.1146      3.490    26.4064    26.3924    329.853    17.6186    36.3574 2.1643e-07       21.6 2.1171e-06       0.83 0.0000e+00
    331.000    328.861    17.6793   4.729925     0.5215    -0.0219     0.0455     -0.460 1.0000e-12    5.35218    7.64880  232.87892     0.0800     0.1144      3.482    26.4062    26.3922    328.861    17.6225    36.3583 2.5285e-07       25.3 2.4734e-06       0.90 0.0000e+00
    330.000    327.867    17.6821   4.730207     0.5218     0.0183     0.0458     -0.504 1.0000e-12    5.35188    7.64838  232.86606     0.0807     0.1153      3.511    26.4057    26.3918    327.868    17.6254    36.3586 2.6905e-07       26.9 2.6318e-06       0.93 0.0000e+00
    329.000    326.875    17.6834   4.730326     0.5217     0.0133     0.0460     -0.584 1.0000e-12    5.35174    7.64817  232.85995     0.0804     0.1149      3.498    26.4056    26.3917    326.875    17.6269    36.3589 2.5881e-07       25.9 2.5317e-06       0.91 0.0000e+00
    328.000    325.882    17.6848   4.730491     0.5217    -0.1097     0.0466     -0.741 1.0000e-12    5.35158    7.64795  232.85308     0.0804     0.1149      3.498    26.4056    26.3917    325.882    17.6285    36.3595 2.4173e-07       24.2 2.3646e-06       0.88 0.0000e+00
    327.000    324.889    17.6884   4.730925     0.5217     0.0654     0.0471     -0.175 1.0000e-12    5.35118    7.64737  232.83557     0.0804     0.1149      3.497    26.4054    26.3916    324.889    17.6322    36.3604 2.4279e-07       24.3 2.3750e-06       0.88 0.0000e+00
    326.000    323.897    17.6931   4.731438     0.5217    -0.0131     0.0471     -0.963 1.0000e-12    5.35068    7.64665  232.81391     0.0804     0.1148      3.496    26.4046    26.3909    323.897    17.6371    36.3610 2.1941e-07       21.9 2.1462e-06       0.84 0.0000e+00
    325.000    322.904    17.6941   4.731527     0.5218    -0.0595     0.0480     -0.950 1.0000e-12    5.35057    7.64650  232.80936     0.0806     0.1152      3.508    26.4046    26.3908    322.904    17.6383    36.3612 2.1241e-07       21.2 2.0778e-06       0.83 0.0000e+00
    324.000    321.911    17.6947   4.731582     0.5216    -0.0334     0.0481     -0.156 1.0000e-12    5.35050    7.64640  232.80612     0.0800     0.1144      3.482    26.4046    26.3909    321.911    17.6391    36.3616 1.9625e-07       19.6 1.9198e-06       0.79 0.0000e+00
    323.000    320.918    17.6973   4.731860     0.5216    -0.0605     0.0492     -0.781 1.0000e-12    5.35022    7.64600  232.79408     0.0799     0.1143      3.478    26.4043    26.3906    320.918    17.6418    36.3620 1.7882e-07       17.9 1.7492e-06       0.76 0.0000e+00
    322.000    319.926    17.6986   4.731974     0.5217    -0.0235     0.0492     -0.925 1.0000e-12    5.35008    7.64580  232.78805     0.0803     0.1148      3.493    26.4041    26.3905    319.926    17.6433    36.3622 1.4548e-07       14.5 1.4231e-06       0.68 0.0000e+00
    321.000    318.933    17.6992   4.732031     0.5218    -0.0458     0.0501     -0.277 1.0000e-12    5.35000    7.64569  232.78466     0.0806     0.1152      3.507    26.4042    26.3906    318.933    17.6441    36.3626 9.9654e-08       10.0 9.7482e-07       0.57 0.0000e+00
    320.000    317.940    17.7026   4.732396     0.5217    -0.0042     0.0504     -0.589 1.0000e-12    5.34964    7.64517  232.76903     0.0803     0.1148      3.495    26.4037    26.3901    317.940    17.6476    36.3631 9.8315e-08        9.8 9.6172e-07       0.56 0.0000e+00
    319.000    316.947    17.6985   4.731832     0.5216    -0.0958     0.0498     -0.508 1.0000e-12    5.35008    7.64580  232.78825     0.0800     0.1144      3.483    26.4040    26.3905    316.947    17.6437    36.3622 1.3530e-07       13.5 1.3235e-06       0.66 0.0000e+00
    318.000    315.955    17.6987   4.731794     0.5218    -0.0690     0.0487     -0.327 1.0000e-12    5.35007    7.64578  232.78757     0.0805     0.1151      3.504    26.4038    26.3904    315.954    17.6441    36.3621 1.4990e-07       15.0 1.4663e-06       0.69 0.0000e+00
    317.000    314.962    17.6992   4.731814     0.5217     0.1503     0.0495     -1.211 1.0000e-12    5.35002    7.64571  232.78537     0.0801     0.1146      3.487    26.4037    26.3903    314.962    17.6448    36.3622 1.9963e-07       20.0 1.9528e-06       0.80 0.0000e+00
    316.000    313.969    17.6989   4.731758     0.5214    -0.0242     0.0496     -0.506 1.0000e-12    5.35004    7.64574  232.78629     0.0795     0.1137      3.462    26.4039    26.3905    313.969    17.6446    36.3624 2.6769e-07       26.8 2.6185e-06       0.93 0.0000e+00
    315.000    312.976    17.7043   4.732424     0.5218    -0.1047     0.0494     -0.532 1.0000e-12    5.34945    7.64490  232.76067     0.0805     0.1150      3.503    26.4035    26.3902    312.976    17.6502    36.3637 3.2587e-07       32.6 3.1877e-06       1.02 0.0000e+00
    314.000    311.983    17.7100   4.733050     0.5214    -0.0031     0.0510     -1.055 1.0000e-12    5.34884    7.64403  232.73446     0.0794     0.1134      3.454    26.4026    26.3893    311.983    17.6560    36.3644 4.2209e-07       42.2 4.1289e-06       1.16 0.0000e+00
    313.000    310.990    17.7121   4.733305     0.5216     0.0141     0.0519     -0.609 1.0000e-12    5.34860    7.64369  232.72405     0.0799     0.1142      3.476    26.4026    26.3894    310.990    17.6583    36.3651 4.8150e-07       48.2 4.7100e-06       1.24 0.0000e+00
    312.000    309.997    17.7183   4.734025     0.5218    -0.0894     0.0542     -0.384 1.0000e-12    5.34793    7.64273  232.69514     0.0804     0.1150      3.501    26.4019    26.3887    309.998    17.6647    36.3662 5.1023e-07       51.0 4.9911e-06       1.28 0.0000e+00
    311.000    309.005    17.7235   4.734630     0.5217    -0.0891     0.0562     -0.826 1.0000e-12    5.34737    7.64192  232.67062     0.0801     0.1144      3.484    26.4013    26.3881    309.005    17.6700    36.3671 5.2026e-07       52.0 5.0892e-06       1.29 0.0000e+00
    310.000    308.012    17.7284   4.735199     0.5218    -0.0284     0.0643     -0.724 1.0000e-12    5.34684    7.64117  232.64791     0.0804     0.1149      3.498    26.4007    26.3876    308.012    17.6751    36.3681 5.1920e-07       51.9 5.0788e-06       1.29 0.0000e+00
    309.000    307.019    17.7351   4.735968     0.5215    -0.0102     0.0658     -0.931 1.0000e-12    5.34612    7.64014  232.61679     0.0796     0.1138      3.466    26.3998    26.3868    307.019    17.6820    36.3691 4.9428e-07       49.4 4.8351e-06       1.26 0.0000e+00
    308.000    306.026    17.7390   4.736427     0.5219     0.0589     0.0641     -1.385 1.0000e-12    5.34570    7.63953  232.59825     0.0806     0.1151      3.506    26.3995    26.3865    306.026    17.6860    36.3700 4.8163e-07       48.2 4.7113e-06       1.24 0.0000e+00
    307.000    305.033    17.7402   4.736563     0.5230    -0.0162     0.0647     -0.693 1.0000e-12    5.34555    7.63933  232.59211     0.0834     0.1192      3.629    26.3995    26.3865    305.033    17.6874    36.3704 4.2975e-07       43.0 4.2038e-06       1.17 0.0000e+00
    306.000    304.041    17.7464   4.737339     0.5247    -0.0511     0.0671     -0.427 1.0000e-12    5.34488    7.63836  232.56266     0.0876     0.1252      3.811    26.3992    26.3862    304.040    17.6938    36.3720 4.5315e-07       45.3 4.4327e-06       1.21 0.0000e+00
    305.000    303.048    17.7530   4.738092     0.5256     0.0149     0.0706     -0.705 1.0000e-12    5.34417    7.63735  232.53206     0.0900     0.1286      3.913    26.3982    26.3853    303.048    17.7005    36.3730 4.7118e-07       47.1 4.6091e-06       1.23 0.0000e+00
    304.000    302.055    17.7538   4.738141     0.5270    -0.0555     0.0682     -0.853 1.0000e-12    5.34408    7.63722  232.52829     0.0935     0.1336      4.067    26.3981    26.3852    302.055    17.7015    36.3731 4.7387e-07       47.4 4.6354e-06       1.23 0.0000e+00
    303.000    301.062    17.7554   4.738290     0.5336    -0.0016     0.0643     -0.485 1.0000e-12    5.34391    7.63699  232.52115     0.1102     0.1575      4.794    26.3978    26.3850    301.062    17.7033    36.3733 4.8602e-07       48.6 4.7543e-06       1.25 0.0000e+00
    302.000    300.069    17.7635   4.739380     0.5423     0.0383     0.0610     -0.438 1.0000e-12    5.34301    7.63569  232.48154     0.1324     0.1892      5.762    26.3978    26.3849    300.069    17.7115    36.3759 4.7313e-07       47.3 4.6281e-06       1.23 0.0000e+00
    301.000    299.076    17.7751   4.740712     0.5426    -0.0014     0.0608     -0.778 1.0000e-12    5.34177    7.63392  232.42814     0.1330     0.1900      5.786    26.3960    26.3832    299.076    17.7233    36.3774 4.3048e-07       43.0 4.2110e-06       1.18 0.0000e+00
    300.000    298.083    17.7759   4.740742     0.5487    -0.0913     0.0558     -0.369 1.0000e-12    5.34169    7.63381  232.42494     0.1485     0.2122      6.461    26.3957    26.3830    298.083    17.7242    36.3773 4.0630e-07       40.6 3.9745e-06       1.14 0.0000e+00
    299.000    297.090    17.7787   4.741065     0.5574    -0.0380     0.0470     -0.582 1.0000e-12    5.34138    7.63337  232.41147     0.1707     0.2439      7.426    26.3955    26.3828    297.090    17.7272    36.3780 3.9145e-07       39.1 3.8292e-06       1.12 0.0000e+00
    298.000    296.097    17.7795   4.741122     0.5587     0.1506     0.0467     -1.102 1.0000e-12    5.34129    7.63324  232.40771     0.1738     0.2484      7.563    26.3954    26.3827    296.097    17.7282    36.3781 3.4808e-07       34.8 3.4049e-06       1.06 0.0000e+00
    297.000    295.105    17.7817   4.741400     0.5605     0.0306     0.0478     -1.423 1.0000e-12    5.34104    7.63289  232.39675     0.1783     0.2548      7.758    26.3954    26.3828    295.104    17.7305    36.3789 2.9895e-07       29.9 2.9243e-06       0.98 0.0000e+00
    296.000    294.112    17.7843   4.741702     0.5661     0.1101     0.0487     -0.008 1.0000e-12    5.34076    7.63248  232.38436     0.1924     0.2750      8.373    26.3953    26.3827    294.112    17.7333    36.3796 2.3954e-07       24.0 2.3432e-06       0.88 0.0000e+00
    295.000    293.118    17.7888   4.742167     0.5671     0.0529     0.0492     -0.853 1.0000e-12    5.34029    7.63180  232.36407     0.1952     0.2789      8.492    26.3944    26.3819    293.119    17.7380    36.3800 2.8761e-07       28.8 2.8134e-06       0.96 0.0000e+00
    294.000    292.126    17.7902   4.742314     0.5683    -0.0793     0.0467     -1.230 1.0000e-12    5.34013    7.63158  232.35717     0.1980     0.2829      8.614    26.3943    26.3818    292.126    17.7395    36.3804 3.3412e-07       33.4 3.2684e-06       1.04 0.0000e+00
    293.000    291.133    17.7915   4.742465     0.5705     0.0509     0.0423     -0.570 1.0000e-12    5.33998    7.63136  232.35072     0.2037     0.2910      8.861    26.3944    26.3819    291.133    17.7410    36.3809 3.9209e-07       39.2 3.8354e-06       1.12 0.0000e+00
    292.000    290.140    17.7941   4.742751     0.5731    -0.0878     0.0442     -0.504 1.0000e-12    5.33970    7.63097  232.33863     0.2100     0.3002      9.140    26.3941    26.3817    290.140    17.7438    36.3814 4.4668e-07       44.7 4.3694e-06       1.20 0.0000e+00
    291.000    289.147    17.7973   4.743090     0.5735    -0.0716     0.0436     -0.827 1.0000e-12    5.33935    7.63047  232.32377     0.2111     0.3017      9.187    26.3936    26.3812    289.147    17.7472    36.3819 4.5421e-07       45.4 4.4431e-06       1.21 0.0000e+00
    290.000    288.154    17.8013   4.743447     0.5762     0.0491     0.0419     -0.588 1.0000e-12    5.33896    7.62990  232.30657     0.2179     0.3114      9.481    26.3925    26.3801    288.154    17.7513    36.3818 4.4858e-07       44.9 4.3880e-06       1.20 0.0000e+00
    289.000    287.161    17.8094   4.744508     0.5814    -0.0671     0.0427     -0.549 1.0000e-12    5.33806    7.62861  232.26746     0.2310     0.3301     10.050    26.3922    26.3799    287.161    17.7596    36.3841 4.7434e-07       47.4 4.6400e-06       1.23 0.0000e+00
    288.000    286.168    17.8134   4.744924     0.5835    -0.1111     0.0423     -0.496 1.0000e-12    5.33763    7.62800  232.24910     0.2365     0.3379     10.288    26.3915    26.3792    286.168    17.7637    36.3845 4.7645e-07       47.6 4.6607e-06       1.24 0.0000e+00
    287.000    285.175    17.8167   4.745276     0.5841     0.0207     0.0427     -1.062 1.0000e-12    5.33728    7.62751  232.23416     0.2378     0.3397     10.345    26.3910    26.3788    285.175    17.7672    36.3849 4.4575e-07       44.6 4.3603e-06       1.20 0.0000e+00
    286.000    284.182    17.8182   4.745462     0.5842     0.0015     0.0430     -0.805 1.0000e-12    5.33710    7.62725  232.22634     0.2381     0.3403     10.361    26.3911    26.3789    284.182    17.7689    36.3856 3.7704e-07       37.7 3.6882e-06       1.10 0.0000e+00
    285.000    283.189    17.8212   4.745784     0.5850    -0.0726     0.0440     -0.492 1.0000e-12    5.33679    7.62681  232.21272     0.2400     0.3430     10.443    26.3907    26.3785    283.189    17.7720    36.3861 3.2939e-07       32.9 3.2221e-06       1.03 0.0000e+00
    284.000    282.196    17.8238   4.746020     0.5857     0.0780     0.0445     -0.834 1.0000e-12    5.33652    7.62642  232.20114     0.2417     0.3454     10.517    26.3900    26.3779    282.196    17.7748    36.3862 3.2297e-07       32.3 3.1593e-06       1.02 0.0000e+00
    283.000    281.203    17.8256   4.746201     0.5873     0.0027     0.0453     -0.794 1.0000e-12    5.33632    7.62614  232.19257     0.2458     0.3513     10.697    26.3898    26.3778    281.203    17.7768    36.3865 3.1257e-07       31.3 3.0576e-06       1.00 0.0000e+00
    282.000    280.210    17.8269   4.746313     0.5891     0.1422     0.0428     -0.650 1.0000e-12    5.33618    7.62594  232.18659     0.2502     0.3576     10.886    26.3896    26.3776    280.210    17.7783    36.3867 3.0359e-07       30.4 2.9698e-06       0.99 0.0000e+00
    281.000    279.217    17.8291   4.746625     0.5903     0.0331     0.0443     -0.911 1.0000e-12    5.33593    7.62557  232.17544     0.2533     0.3619     11.020    26.3899    26.3779    279.217    17.7806    36.3878 3.5390e-07       35.4 3.4618e-06       1.07 0.0000e+00
    280.000    278.224    17.8339   4.747149     0.5915     0.0015     0.0473     -0.626 1.0000e-12    5.33541    7.62484  232.15320     0.2561     0.3661     11.145    26.3891    26.3772    278.224    17.7856    36.3884 4.0185e-07       40.2 3.9309e-06       1.14 0.0000e+00
    279.000    277.232    17.8367   4.747423     0.5912     0.0484     0.0506     -0.478 1.0000e-12    5.33512    7.62442  232.14063     0.2555     0.3651     11.115    26.3886    26.3767    277.231    17.7886    36.3887 3.8979e-07       39.0 3.8129e-06       1.12 0.0000e+00
    278.000    276.239    17.8370   4.747383     0.5912     0.0308     0.0477     -0.955 1.0000e-12    5.33510    7.62439  232.13986     0.2554     0.3650     11.111    26.3883    26.3764    276.238    17.7890    36.3884 3.7484e-07       37.5 3.6667e-06       1.10 0.0000e+00
