CTD_data/C224_1.cnv
* Sea-Bird SBE 25 Data File:
* FileName = C:\CTD_Data\C224\C224_1.hex
* Software Version Seasave V 7.19
* Temperature SN = 4430
* Conductivity SN = 3138
* System UpLoad Time = Nov 14 2015 21:47:33
** Ship: Gines
** Station: Cariaco
** Operator: alberto rosales
** Latitude:
** Longitude:
** 1er Perfil
# nquan = 25                                
# nvalues = 797                         
# units = specified
# name 0 = prSM: Pressure, Strain Gauge [db]
# name 1 = depSM: Depth [salt water, m], lat = 10.50
# name 2 = t090C: Temperature [ITS-90, deg C]
# name 3 = c0S/m: Conductivity [S/m]
# name 4 = sbeox0V: Oxygen raw, SBE 43 [V]
# name 5 = flECO-AFL: Fluorescence, WET Labs ECO-AFL/FL [mg/m^3]
# name 6 = bat: Beam Attenuation, Chelsea/Seatech [1/m]
# name 7 = dz/dtM: Descent Rate [m/s]
# name 8 = par: PAR/Irradiance, Biospherical/Licor
# name 9 = oxsatML/L: Oxygen Saturation, Weiss [ml/l]
# name 10 = oxsatMg/L: Oxygen Saturation, Weiss [mg/l]
# name 11 = oxsatMm/Kg: Oxygen Saturation, Weiss [umol/kg]
# name 12 = sbeox0ML/L: Oxygen, SBE 43 [ml/l], WS = 2
# name 13 = sbeox0Mg/L: Oxygen, SBE 43 [mg/l], WS = 2
# name 14 = sbeox0Mm/Kg: Oxygen, SBE 43 [umol/kg], WS = 2
# name 15 = sigma-é00: Density [sigma-theta, kg/m^3]
# name 16 = sigma-t00: Density [sigma-t, kg/m^3 ]
# name 17 = depSM: Depth [salt water, m], lat = 10.5
# name 18 = potemp090C: Potential Temperature [ITS-90, deg C]
# name 19 = sal00: Salinity, Practical [PSU]
# name 20 = E: stability, E [rad^2/m]
# name 21 = E10^-8: stability, E [10^-8 rad^2/m]
# name 22 = N^2: buoyancy frequency, N^2 [rad^2/s^2]
# name 23 = N: buoyancy frequency, N [cycles/h]
# name 24 = flag: flag
# span 0 =      2.000,    402.000       
# span 1 =      1.989,    399.333       
# span 2 =    17.5509,    26.1199       
# span 3 =   4.717073,   5.676105       
# span 4 =     0.5214,     2.5591       
# span 5 =    -0.2767,     0.5447       
# span 6 =     0.0322,     0.1589       
# span 7 =     -1.870,      1.598       
# span 8 = 1.0000e-12, 1.0000e-12       
# span 9 =    4.58960,    5.36613       
# span 10 =    6.55899,    7.66874      
# span 11 =  200.09344,  233.48223      
# span 12 =     0.0794,     4.3899      
# span 13 =     0.1134,     6.2736      
# span 14 =      3.454,    191.384      
# span 15 =    24.3784,    26.4227      
# span 16 =    24.3771,    26.4059      
# span 17 =      1.989,    399.333      
# span 18 =    17.4821,    26.1158      
# span 19 =    36.3347,    36.9492      
# span 20 = -2.248e-07, 4.8102e-05      
# span 21 =      -22.5,     4810.2      
# span 22 = -2.199e-06, 4.7054e-04      
# span 23 =      -0.85,      12.43      
# span 24 = 0.0000e+00, 0.0000e+00      
# interval = decibars: 1                
# start_time = Nov 14 2015 21:47:33 [System UpLoad Time]
# bad_flag = -9.990e-29
*END*
[from data line 116]
    122.000    121.272    21.5383   5.184114     1.7115    -0.1118     0.0397      0.648 1.0000e-12    4.96864    7.10068  216.32943     2.8306     4.0452    123.240    25.7478    25.7411    121.273    21.5143    36.8331 1.9874e-05     1987.4 1.9441e-04       7.99 0.0000e+00
    123.000    122.266    21.4389   5.172617     1.7013     0.0455     0.0373      0.440 1.0000e-12    4.97773    7.11367  216.72032     2.8121     4.0188    122.435    25.7701    25.7634    122.266    21.4148    36.8259 1.9014e-05     1901.4 1.8600e-04       7.81 0.0000e+00
    124.000    123.260    21.3572   5.163060     1.6880    -0.0074     0.0365      0.243 1.0000e-12    4.98525    7.12441  217.04405     2.7855     3.9807    121.272    25.7875    25.7808    123.260    21.3330    36.8190 1.8756e-05     1875.6 1.8347e-04       7.76 0.0000e+00
    125.000    124.253    21.2665   5.152496     1.6770    -0.1107     0.0364      0.247 1.0000e-12    4.99362    7.13638  217.40427     2.7647     3.9511    120.366    25.8071    25.8004    124.254    21.2422    36.8117 2.0122e-05     2012.2 1.9684e-04       8.04 0.0000e+00
    126.000    125.247    21.1851   5.143240     1.6633    -0.0526     0.0349      0.421 1.0000e-12    5.00109    7.14706  217.72589     2.7370     3.9115    119.159    25.8260    25.8192    125.248    21.1606    36.8069 2.2455e-05     2245.5 2.1966e-04       8.49 0.0000e+00
    127.000    126.241    21.1102   5.134516     1.6475    -0.0685     0.0355      0.292 1.0000e-12    5.00805    7.15701  218.02539     2.7040     3.8644    117.721    25.8419    25.8352    126.241    21.0856    36.8007 2.4162e-05     2416.2 2.3635e-04       8.81 0.0000e+00
    128.000    127.235    21.0265   5.124647     1.6284    -0.1613     0.0344      0.418 1.0000e-12    5.01587    7.16818  218.36216     2.6637     3.8067    115.964    25.8590    25.8522    127.235    21.0018    36.7928 2.5698e-05     2569.8 2.5138e-04       9.08 0.0000e+00
    129.000    128.229    20.9240   5.112052     1.5803    -0.0461     0.0357      0.187 1.0000e-12    5.02561    7.18210  218.78230     2.5560     3.6528    111.272    25.8766    25.8698    128.229    20.8992    36.7790 2.6951e-05     2695.1 2.6363e-04       9.30 0.0000e+00
    130.000    129.222    20.6661   5.081042     1.5225     0.0643     0.0364      0.426 1.0000e-12    5.05008    7.21707  219.83736     2.4320     3.4756    105.870    25.9247    25.9180    129.222    20.6413    36.7498 2.7242e-05     2724.2 2.6648e-04       9.35 0.0000e+00
    131.000    130.216    20.4107   5.051672     1.4942    -0.0007     0.0377      0.396 1.0000e-12    5.07422    7.25157  220.87649     2.3764     3.3960    103.440    25.9796    25.9730    130.216    20.3859    36.7313 2.7097e-05     2709.7 2.6507e-04       9.33 0.0000e+00
    132.000    131.210    20.2979   5.038486     1.4671    -0.0400     0.0393      0.628 1.0000e-12    5.08502    7.26700  221.34158     2.3173     3.3116    100.866    26.0021    25.9955    131.210    20.2730    36.7210 2.6385e-05     2638.5 2.5810e-04       9.20 0.0000e+00
    133.000    132.204    20.2032   5.027474     1.4462    -0.0420     0.0429      0.394 1.0000e-12    5.09411    7.27999  221.73315     2.2717     3.2465     98.881    26.0212    26.0145    132.204    20.1782    36.7126 2.4374e-05     2437.4 2.3843e-04       8.85 0.0000e+00
    134.000    133.198    20.0867   5.013639     1.4301    -0.0354     0.0451      0.283 1.0000e-12    5.10540    7.29612  222.21985     2.2385     3.1991     97.436    26.0427    26.0360    133.197    20.0616    36.7000 2.1208e-05     2120.8 2.0746e-04       8.25 0.0000e+00
    135.000    134.191    20.0187   5.005512     1.4205     0.0204     0.0470      0.377 1.0000e-12    5.11203    7.30561  222.50611     2.2186     3.1706     96.565    26.0547    26.0480    134.191    19.9935    36.6920 1.6960e-05     1696.0 1.6591e-04       7.38 0.0000e+00
    136.000    135.184    19.9131   4.993145     1.4030    -0.0178     0.0477      0.563 1.0000e-12    5.12230    7.32028  222.94851     2.1814     3.1175     94.947    26.0750    26.0683    135.185    19.8878    36.6817 1.3409e-05     1340.9 1.3116e-04       6.56 0.0000e+00
    137.000    136.178    19.8242   4.982973     1.3957     0.0178     0.0527      0.595 1.0000e-12    5.13091    7.33258  223.31927     2.1676     3.0978     94.344    26.0934    26.0867    136.178    19.7988    36.6749 1.1685e-05     1168.5 1.1430e-04       6.13 0.0000e+00
    138.000    137.171    19.7974   4.979924     1.3898    -0.0434     0.0554      0.296 1.0000e-12    5.13352    7.33631  223.43167     2.1548     3.0794     93.784    26.0989    26.0921    137.172    19.7718    36.6728 1.0118e-05     1011.8 9.8971e-05       5.70 0.0000e+00
    139.000    138.165    19.7671   4.976357     1.3921     0.0002     0.0537      0.471 1.0000e-12    5.13650    7.34056  223.55997     2.1618     3.0895     94.091    26.1043    26.0975    138.166    19.7414    36.6694 8.8806e-06      888.1 8.6870e-05       5.34 0.0000e+00
    140.000    139.159    19.7503   4.974574     1.4005    -0.0058     0.0513      0.333 1.0000e-12    5.13811    7.34287  223.62914     2.1828     3.1195     95.005    26.1084    26.1016    139.159    19.7244    36.6689 8.8663e-06      886.6 8.6730e-05       5.34 0.0000e+00
    141.000    140.153    19.7217   4.971049     1.3983    -0.0685     0.0487      0.260 1.0000e-12    5.14096    7.34695  223.75257     2.1791     3.1141     94.839    26.1125    26.1057    140.153    19.6957    36.6643 9.6728e-06      967.3 9.4620e-05       5.57 0.0000e+00
    142.000    141.147    19.6608   4.964045     1.3929     0.0358     0.0467      0.600 1.0000e-12    5.14692    7.35546  224.00924     2.1687     3.0993     94.387    26.1247    26.1178    141.147    19.6346    36.6592 1.0758e-05     1075.8 1.0524e-04       5.88 0.0000e+00
    143.000    142.140    19.6285   4.960202     1.3835    -0.0298     0.0453      0.284 1.0000e-12    5.15012    7.36003  224.14719     2.1477     3.0693     93.474    26.1302    26.1232    142.140    19.6022    36.6552 1.1797e-05     1179.7 1.1540e-04       6.15 0.0000e+00
    144.000    143.134    19.5517   4.950565     1.3774    -0.0262     0.0451      0.580 1.0000e-12    5.15786    7.37110  224.48199     2.1363     3.0530     92.978    26.1403    26.1334    143.134    19.5253    36.6420 1.2521e-05     1252.1 1.2248e-04       6.34 0.0000e+00
    145.000    144.127    19.4106   4.933899     1.3334    -0.0616     0.0404      0.251 1.0000e-12    5.17187    7.39111  225.08607     2.0359     2.9095     88.604    26.1654    26.1585    144.128    19.3841    36.6266 1.3114e-05     1311.4 1.2828e-04       6.49 0.0000e+00
    146.000    145.121    19.2541   4.915537     1.3198    -0.0233     0.0367      0.442 1.0000e-12    5.18746    7.41340  225.75861     2.0091     2.8712     87.436    26.1938    26.1869    145.121    19.2276    36.6104 1.3168e-05     1316.8 1.2881e-04       6.50 0.0000e+00
    147.000    146.115    19.2063   4.910134     1.3121    -0.0699     0.0363      0.424 1.0000e-12    5.19219    7.42016  225.96236     1.9923     2.8472     86.705    26.2035    26.1966    146.115    19.1797    36.6068 1.2544e-05     1254.4 1.2271e-04       6.35 0.0000e+00
    148.000    147.108    19.1911   4.908352     1.2997     0.0328     0.0354      0.248 1.0000e-12    5.19373    7.42235  226.02850     1.9631     2.8054     85.433    26.2060    26.1991    147.108    19.1643    36.6049 1.1542e-05     1154.2 1.1291e-04       6.09 0.0000e+00
    149.000    148.102    19.1321   4.901197     1.2955    -0.0108     0.0357      0.443 1.0000e-12    5.19971    7.43091  226.28703     1.9554     2.7945     85.098    26.2149    26.2079    148.102    19.1052    36.5965 9.7822e-06      978.2 9.5689e-05       5.60 0.0000e+00
    150.000    149.096    19.0602   4.892946     1.2953     0.0011     0.0355      0.536 1.0000e-12    5.20690    7.44117  226.59663     1.9576     2.7976     85.191    26.2287    26.2217    149.096    19.0332    36.5902 7.5137e-06      751.4 7.3499e-05       4.91 0.0000e+00
    151.000    150.089    19.0192   4.888281     1.3045    -0.0462     0.0373      0.271 1.0000e-12    5.21100    7.44704  226.77346     1.9818     2.8322     86.245    26.2367    26.2297    150.089    18.9920    36.5868 5.8117e-06      581.2 5.6850e-05       4.32 0.0000e+00
    152.000    151.082    18.9879   4.884671     1.3087    -0.1606     0.0384      0.235 1.0000e-12    5.21415    7.45154  226.90941     1.9934     2.8488     86.749    26.2424    26.2353    151.083    18.9606    36.5837 4.9815e-06      498.2 4.8730e-05       4.00 0.0000e+00
    153.000    152.076    18.9781   4.883759     1.3107    -0.0963     0.0383      0.472 1.0000e-12    5.21509    7.45288  226.94944     1.9988     2.8565     86.985    26.2454    26.2383    152.076    18.9506    36.5843 4.2036e-06      420.4 4.1120e-05       3.67 0.0000e+00
    154.000    153.070    18.9745   4.883402     1.3113    -0.0462     0.0391      0.551 1.0000e-12    5.21545    7.45340  226.96497     2.0006     2.8591     87.062    26.2462    26.2391    153.070    18.9468    36.5841 3.2355e-06      323.6 3.1650e-05       3.22 0.0000e+00
    155.000    154.064    18.9710   4.882906     1.3104    -0.1425     0.0393      0.322 1.0000e-12    5.21584    7.45395  226.98185     1.9988     2.8564     86.982    26.2460    26.2389    154.064    18.9431    36.5826 2.4408e-06      244.1 2.3876e-05       2.80 0.0000e+00
    156.000    155.058    18.9477   4.880113     1.3103    -0.0887     0.0388      0.318 1.0000e-12    5.21822    7.45735  227.08460     1.9999     2.8580     87.028    26.2495    26.2423    155.057    18.9197    36.5793 2.1963e-06      219.6 2.1484e-05       2.66 0.0000e+00
    157.000    156.051    18.9391   4.879234     1.3083    -0.0243     0.0401      0.273 1.0000e-12    5.21906    7.45856  227.12092     1.9955     2.8517     86.839    26.2516    26.2444    156.051    18.9109    36.5791 2.1846e-06      218.5 2.1370e-05       2.65 0.0000e+00
    158.000    157.044    18.9269   4.877676     1.3005    -0.0095     0.0391      0.167 1.0000e-12    5.22034    7.46039  227.17640     1.9771     2.8254     86.037    26.2527    26.2454    157.044    18.8985    36.5764 2.3110e-06      231.1 2.2606e-05       2.72 0.0000e+00
    159.000    158.038    18.9115   4.875896     1.2928    -0.0894     0.0394      0.358 1.0000e-12    5.22191    7.46262  227.24386     1.9591     2.7998     85.256    26.2554    26.2480    158.038    18.8830    36.5746 2.4145e-06      241.4 2.3618e-05       2.78 0.0000e+00
    160.000    159.032    18.8850   4.872566     1.2796    -0.0090     0.0397      0.226 1.0000e-12    5.22465    7.46655  227.36289     1.9282     2.7556     83.910    26.2583    26.2510    159.031    18.8563    36.5696 2.4162e-06      241.6 2.3635e-05       2.79 0.0000e+00
    161.000    160.025    18.8553   4.868997     1.2714    -0.0618     0.0403      0.519 1.0000e-12    5.22770    7.47091  227.49448     1.9093     2.7286     83.088    26.2627    26.2554    160.025    18.8265    36.5653 2.3783e-06      237.8 2.3264e-05       2.76 0.0000e+00
    162.000    161.019    18.8393   4.867089     1.2613     0.0015     0.0399      0.237 1.0000e-12    5.22934    7.47325  227.56545     1.8854     2.6944     82.048    26.2651    26.2577    161.019    18.8103    36.5630 2.5069e-06      250.7 2.4522e-05       2.84 0.0000e+00
    163.000    162.012    18.8291   4.865951     1.2571    -0.0727     0.0387      0.350 1.0000e-12    5.23037    7.47473  227.60982     1.8758     2.6806     81.627    26.2670    26.2595    162.012    18.8000    36.5620 2.5991e-06      259.9 2.5424e-05       2.89 0.0000e+00
    164.000    163.006    18.8222   4.865114     1.2524    -0.0118     0.0391      0.307 1.0000e-12    5.23109    7.47575  227.64092     1.8648     2.6649     81.149    26.2678    26.2603    163.006    18.7929    36.5607 2.6190e-06      261.9 2.5619e-05       2.90 0.0000e+00
    165.000    163.999    18.8103   4.863633     1.2409     0.0360     0.0401      0.328 1.0000e-12    5.23234    7.47754  227.69491     1.8372     2.6256     79.950    26.2691    26.2615    163.999    18.7808    36.5583 2.7800e-06      278.0 2.7194e-05       2.99 0.0000e+00
    166.000    164.993    18.7772   4.859497     1.2152    -0.0322     0.0393      0.205 1.0000e-12    5.23578    7.48245  227.84390     1.7757     2.5377     77.274    26.2729    26.2654    164.993    18.7476    36.5523 2.8908e-06      289.1 2.8278e-05       3.05 0.0000e+00
    167.000    165.986    18.7430   4.855363     1.2038    -0.0716     0.0398      0.321 1.0000e-12    5.23931    7.48749  227.99608     1.7492     2.4998     76.120    26.2778    26.2702    165.986    18.7132    36.5472 2.9823e-06      298.2 2.9173e-05       3.09 0.0000e+00
    168.000    166.980    18.7276   4.853555     1.1952    -0.0987     0.0410      0.747 1.0000e-12    5.24089    7.48975  228.06438     1.7288     2.4706     75.230    26.2802    26.2726    166.980    18.6977    36.5451 3.0952e-06      309.5 3.0278e-05       3.15 0.0000e+00
    169.000    167.974    18.7028   4.850441     1.1683    -0.0246     0.0409      0.314 1.0000e-12    5.24348    7.49346  228.17664     1.6637     2.3776     72.400    26.2829    26.2753    167.973    18.6727    36.5404 3.0651e-06      306.5 2.9983e-05       3.14 0.0000e+00
    170.000    168.967    18.6615   4.845480     1.1592    -0.0772     0.0401      0.469 1.0000e-12    5.24774    7.49955  228.36079     1.6429     2.3479     71.493    26.2890    26.2813    168.967    18.6313    36.5345 2.9181e-06      291.8 2.8545e-05       3.06 0.0000e+00
    171.000    169.960    18.6487   4.843976     1.1476    -0.0483     0.0400      0.378 1.0000e-12    5.24906    7.50143  228.41773     1.6151     2.3082     70.283    26.2910    26.2832    169.960    18.6183    36.5328 2.6823e-06      268.2 2.6238e-05       2.93 0.0000e+00
    172.000    170.954    18.6350   4.842177     1.1311    -0.0730     0.0405      0.116 1.0000e-12    5.25052    7.50352  228.48124     1.5751     2.2510     68.542    26.2918    26.2840    170.954    18.6045    36.5293 2.5383e-06      253.8 2.4830e-05       2.86 0.0000e+00
    173.000    171.948    18.6140   4.839731     1.1219    -0.0358     0.0400      0.340 1.0000e-12    5.25268    7.50661  228.57439     1.5533     2.2199     67.594    26.2953    26.2875    171.947    18.5833    36.5268 2.5394e-06      253.9 2.4840e-05       2.86 0.0000e+00
    174.000    172.941    18.6054   4.838635     1.1187    -0.0112     0.0402      0.790 1.0000e-12    5.25360    7.50792  228.61421     1.5459     2.2092     67.270    26.2959    26.2881    172.941    18.5745    36.5247 2.4632e-06      246.3 2.4095e-05       2.81 0.0000e+00
    175.000    173.934    18.5874   4.836435     1.1048     0.0691     0.0401      0.399 1.0000e-12    5.25548    7.51061  228.69557     1.5126     2.1616     65.820    26.2982    26.2903    173.934    18.5564    36.5216 2.5024e-06      250.2 2.4478e-05       2.83 0.0000e+00
    176.000    174.928    18.5691   4.834253     1.0947    -0.0562     0.0392      0.626 1.0000e-12    5.25738    7.51332  228.77753     1.4883     2.1270     64.766    26.3008    26.2929    174.928    18.5379    36.5189 2.6213e-06      262.1 2.5641e-05       2.90 0.0000e+00
    177.000    175.921    18.5415   4.830893     1.0760    -0.0604     0.0372      0.271 1.0000e-12    5.26026    7.51743  228.90196     1.4432     2.0625     62.803    26.3044    26.2965    175.921    18.5102    36.5145 2.7507e-06      275.1 2.6908e-05       2.97 0.0000e+00
    178.000    176.914    18.5190   4.828266     1.0542    -0.0198     0.0364      0.111 1.0000e-12    5.26257    7.52074  229.00189     1.3901     1.9866     60.491    26.3081    26.3001    176.915    18.4875    36.5118 2.7767e-06      277.7 2.7162e-05       2.99 0.0000e+00
