CTD_data/C224_3.cnv
* Sea-Bird SBE 25 Data File:
* FileName = C:\CTD_Data\C224\C224_3.hex
* Software Version Seasave V 7.19
* Temperature SN = 4430
* Conductivity SN = 3138
* System UpLoad Time = Nov 15 2015 07:31:40
** Ship: Hno  gines
** Station: CARIACO
** Operator: Alberto Rosales
** Latitude:
** Longitude:
** 3er cast
# nquan = 25                                
# nvalues = 2599                        
# units = specified
# name 0 = prSM: Pressure, Strain Gauge [db]
# name 1 = depSM: Depth [salt water, m], lat = 10.50
# name 2 = t090C: Temperature [ITS-90, deg C]
# name 3 = c0S/m: Conductivity [S/m]
# name 4 = sbeox0V: Oxygen raw, SBE 43 [V]
# name 5 = flECO-AFL: Fluorescence, WET Labs ECO-AFL/FL [mg/m^3]
# name 6 = bat: Beam Attenuation, Chelsea/Seatech [1/m]
# name 7 = dz/dtM: Descent Rate [m/s]
# name 8 = par: PAR/Irradiance, Biospherical/Licor
# name 9 = oxsatML/L: Oxygen Saturation, Weiss [ml/l]
# name 10 = oxsatMg/L: Oxygen Saturation, Weiss [mg/l]
# name 11 = oxsatMm/Kg: Oxygen Saturation, Weiss [umol/kg]
# name 12 = sbeox0ML/L: Oxygen, SBE 43 [ml/l], WS = 2
# name 13 = sbeox0Mg/L: Oxygen, SBE 43 [mg/l], WS = 2
# name 14 = sbeox0Mm/Kg: Oxygen, SBE 43 [umol/kg], WS = 2
# name 15 = sigma-é00: Density [sigma-theta, kg/m^3]
# name 16 = sigma-t00: Density [sigma-t, kg/m^3 ]
# name 17 = depSM: Depth [salt water, m], lat = 10.5
# name 18 = potemp090C: Potential Temperature [ITS-90, deg C]
# name 19 = sal00: Salinity, Practical [PSU]
# name 20 = E: stability, E [rad^2/m]
# name 21 = E10^-8: stability, E [10^-8 rad^2/m]
# name 22 = N^2: buoyancy frequency, N^2 [rad^2/s^2]
# name 23 = N: buoyancy frequency, N [cycles/h]
# name 24 = flag: flag
# span 0 =      2.000,   1301.000       
# span 1 =      1.988,   1289.594       
# span 2 =    17.2603,    25.9498       
# span 3 =   4.693854,   5.655644       
# span 4 =     0.5212,     2.5166       
# span 5 =    -0.2517,    30.4289       
# span 6 =    55.2620,    55.2620       
# span 7 =     -1.547,      1.376       
# span 8 = 1.0000e-12, 1.0000e-12       
# span 9 =    4.60289,    5.39843       
# span 10 =    6.57800,    7.71490      
# span 11 =  200.66415,  234.87941      
# span 12 =     0.0811,     4.3102      
# span 13 =     0.1159,     6.1597      
# span 14 =      3.530,    187.899      
# span 15 =    24.4247,    26.4614      
# span 16 =    24.4245,    26.4268      
# span 17 =      1.989,   1289.594      
# span 18 =    17.0784,    25.9494      
# span 19 =    36.2574,    36.9734      
# span 20 = -4.271e-08, 5.6105e-05      
# span 21 =       -4.3,     5610.5      
# span 22 = -4.178e-07, 5.4882e-04      
# span 23 =      -0.37,      13.42      
# span 24 = 0.0000e+00, 0.0000e+00      
# interval = decibars: 1                
# start_time = Nov 15 2015 07:31:40 [System UpLoad Time]
# bad_flag = -9.990e-29
*END*
[from data line 1334]
   1266.000   1255.006    17.2984   4.719320     0.5214    -0.0982    55.2620     -0.174 1.0000e-12    5.39475    7.70964  234.71855     0.0903     0.1290      3.927    26.4611    26.4083   1255.005    17.0797    36.2580 1.2788e-08        1.3 1.2509e-07       0.20 0.0000e+00
   1265.000   1254.017    17.2984   4.719257     0.5220    -0.1141    55.2620     -0.785 1.0000e-12    5.39475    7.70965  234.71891     0.0918     0.1312      3.994    26.4609    26.4081   1254.017    17.0799    36.2578 7.0939e-09        0.7 6.9393e-08       0.15 0.0000e+00
   1264.000   1253.029    17.2981   4.719201     0.5214    -0.0644    55.2620     -1.105 1.0000e-12    5.39478    7.70968  234.72006     0.0902     0.1290      3.926    26.4611    26.4083   1253.029    17.0798    36.2579 8.3923e-09        0.8 8.2094e-08       0.16 0.0000e+00
   1263.000   1252.040    17.2979   4.719154     0.5218    -0.1001    55.2620     -0.340 1.0000e-12    5.39480    7.70971  234.72081     0.0914     0.1306      3.976    26.4612    26.4085   1252.040    17.0798    36.2581 1.1539e-08        1.2 1.1288e-07       0.19 0.0000e+00
   1262.000   1251.052    17.2977   4.719076     0.5220    -0.1095    55.2620     -0.674 1.0000e-12    5.39482    7.70974  234.72174     0.0919     0.1314      3.999    26.4611    26.4084   1251.052    17.0797    36.2579 6.3251e-09        0.6 6.1872e-08       0.14 0.0000e+00
   1261.000   1250.064    17.2975   4.719007     0.5216    -0.1003    55.2620     -0.751 1.0000e-12    5.39485    7.70978  234.72285     0.0908     0.1297      3.949    26.4610    26.4084   1250.064    17.0797    36.2579 -4.047e-10       -0.0 -3.959e-09      -0.04 0.0000e+00
   1260.000   1249.075    17.2974   4.718957     0.5215    -0.1050    55.2620     -0.671 1.0000e-12    5.39486    7.70979  234.72338     0.0905     0.1293      3.936    26.4610    26.4085   1249.075    17.0798    36.2579 -9.360e-09       -0.9 -9.156e-08      -0.17 0.0000e+00
   1259.000   1248.087    17.2971   4.718884     0.5216    -0.1025    55.2620     -0.741 1.0000e-12    5.39489    7.70984  234.72465     0.0908     0.1297      3.950    26.4611    26.4085   1248.087    17.0797    36.2579 -5.071e-09       -0.5 -4.961e-08      -0.13 0.0000e+00
   1258.000   1247.099    17.2970   4.718834     0.5217    -0.0973    55.2620     -0.415 1.0000e-12    5.39490    7.70985  234.72514     0.0908     0.1298      3.951    26.4611    26.4086   1247.099    17.0798    36.2579 -1.543e-09       -0.2 -1.510e-08      -0.07 0.0000e+00
   1257.000   1246.110    17.2969   4.718791     0.5220    -0.1130    55.2620     -0.681 1.0000e-12    5.39491    7.70986  234.72549     0.0916     0.1310      3.988    26.4611    26.4087   1246.110    17.0798    36.2580 -3.030e-09       -0.3 -2.964e-08      -0.10 0.0000e+00
   1256.000   1245.122    17.2969   4.718749     0.5215    -0.1075    55.2620     -0.674 1.0000e-12    5.39491    7.70986  234.72555     0.0903     0.1290      3.926    26.4611    26.4087   1245.122    17.0800    36.2580 -2.010e-09       -0.2 -1.966e-08      -0.08 0.0000e+00
   1255.000   1244.134    17.2968   4.718726     0.5218    -0.1099    55.2620     -0.511 1.0000e-12    5.39491    7.70986  234.72535     0.0911     0.1302      3.964    26.4612    26.4089   1244.133    17.0801    36.2582 -3.515e-09       -0.4 -3.438e-08      -0.11 0.0000e+00
   1254.000   1243.145    17.2971   4.718717     0.5218    -0.1057    55.2620     -0.446 1.0000e-12    5.39488    7.70982  234.72418     0.0911     0.1302      3.963    26.4611    26.4088   1243.145    17.0806    36.2583 -2.331e-09       -0.2 -2.281e-08      -0.09 0.0000e+00
   1253.000   1242.156    17.2969   4.718649     0.5216    -0.1080    55.2620     -0.550 1.0000e-12    5.39490    7.70985  234.72499     0.0905     0.1293      3.936    26.4611    26.4088   1242.157    17.0805    36.2582 4.4589e-09        0.4 4.3617e-08       0.12 0.0000e+00
   1252.000   1241.168    17.2967   4.718577     0.5215    -0.1034    55.2620     -0.578 1.0000e-12    5.39492    7.70988  234.72605     0.0903     0.1291      3.931    26.4610    26.4088   1241.168    17.0805    36.2581 6.6477e-09        0.7 6.5028e-08       0.15 0.0000e+00
   1251.000   1240.180    17.2968   4.718562     0.5212    -0.0973    55.2620     -0.573 1.0000e-12    5.39491    7.70986  234.72545     0.0895     0.1279      3.895    26.4611    26.4089   1240.180    17.0808    36.2583 2.4711e-09        0.2 2.4173e-08       0.09 0.0000e+00
   1250.000   1239.191    17.2967   4.718522     0.5216    -0.1095    55.2620     -0.963 1.0000e-12    5.39492    7.70988  234.72586     0.0907     0.1296      3.944    26.4611    26.4090   1239.191    17.0809    36.2584 5.5186e-09        0.6 5.3983e-08       0.13 0.0000e+00
   1249.000   1238.203    17.2966   4.718469     0.5219    -0.1072    55.2620     -0.677 1.0000e-12    5.39492    7.70988  234.72606     0.0914     0.1306      3.977    26.4611    26.4090   1238.203    17.0810    36.2584 3.7010e-09        0.4 3.6203e-08       0.11 0.0000e+00
   1248.000   1237.215    17.2967   4.718430     0.5220    -0.1003    55.2620     -0.648 1.0000e-12    5.39492    7.70988  234.72589     0.0918     0.1311      3.993    26.4610    26.4089   1237.215    17.0812    36.2583 8.3140e-09        0.8 8.1328e-08       0.16 0.0000e+00
   1247.000   1236.226    17.2964   4.718373     0.5217    -0.1024    55.2620     -0.820 1.0000e-12    5.39495    7.70992  234.72717     0.0908     0.1298      3.952    26.4611    26.4091   1236.226    17.0811    36.2584 6.3630e-09        0.6 6.2243e-08       0.14 0.0000e+00
   1246.000   1235.238    17.2962   4.718313     0.5218    -0.1036    55.2620     -0.550 1.0000e-12    5.39496    7.70994  234.72775     0.0909     0.1300      3.957    26.4612    26.4092   1235.238    17.0811    36.2585 1.1307e-08        1.1 1.1060e-07       0.19 0.0000e+00
   1245.000   1234.249    17.2961   4.718258     0.5215    -0.0958    55.2620     -0.737 1.0000e-12    5.39497    7.70996  234.72841     0.0902     0.1289      3.925    26.4611    26.4092   1234.249    17.0812    36.2584 1.0675e-08        1.1 1.0442e-07       0.19 0.0000e+00
   1244.000   1233.261    17.2964   4.718250     0.5213    -0.1029    55.2620     -0.659 1.0000e-12    5.39494    7.70992  234.72710     0.0896     0.1281      3.901    26.4610    26.4091   1233.261    17.0816    36.2585 1.0917e-08        1.1 1.0679e-07       0.19 0.0000e+00
   1243.000   1232.273    17.2964   4.718205     0.5217    -0.0959    55.2620     -0.744 1.0000e-12    5.39495    7.70992  234.72717     0.0907     0.1296      3.946    26.4610    26.4091   1232.272    17.0818    36.2584 5.6695e-09        0.6 5.5459e-08       0.13 0.0000e+00
   1242.000   1231.284    17.2964   4.718200     0.5216    -0.0938    55.2620     -0.632 1.0000e-12    5.39493    7.70990  234.72653     0.0905     0.1292      3.936    26.4612    26.4094   1231.284    17.0820    36.2587 1.3119e-08        1.3 1.2834e-07       0.21 0.0000e+00
   1241.000   1230.296    17.2962   4.718124     0.5215    -0.1058    55.2620     -0.671 1.0000e-12    5.39496    7.70993  234.72760     0.0902     0.1288      3.922    26.4611    26.4093   1230.296    17.0820    36.2586 1.6464e-08        1.6 1.6105e-07       0.23 0.0000e+00
   1240.000   1229.307    17.2962   4.718085     0.5220    -0.1090    55.2620     -0.666 1.0000e-12    5.39496    7.70993  234.72769     0.0915     0.1309      3.984    26.4610    26.4093   1229.307    17.0822    36.2587 6.6503e-09        0.7 6.5054e-08       0.15 0.0000e+00
   1239.000   1228.319    17.2961   4.718024     0.5217    -0.0976    55.2620     -0.703 1.0000e-12    5.39497    7.70995  234.72829     0.0906     0.1296      3.944    26.4610    26.4093   1228.319    17.0822    36.2586 6.1579e-10        0.1 6.0237e-09       0.04 0.0000e+00
   1238.000   1227.330    17.2958   4.717969     0.5216    -0.1070    55.2620     -0.453 1.0000e-12    5.39500    7.70999  234.72938     0.0903     0.1291      3.930    26.4611    26.4095   1227.330    17.0821    36.2587 -1.003e-09       -0.1 -9.809e-09      -0.06 0.0000e+00
   1237.000   1226.342    17.2958   4.717913     0.5219    -0.0457    55.2620     -0.651 1.0000e-12    5.39500    7.70999  234.72941     0.0911     0.1303      3.965    26.4610    26.4094   1226.342    17.0823    36.2586 4.6186e-09        0.5 4.5180e-08       0.12 0.0000e+00
   1236.000   1225.353    17.2958   4.717875     0.5220    -0.0993    55.2620     -0.361 1.0000e-12    5.39500    7.71000  234.72961     0.0915     0.1308      3.982    26.4610    26.4094   1225.353    17.0825    36.2586 5.5379e-09        0.6 5.4172e-08       0.13 0.0000e+00
   1235.000   1224.364    17.2956   4.717826     0.5219    -0.1116    55.2620     -0.377 1.0000e-12    5.39501    7.71001  234.73013     0.0911     0.1302      3.965    26.4611    26.4096   1224.365    17.0824    36.2588 7.1335e-09        0.7 6.9780e-08       0.15 0.0000e+00
   1234.000   1223.377    17.2954   4.717773     0.5214    -0.0403    55.2620     -0.667 1.0000e-12    5.39503    7.71004  234.73083     0.0899     0.1285      3.912    26.4611    26.4097   1223.376    17.0824    36.2588 -1.892e-09       -0.2 -1.851e-08      -0.08 0.0000e+00
   1233.000   1222.388    17.2954   4.717730     0.5216    -0.0884    55.2620     -0.453 1.0000e-12    5.39504    7.71005  234.73109     0.0902     0.1289      3.925    26.4611    26.4097   1222.388    17.0826    36.2588 2.3924e-09        0.2 2.3402e-08       0.09 0.0000e+00
   1232.000   1221.399    17.2953   4.717675     0.5218    -0.1083    55.2620     -0.532 1.0000e-12    5.39505    7.71006  234.73159     0.0908     0.1298      3.951    26.4610    26.4097   1221.399    17.0827    36.2588 -3.944e-09       -0.4 -3.858e-08      -0.11 0.0000e+00
   1231.000   1220.411    17.2952   4.717610     0.5218    -0.1081    55.2620     -0.785 1.0000e-12    5.39506    7.71008  234.73214     0.0909     0.1300      3.958    26.4609    26.4096   1220.411    17.0828    36.2587 1.4941e-09        0.1 1.4616e-08       0.07 0.0000e+00
   1230.000   1219.422    17.2952   4.717576     0.5217    -0.1017    55.2620     -0.834 1.0000e-12    5.39506    7.71008  234.73217     0.0906     0.1295      3.943    26.4609    26.4097   1219.422    17.0829    36.2588 7.8855e-09        0.8 7.7137e-08       0.16 0.0000e+00
   1229.000   1218.434    17.2949   4.717532     0.5219    -0.0995    55.2620     -0.728 1.0000e-12    5.39508    7.71011  234.73288     0.0911     0.1301      3.963    26.4612    26.4099   1218.434    17.0828    36.2590 4.9460e-09        0.5 4.8381e-08       0.13 0.0000e+00
   1228.000   1217.445    17.2948   4.717451     0.5219    -0.0858    55.2620     -0.713 1.0000e-12    5.39510    7.71013  234.73371     0.0912     0.1303      3.966    26.4609    26.4098   1217.445    17.0829    36.2588 5.3569e-09        0.5 5.2402e-08       0.13 0.0000e+00
   1227.000   1216.456    17.2948   4.717441     0.5216    -0.0091    55.2620     -0.834 1.0000e-12    5.39509    7.71013  234.73354     0.0904     0.1292      3.934    26.4611    26.4100   1216.457    17.0831    36.2590 1.0979e-08        1.1 1.0739e-07       0.19 0.0000e+00
   1226.000   1215.469    17.2948   4.717381     0.5222    -0.0077    55.2620     -0.710 1.0000e-12    5.39510    7.71013  234.73369     0.0920     0.1314      4.001    26.4610    26.4098   1215.468    17.0832    36.2589 1.6601e-08        1.7 1.6239e-07       0.23 0.0000e+00
   1225.000   1214.480    17.2948   4.717348     0.5222    -0.1060    55.2620     -0.856 1.0000e-12    5.39510    7.71013  234.73371     0.0919     0.1313      3.998    26.4610    26.4099   1214.480    17.0834    36.2590 2.6281e-08        2.6 2.5708e-07       0.29 0.0000e+00
   1224.000   1213.491    17.2945   4.717286     0.5219    -0.1088    55.2620     -0.728 1.0000e-12    5.39512    7.71017  234.73485     0.0911     0.1302      3.964    26.4611    26.4100   1213.491    17.0833    36.2590 2.4894e-08        2.5 2.4351e-07       0.28 0.0000e+00
   1223.000   1212.503    17.2944   4.717216     0.5219    -0.1029    55.2620     -0.540 1.0000e-12    5.39514    7.71019  234.73553     0.0910     0.1300      3.959    26.4609    26.4100   1212.503    17.0834    36.2589 1.5822e-08        1.6 1.5477e-07       0.23 0.0000e+00
   1222.000   1211.514    17.2943   4.717158     0.5218    -0.1036    55.2620     -0.778 1.0000e-12    5.39515    7.71021  234.73609     0.0907     0.1296      3.945    26.4609    26.4099   1211.514    17.0835    36.2588 1.4866e-08        1.5 1.4542e-07       0.22 0.0000e+00
   1221.000   1210.526    17.2942   4.717103     0.5222    -0.0859    55.2620     -0.671 1.0000e-12    5.39516    7.71023  234.73658     0.0919     0.1313      3.999    26.4608    26.4099   1210.526    17.0835    36.2588 2.9200e-09        0.3 2.8563e-08       0.10 0.0000e+00
   1220.000   1209.537    17.2941   4.717054     0.5220    -0.1020    55.2620     -0.862 1.0000e-12    5.39517    7.71024  234.73708     0.0914     0.1306      3.975    26.4608    26.4100   1209.537    17.0836    36.2588 4.5301e-09        0.5 4.4314e-08       0.12 0.0000e+00
   1219.000   1208.549    17.2938   4.717001     0.5218    -0.1020    55.2620     -0.845 1.0000e-12    5.39519    7.71027  234.73800     0.0909     0.1299      3.953    26.4610    26.4102   1208.549    17.0835    36.2590 4.3717e-09        0.4 4.2764e-08       0.12 0.0000e+00
   1218.000   1207.560    17.2938   4.716961     0.5219    -0.1018    55.2620     -0.426 1.0000e-12    5.39519    7.71027  234.73797     0.0911     0.1301      3.962    26.4610    26.4102   1207.560    17.0837    36.2590 8.6717e-09        0.9 8.4827e-08       0.17 0.0000e+00
   1217.000   1206.571    17.2937   4.716908     0.5221    -0.1002    55.2620     -0.735 1.0000e-12    5.39521    7.71029  234.73854     0.0918     0.1311      3.992    26.4609    26.4102   1206.571    17.0838    36.2590 5.5318e-09        0.6 5.4112e-08       0.13 0.0000e+00
   1216.000   1205.583    17.2937   4.716887     0.5217    -0.0846    55.2620     -0.969 1.0000e-12    5.39520    7.71028  234.73815     0.0904     0.1292      3.935    26.4610    26.4104   1205.583    17.0839    36.2592 -3.495e-09       -0.3 -3.419e-08      -0.11 0.0000e+00
   1215.000   1204.594    17.2936   4.716806     0.5215    -0.1045    55.2620     -0.798 1.0000e-12    5.39522    7.71031  234.73906     0.0900     0.1286      3.915    26.4608    26.4102   1204.594    17.0840    36.2590 -1.470e-09       -0.1 -1.438e-08      -0.07 0.0000e+00
   1214.000   1203.606    17.2935   4.716759     0.5215    -0.1003    55.2620     -0.573 1.0000e-12    5.39523    7.71032  234.73944     0.0898     0.1284      3.909    26.4608    26.4103   1203.606    17.0841    36.2590 3.4916e-09        0.3 3.4155e-08       0.11 0.0000e+00
   1213.000   1202.617    17.2934   4.716687     0.5220    -0.1055    55.2620     -0.595 1.0000e-12    5.39524    7.71035  234.74026     0.0914     0.1307      3.977    26.4607    26.4101   1202.617    17.0842    36.2588 -2.874e-09       -0.3 -2.812e-08      -0.10 0.0000e+00
   1212.000   1201.628    17.2933   4.716670     0.5215    -0.1097    55.2620     -0.840 1.0000e-12    5.39525    7.71035  234.74027     0.0898     0.1283      3.906    26.4609    26.4104   1201.629    17.0842    36.2591 -3.829e-09       -0.4 -3.745e-08      -0.11 0.0000e+00
   1211.000   1200.640    17.2931   4.716637     0.5218    -0.1131    55.2620     -0.595 1.0000e-12    5.39526    7.71036  234.74076     0.0908     0.1297      3.951    26.4611    26.4106   1200.640    17.0842    36.2594 -2.048e-09       -0.2 -2.004e-08      -0.08 0.0000e+00
   1210.000   1199.651    17.2930   4.716564     0.5217    -0.1029    55.2620     -0.616 1.0000e-12    5.39527    7.71038  234.74126     0.0904     0.1291      3.932    26.4610    26.4105   1199.651    17.0843    36.2592 -5.649e-09       -0.6 -5.526e-08      -0.13 0.0000e+00
