CTD_data/C224_1.cnv
* Sea-Bird SBE 25 Data File:
* FileName = C:\CTD_Data\C224\C224_1.hex
* Software Version Seasave V 7.19
* Temperature SN = 4430
* Conductivity SN = 3138
* System UpLoad Time = Nov 14 2015 21:47:33
** Ship: Gines
** Station: Cariaco
** Operator: alberto rosales
** Latitude:
** Longitude:
** 1er Perfil
# nquan = 25                                
# nvalues = 797                         
# units = specified
# name 0 = prSM: Pressure, Strain Gauge [db]
# name 1 = depSM: Depth [salt water, m], lat = 10.50
# name 2 = t090C: Temperature [ITS-90, deg C]
# name 3 = c0S/m: Conductivity [S/m]
# name 4 = sbeox0V: Oxygen raw, SBE 43 [V]
# name 5 = flECO-AFL: Fluorescence, WET Labs ECO-AFL/FL [mg/m^3]
# name 6 = bat: Beam Attenuation, Chelsea/Seatech [1/m]
# name 7 = dz/dtM: Descent Rate [m/s]
# name 8 = par: PAR/Irradiance, Biospherical/Licor
# name 9 = oxsatML/L: Oxygen Saturation, Weiss [ml/l]
# name 10 = oxsatMg/L: Oxygen Saturation, Weiss [mg/l]
# name 11 = oxsatMm/Kg: Oxygen Saturation, Weiss [umol/kg]
# name 12 = sbeox0ML/L: Oxygen, SBE 43 [ml/l], WS = 2
# name 13 = sbeox0Mg/L: Oxygen, SBE 43 [mg/l], WS = 2
# name 14 = sbeox0Mm/Kg: Oxygen, SBE 43 [umol/kg], WS = 2
# name 15 = sigma-é00: Density [sigma-theta, kg/m^3]
# name 16 = sigma-t00: Density [sigma-t, kg/m^3 ]
# name 17 = depSM: Depth [salt water, m], lat = 10.5
# name 18 = potemp090C: Potential Temperature [ITS-90, deg C]
# name 19 = sal00: Salinity, Practical [PSU]
# name 20 = E: stability, E [rad^2/m]
# name 21 = E10^-8: stability, E [10^-8 rad^2/m]
# name 22 = N^2: buoyancy frequency, N^2 [rad^2/s^2]
# name 23 = N: buoyancy frequency, N [cycles/h]
# name 24 = flag: flag
# span 0 =      2.000,    402.000       
# span 1 =      1.989,    399.333       
# span 2 =    17.5509,    26.1199       
# span 3 =   4.717073,   5.676105       
# span 4 =     0.5214,     2.5591       
# span 5 =    -0.2767,     0.5447       
# span 6 =     0.0322,     0.1589       
# span 7 =     -1.870,      1.598       
# span 8 = 1.0000e-12, 1.0000e-12       
# span 9 =    4.58960,    5.36613       
# span 10 =    6.55899,    7.66874      
# span 11 =  200.09344,  233.48223      
# span 12 =     0.0794,     4.3899      
# span 13 =     0.1134,     6.2736      
# span 14 =      3.454,    191.384      
# span 15 =    24.3784,    26.4227      
# span 16 =    24.3771,    26.4059      
# span 17 =      1.989,    399.333      
# span 18 =    17.4821,    26.1158      
# span 19 =    36.3347,    36.9492      
# span 20 = -2.248e-07, 4.8102e-05      
# span 21 =      -22.5,     4810.2      
# span 22 = -2.199e-06, 4.7054e-04      
# span 23 =      -0.85,      12.43      
# span 24 = 0.0000e+00, 0.0000e+00      
# interval = decibars: 1                
# start_time = Nov 14 2015 21:47:33 [System UpLoad Time]
# bad_flag = -9.990e-29
*END*
[from data line 696]
    102.000    101.397    22.9537   5.348248     1.9287     0.0316     0.0544     -0.535 1.0000e-12    4.84257    6.92051  210.90780     3.2459     4.6388    141.369    25.4197    25.4136    101.397    22.9327    36.9326 2.2145e-05     2214.5 2.1662e-04       8.43 0.0000e+00
    101.000    100.403    23.0955   5.364092     1.9558     0.0438     0.0557     -0.739 1.0000e-12    4.83042    6.90316  210.38684     3.2990     4.7146    143.686    25.3816    25.3755    100.403    23.0746    36.9367 2.0682e-05     2068.2 2.0231e-04       8.15 0.0000e+00
    100.000     99.410    23.0980   5.365015     1.9819    -0.0301     0.0581     -0.263 1.0000e-12    4.83006    6.90264  210.37040     3.3571     4.7976    146.216    25.3849    25.3789     99.409    23.0774    36.9421 1.8341e-05     1834.1 1.7941e-04       7.67 0.0000e+00
     99.000     98.416    23.2356   5.379981     1.9874     0.0453     0.0610     -0.876 1.0000e-12    4.81843    6.88601  209.87154     3.3612     4.8035    146.401    25.3452    25.3392     98.415    23.2151    36.9429 1.5049e-05     1504.9 1.4721e-04       6.95 0.0000e+00
     98.000     97.421    23.2322   5.379337     1.9847     0.0659     0.0680     -0.313 1.0000e-12    4.81876    6.88649  209.88629     3.3552     4.7949    146.138    25.3448    25.3389     97.421    23.2119    36.9411 1.1777e-05     1177.7 1.1520e-04       6.15 0.0000e+00
     97.000     96.427    23.2907   5.386474     1.9801     0.1499     0.0815     -0.595 1.0000e-12    4.81366    6.87921  209.66678     3.3409     4.7745    145.518    25.3326    25.3266     96.428    23.2706    36.9476 9.7900e-06      979.0 9.5766e-05       5.61 0.0000e+00
     96.000     95.433    23.3259   5.390438     1.9807     0.1326     0.0825     -1.117 1.0000e-12    4.81066    6.87492  209.53794     3.3399     4.7731    145.476    25.3233    25.3174     95.434    23.3059    36.9490 7.4199e-06      742.0 7.2582e-05       4.88 0.0000e+00
     95.000     94.440    23.3261   5.390065     1.9970     0.0522     0.0860     -0.496 1.0000e-12    4.81072    6.87501  209.54112     3.3762     4.8249    147.056    25.3211    25.3153     94.440    23.3063    36.9463 6.4686e-06      646.9 6.3276e-05       4.56 0.0000e+00
     94.000     93.446    23.3335   5.390895     1.9959     0.1109     0.0924     -0.430 1.0000e-12    4.81009    6.87409  209.51373     3.3728     4.8200    146.907    25.3193    25.3136     93.446    23.3140    36.9469 5.2030e-06      520.3 5.0896e-05       4.09 0.0000e+00
     93.000     92.452    23.3527   5.393012     1.9943    -0.0137     0.0999     -1.036 1.0000e-12    4.80846    6.87177  209.44383     3.3677     4.8128    146.688    25.3141    25.3084     92.452    23.3334    36.9475 5.2985e-06      529.9 5.1830e-05       4.12 0.0000e+00
     92.000     91.458    23.3697   5.394611     1.9920     0.0895     0.1148     -1.078 1.0000e-12    4.80708    6.86979  209.38500     3.3613     4.8036    146.410    25.3078    25.3022     91.458    23.3505    36.9459 5.0316e-06      503.2 4.9219e-05       4.02 0.0000e+00
     91.000     90.465    23.3687   5.394495     1.9796     0.0268     0.1453      0.055 1.0000e-12    4.80715    6.86990  209.38810     3.3332     4.7635    145.188    25.3083    25.3027     90.464    23.3498    36.9462 5.0230e-06      502.3 4.9135e-05       4.02 0.0000e+00
     90.000     89.470    23.4001   5.398020     1.9800     0.0567     0.1589     -0.885 1.0000e-12    4.80449    6.86609  209.27375     3.3320     4.7618    145.136    25.3000    25.2945     89.470    23.3813    36.9475 5.4623e-06      546.2 5.3432e-05       4.19 0.0000e+00
     89.000     88.477    23.4418   5.402357     1.9797     0.1224     0.1539     -1.305 1.0000e-12    4.80103    6.86115  209.12579     3.3285     4.7568    144.986    25.2868    25.2813     88.476    23.4232    36.9464 5.7470e-06      574.7 5.6217e-05       4.30 0.0000e+00
     88.000     87.483    23.4454   5.402443     1.9834    -0.0346     0.1470     -0.900 1.0000e-12    4.80078    6.86080  209.11563     3.3363     4.7679    145.323    25.2842    25.2787     87.483    23.4270    36.9444 5.6702e-06      567.0 5.5466e-05       4.27 0.0000e+00
     87.000     86.489    23.4553   5.403380     1.9923     0.0207     0.1265     -0.109 1.0000e-12    4.79997    6.85964  209.08110     3.3552     4.7949    146.149    25.2806    25.2753     86.489    23.4371    36.9436 5.8128e-06      581.3 5.6861e-05       4.32 0.0000e+00
     86.000     85.495    23.4666   5.404470     1.9910     0.0505     0.1145     -0.896 1.0000e-12    4.79905    6.85833  209.04182     3.3514     4.7894    145.982    25.2767    25.2714     85.495    23.4486    36.9429 6.3495e-06      635.0 6.2111e-05       4.52 0.0000e+00
     85.000     84.501    23.4976   5.407649     1.9904     0.0006     0.1132     -1.411 1.0000e-12    4.79650    6.85467  208.93240     3.3478     4.7844    145.829    25.2667    25.2615     84.501    23.4798    36.9418 6.1978e-06      619.8 6.0627e-05       4.46 0.0000e+00
     84.000     83.507    23.5063   5.408086     2.0012    -0.0135     0.0956     -0.889 1.0000e-12    4.79586    6.85377  208.90594     3.3711     4.8177    146.844    25.2614    25.2562     83.507    23.4887    36.9383 5.7478e-06      574.8 5.6225e-05       4.30 0.0000e+00
     83.000     82.513    23.5165   5.409391     2.0210     0.1794     0.0860     -0.096 1.0000e-12    4.79496    6.85248  208.86716     3.4144     4.8796    148.731    25.2597    25.2546     82.513    23.4991    36.9401 5.5867e-06      558.7 5.4649e-05       4.24 0.0000e+00
     82.000     81.519    23.5464   5.412298     2.0192     0.0243     0.0869     -0.975 1.0000e-12    4.79253    6.84901  208.76346     3.4083     4.8708    148.467    25.2491    25.2440     81.519    23.5292    36.9379 5.2449e-06      524.5 5.1306e-05       4.10 0.0000e+00
     81.000     80.525    23.5877   5.416396     2.0178     0.0312     0.0880     -1.578 1.0000e-12    4.78916    6.84419  208.61951     3.4026     4.8626    148.219    25.2349    25.2298     80.525    23.5707    36.9352 4.6118e-06      461.2 4.5113e-05       3.85 0.0000e+00
     80.000     79.531    23.5863   5.416185     2.0301     0.0645     0.0830     -1.097 1.0000e-12    4.78928    6.84436  208.62471     3.4295     4.9010    149.390    25.2351    25.2302     79.531    23.5695    36.9351 3.7502e-06      375.0 3.6685e-05       3.47 0.0000e+00
     79.000     78.537    23.5816   5.415742     2.0467    -0.0250     0.0807     -0.255 1.0000e-12    4.78965    6.84489  208.64027     3.4664     4.9538    150.998    25.2371    25.2322     78.537    23.5651    36.9360 3.0675e-06      306.8 3.0007e-05       3.14 0.0000e+00
     78.000     77.543    23.5927   5.416917     2.0498     0.2053     0.0652     -0.840 1.0000e-12    4.78872    6.84357  208.60062     3.4723     4.9623    151.256    25.2338    25.2290     77.543    23.5764    36.9361 2.4000e-06      240.0 2.3477e-05       2.78 0.0000e+00
     77.000     76.549    23.6052   5.418297     2.0500     0.1578     0.0649     -1.034 1.0000e-12    4.78767    6.84206  208.55541     3.4715     4.9611    151.222    25.2305    25.2257     76.549    23.5891    36.9366 1.5439e-06      154.4 1.5103e-05       2.23 0.0000e+00
     76.000     75.555    23.6034   5.417997     2.0557     0.0891     0.0621     -0.695 1.0000e-12    4.78783    6.84229  208.56249     3.4839     4.9788    151.760    25.2306    25.2259     75.555    23.5875    36.9361 1.1047e-06      110.5 1.0806e-05       1.88 0.0000e+00
     75.000     74.561    23.6048   5.418147     2.0630     0.1112     0.0604     -0.438 1.0000e-12    4.78771    6.84212  208.55719     3.4996     5.0013    152.448    25.2304    25.2257     74.561    23.5891    36.9365 1.3415e-06      134.1 1.3123e-05       2.08 0.0000e+00
     74.000     73.568    23.6075   5.418339     2.0652     0.1390     0.0605     -0.881 1.0000e-12    4.78750    6.84181  208.54817     3.5040     5.0076    152.639    25.2292    25.2246     73.567    23.5920    36.9360 1.4320e-06      143.2 1.4008e-05       2.14 0.0000e+00
     73.000     72.574    23.6124   5.418819     2.0670     0.0981     0.0591     -0.701 1.0000e-12    4.78709    6.84123  208.53070     3.5072     5.0121    152.776    25.2276    25.2231     72.573    23.5971    36.9360 1.5313e-06      153.1 1.4979e-05       2.22 0.0000e+00
     72.000     71.579    23.6140   5.418962     2.0721     0.0610     0.0590     -0.294 1.0000e-12    4.78695    6.84104  208.52486     3.5181     5.0277    153.253    25.2272    25.2227     71.579    23.5989    36.9361 1.6980e-06      169.8 1.6609e-05       2.34 0.0000e+00
     71.000     70.585    23.6223   5.419701     2.0739     0.1445     0.0591     -0.835 1.0000e-12    4.78629    6.84008  208.49648     3.5212     5.0322    153.390    25.2240    25.2196     70.585    23.6074    36.9352 2.0869e-06      208.7 2.0414e-05       2.59 0.0000e+00
     70.000     69.591    23.6298   5.420345     2.0756     0.2522     0.0593     -1.166 1.0000e-12    4.78570    6.83923  208.47126     3.5241     5.0363    153.513    25.2210    25.2166     69.591    23.6151    36.9342 2.2404e-06      224.0 2.1916e-05       2.68 0.0000e+00
     69.000     68.598    23.6285   5.420138     2.0797     0.2110     0.0604     -0.450 1.0000e-12    4.78580    6.83939  208.47590     3.5328     5.0487    153.892    25.2212    25.2169     68.597    23.6140    36.9340 2.9154e-06      291.5 2.8518e-05       3.06 0.0000e+00
     68.000     67.604    23.6399   5.420986     2.0802     0.2552     0.0615     -0.508 1.0000e-12    4.78493    6.83814  208.43902     3.5331     5.0491    153.906    25.2157    25.2115     67.603    23.6256    36.9314 3.4389e-06      343.9 3.3640e-05       3.32 0.0000e+00
     67.000     66.609    23.6450   5.421443     2.0779     0.1848     0.0618     -1.048 1.0000e-12    4.78451    6.83755  208.42134     3.5271     5.0406    153.648    25.2138    25.2097     66.609    23.6309    36.9310 4.3994e-06      439.9 4.3035e-05       3.76 0.0000e+00
     66.000     65.616    23.6566   5.422420     2.0791     0.2066     0.0618     -1.227 1.0000e-12    4.78360    6.83625  208.38269     3.5288     5.0430    153.722    25.2089    25.2048     65.615    23.6427    36.9291 4.8782e-06      487.8 4.7718e-05       3.96 0.0000e+00
     65.000     64.622    23.6558   5.422400     2.0837     0.1281     0.0646     -0.508 1.0000e-12    4.78365    6.83631  208.38447     3.5385     5.0569    154.144    25.2098    25.2057     64.621    23.6422    36.9300 5.7683e-06      576.8 5.6426e-05       4.30 0.0000e+00
     64.000     63.628    23.7025   5.427125     2.0807     0.1546     0.0657     -0.489 1.0000e-12    4.77984    6.83087  208.22165     3.5289     5.0431    153.727    25.1941    25.1901     63.627    23.6890    36.9277 6.3614e-06      636.1 6.2227e-05       4.52 0.0000e+00
     63.000     62.633    23.7149   5.428667     2.0807     0.1310     0.0647     -1.095 1.0000e-12    4.77876    6.82932  208.17500     3.5276     5.0413    153.671    25.1918    25.1878     62.633    23.7017    36.9295 6.5160e-06      651.6 6.3740e-05       4.57 0.0000e+00
     62.000     61.639    23.7543   5.432265     2.0794     0.1984     0.0661     -1.188 1.0000e-12    4.77563    6.82486  208.04202     3.5221     5.0334    153.434    25.1763    25.1724     61.639    23.7412    36.9246 6.5090e-06      650.9 6.3671e-05       4.57 0.0000e+00
     61.000     60.645    23.7533   5.432249     2.0793     0.2125     0.0736     -0.339 1.0000e-12    4.77568    6.82493  208.04405     3.5216     5.0327    153.411    25.1773    25.1735     60.645    23.7405    36.9257 6.8754e-06      687.5 6.7255e-05       4.70 0.0000e+00
     60.000     59.651    23.7961   5.436425     2.0797     0.1473     0.0726     -0.664 1.0000e-12    4.77223    6.82000  207.89688     3.5196     5.0299    153.328    25.1621    25.1583     59.651    23.7835    36.9223 7.4481e-06      744.8 7.2857e-05       4.89 0.0000e+00
     59.000     58.657    23.8073   5.437809     2.0793     0.1592     0.0730     -1.236 1.0000e-12    4.77126    6.81861  207.85507     3.5177     5.0271    153.243    25.1599    25.1562     58.657    23.7949    36.9240 7.7723e-06      777.2 7.6029e-05       5.00 0.0000e+00
     58.000     57.663    23.8112   5.437961     2.0800     0.2277     0.0718     -1.075 1.0000e-12    4.77099    6.81822  207.84354     3.5185     5.0283    153.280    25.1574    25.1537     57.663    23.7990    36.9222 8.2156e-06      821.6 8.0365e-05       5.14 0.0000e+00
     57.000     56.669    23.8222   5.439232     2.0843     0.2307     0.0720     -0.541 1.0000e-12    4.77005    6.81689  207.80342     3.5270     5.0404    153.650    25.1547    25.1511     56.669    23.8102    36.9231 7.9146e-06      791.5 7.7421e-05       5.04 0.0000e+00
     56.000     55.675    23.8754   5.444547     2.0907     0.1774     0.0737     -0.680 1.0000e-12    4.76576    6.81074  207.61979     3.5377     5.0557    154.118    25.1364    25.1328     55.675    23.8636    36.9199 7.9764e-06      797.6 7.8025e-05       5.06 0.0000e+00
     55.000     54.681    23.9142   5.448278     2.0954     0.1424     0.0751     -0.903 1.0000e-12    4.76265    6.80630  207.48741     3.5455     5.0669    154.462    25.1222    25.1187     54.681    23.9026    36.9165 7.3430e-06      734.3 7.1829e-05       4.86 0.0000e+00
     54.000     53.687    23.9472   5.451325     2.0945     0.1504     0.0815     -0.859 1.0000e-12    4.76004    6.80257  207.37629     3.5413     5.0608    154.278    25.1094    25.1060     53.687    23.9358    36.9127 6.8987e-06      689.9 6.7483e-05       4.71 0.0000e+00
     53.000     52.693    23.9577   5.452284     2.0905     0.2656     0.0808     -0.900 1.0000e-12    4.75921    6.80138  207.34077     3.5314     5.0467    153.848    25.1054    25.1021     52.693    23.9465    36.9116 5.9789e-06      597.9 5.8486e-05       4.38 0.0000e+00
     52.000     51.699    23.9520   5.451645     2.1023     0.2209     0.0798     -0.530 1.0000e-12    4.75967    6.80204  207.36042     3.5574     5.0840    154.984    25.1072    25.1039     51.699    23.9410    36.9118 4.9233e-06      492.3 4.8160e-05       3.98 0.0000e+00
     51.000     50.705    23.9691   5.453216     2.1084     0.2421     0.0800     -0.396 1.0000e-12    4.75831    6.80010  207.30275     3.5694     5.1011    155.508    25.1006    25.0974     50.705    23.9583    36.9100 3.5755e-06      357.5 3.4975e-05       3.39 0.0000e+00
     50.000     49.711    23.9708   5.453316     2.1119     0.3036     0.0802     -1.106 1.0000e-12    4.75818    6.79992  207.29724     3.5766     5.1114    155.822    25.0998    25.0966     49.711    23.9602    36.9097 2.7522e-06      275.2 2.6922e-05       2.97 0.0000e+00
     49.000     48.717    23.9741   5.453584     2.1165     0.2485     0.0806     -1.416 1.0000e-12    4.75792    6.79955  207.28621     3.5861     5.1249    156.235    25.0985    25.0954     48.716    23.9637    36.9093 2.6187e-06      261.9 2.5617e-05       2.90 0.0000e+00
     48.000     47.723    23.9732   5.453493     2.1241     0.1876     0.0811     -0.737 1.0000e-12    4.75798    6.79964  207.28881     3.6026     5.1485    156.954    25.0990    25.0960     47.722    23.9630    36.9097 2.9552e-06      295.5 2.8907e-05       3.08 0.0000e+00
     47.000     46.728    23.9888   5.454927     2.1319     0.1547     0.0821     -0.465 1.0000e-12    4.75674    6.79786  207.23606     3.6184     5.1711    157.643    25.0930    25.0900     46.728    23.9788    36.9080 3.2796e-06      328.0 3.2081e-05       3.25 0.0000e+00
     46.000     45.734    23.9959   5.455490     2.1295     0.1873     0.0838     -0.865 1.0000e-12    4.75620    6.79708  207.21287     3.6124     5.1625    157.381    25.0899    25.0870     45.734    23.9862    36.9068 3.2337e-06      323.4 3.1633e-05       3.22 0.0000e+00
